==============================
colrel_Epsilons
P3->P4
[[0.0, 0.0, 0.0, 0.0, 0.0, 0.0, 0.0, 0.0, 0.0, 0.0, 0.0, 0.0, 0.0, 0.0, 0.0, 0.0, 0.0, 0.0, 0.0, 0.0, 0.0, 0.0, 0.0, 0.0, 0.0, 0.0, 0.0, 0.0, 0.0, 0.0, 0.0, 0.0, 0.0, 0.0, 0.0, 0.0, 0.0, 0.0, 0.0, 0.0, 0.0, 0.0, 0.0, 0.0, 0.0]]
P3->P5
[[0.0, 0.0, 0.0, 0.0, 0.0, 0.0, 0.0, 0.0, 0.0, 0.0, 0.0, 0.0, 0.0, 0.0, 0.0, 0.0, 0.0, 0.0, 0.0, 0.0, 0.0, 0.0, 0.0, 0.0, 0.0, 0.0, 0.0, 0.0, 0.0, 0.0, 0.0, 0.0, 0.0, 0.0, 0.0, 0.0, 0.0, 0.0, 0.0, 0.0, 0.0, 0.0, 0.0, 0.0, 0.0]]
P1->P4
[[0.0, 0.0, 0.0, 0.0, 0.0, 0.0, 0.0, 0.0, 0.0, 0.0, 0.0, 0.0, 0.0, 0.0, 0.0, 0.0, 0.0, 0.0, 0.0, 0.0, 0.0, 0.0, 0.0, 0.0, 0.0, 0.0, 0.0, 0.0, 0.0, 0.0, 0.0, 0.0, 0.0, 0.0, 0.0, 0.0, 0.0, 0.0, 0.0, 0.0, 0.0, 0.0, 0.0, 0.0, 0.0]]
P4->P5
[[0.0, 0.0, 0.0, 0.0, 0.0, 0.0, 0.0, 0.0, 0.0, 0.0, 0.0, 0.0, 0.0, 0.0, 0.0, 0.0, 0.0, 0.0, 0.0, 0.0, 0.0, 0.0, 0.0, 0.0, 0.0, 0.0, 0.0, 0.0, 0.0, 0.0, 0.0, 0.0, 0.0, 0.0, 0.0, 0.0, 0.0, 0.0, 0.0, 0.0, 0.0, 0.0, 0.0, 0.0, 0.0]]
P5->W3
[[0.0, 0.0, 0.0, 0.0, 0.0, 0.0, 0.0, 0.0, 0.0, 0.0, 0.0, 0.0, 0.0, 0.0, 0.0, 0.0, 0.0, 0.0, 0.0, 0.0, 0.0, 0.0, 0.0, 0.0, 0.0, 0.0, 0.0, 0.0, 0.0, 0.0, 0.0, 0.0, 0.0, 0.0, 0.0, 0.0, 0.0, 0.0, 0.0, 0.0, 0.0, 0.0, 0.0, 0.0, 0.0]]
P2->W3
[[0.0, 0.0, 0.0, 0.0, 0.0, 0.0, 0.0, 0.0, 0.0, 0.0, 0.0, 0.0, 0.0, 0.0, 0.0, 0.0, 0.0, 0.0, 0.0, 0.0, 0.0, 0.0, 0.0, 0.0, 0.0, 0.0, 0.0, 0.0, 0.0, 0.0, 0.0, 0.0, 0.0, 0.0, 0.0, 0.0, 0.0, 0.0, 0.0, 0.0, 0.0, 0.0, 0.0, 0.0, 0.0]]
P1->P2
[[0.0, 0.0, 0.0, 0.0, 0.0, 0.0, 0.0, 0.0, 0.0, 0.0, 0.0, 0.0, 0.0, 0.0, 0.0, 0.0, 0.0, 0.0, 0.0, 0.0, 0.0, 0.0, 0.0, 0.0, 0.0, 0.0, 0.0, 0.0, 0.0, 0.0, 0.0, 0.0, 0.0, 0.0, 0.0, 0.0, 0.0, 0.0, 0.0, 0.0, 0.0, 0.0, 0.0, 0.0, 0.0]]
P1->P3
[[0.0, 0.0, 0.0, 0.0, 0.0, 0.0, 0.0, 0.0, 0.0, 0.0, 0.0, 0.0, 0.0, 0.0, 0.0, 0.0, 0.0, 0.0, 0.0, 0.0, 0.0, 0.0, 0.0, 0.0, 0.0, 0.0, 0.0, 0.0, 0.0, 0.0, 0.0, 0.0, 0.0, 0.0, 0.0, 0.0, 0.0, 0.0, 0.0, 0.0, 0.0, 0.0, 0.0, 0.0, 0.0]]
P2->P3
[[0.0, 0.0, 0.0, 0.0, 0.0, 0.0, 0.0, 0.0, 0.0, 0.0, 0.0, 0.0, 0.0, 0.0, 0.0, 0.0, 0.0, 0.0, 0.0, 0.0, 0.0, 0.0, 0.0, 0.0, 0.0, 0.0, 0.0, 0.0, 0.0, 0.0, 0.0, 0.0, 0.0, 0.0, 0.0, 0.0, 0.0, 0.0, 0.0, 0.0, 0.0, 0.0, 0.0, 0.0, 0.0]]
P1->W3
[[0.0, 0.0, 0.0, 0.0, 0.0, 0.0, 0.0, 0.0, 0.0, 0.0, 0.0, 0.0, 0.0, 0.0, 0.0, 0.0, 0.0, 0.0, 0.0, 0.0, 0.0, 0.0, 0.0, 0.0, 0.0, 0.0, 0.0, 0.0, 0.0, 0.0, 0.0, 0.0, 0.0, 0.0, 0.0, 0.0, 0.0, 0.0, 0.0, 0.0, 0.0, 0.0, 0.0, 0.0, 0.0]]
P2->P4
[[0.0, 0.0, 0.0, 0.0, 0.0, 0.0, 0.0, 0.0, 0.0, 0.0, 0.0, 0.0, 0.0, 0.0, 0.0, 0.0, 0.0, 0.0, 0.0, 0.0, 0.0, 0.0, 0.0, 0.0, 0.0, 0.0, 0.0, 0.0, 0.0, 0.0, 0.0, 0.0, 0.0, 0.0, 0.0, 0.0, 0.0, 0.0, 0.0, 0.0, 0.0, 0.0, 0.0, 0.0, 0.0]]
P3->W3
[[0.0, 0.0, 0.0, 0.0, 0.0, 0.0, 0.0, 0.0, 0.0, 0.0, 0.0, 0.0, 0.0, 0.0, 0.0, 0.0, 0.0, 0.0, 0.0, 0.0, 0.0, 0.0, 0.0, 0.0, 0.0, 0.0, 0.0, 0.0, 0.0, 0.0, 0.0, 0.0, 0.0, 0.0, 0.0, 0.0, 0.0, 0.0, 0.0, 0.0, 0.0, 0.0, 0.0, 0.0, 0.0]]
P1->P5
[[0.0, 0.0, 0.0, 0.0, 0.0, 0.0, 0.0, 0.0, 0.0, 0.0, 0.0, 0.0, 0.0, 0.0, 0.0, 0.0, 0.0, 0.0, 0.0, 0.0, 0.0, 0.0, 0.0, 0.0, 0.0, 0.0, 0.0, 0.0, 0.0, 0.0, 0.0, 0.0, 0.0, 0.0, 0.0, 0.0, 0.0, 0.0, 0.0, 0.0, 0.0, 0.0, 0.0, 0.0, 0.0]]
P2->P5
[[0.0, 0.0, 0.0, 0.0, 0.0, 0.0, 0.0, 0.0, 0.0, 0.0, 0.0, 0.0, 0.0, 0.0, 0.0, 0.0, 0.0, 0.0, 0.0, 0.0, 0.0, 0.0, 0.0, 0.0, 0.0, 0.0, 0.0, 0.0, 0.0, 0.0, 0.0, 0.0, 0.0, 0.0, 0.0, 0.0, 0.0, 0.0, 0.0, 0.0, 0.0, 0.0, 0.0, 0.0, 0.0]]
P4->W3
[[0.0, 0.0, 0.0, 0.0, 0.0, 0.0, 0.0, 0.0, 0.0, 0.0, 0.0, 0.0, 0.0, 0.0, 0.0, 0.0, 0.0, 0.0, 0.0, 0.0, 0.0, 0.0, 0.0, 0.0, 0.0, 0.0, 0.0, 0.0, 0.0, 0.0, 0.0, 0.0, 0.0, 0.0, 0.0, 0.0, 0.0, 0.0, 0.0, 0.0, 0.0, 0.0, 0.0, 0.0, 0.0]]
==============================
B13_Energy_1
P3->P4
[[0.0, 0.0, 0.0, 0.0, 0.0, 0.0, 0.0, 0.0, 0.0, 0.0, 0.0, 0.0, 0.0, 0.0, 0.0, 0.0, 0.0, 0.0, 0.0, 0.0, 0.0, 0.0, 0.0, 0.0, 0.0, 0.0, 0.0, 0.0, 0.0, 0.0, 0.0, 0.0, 0.0, 0.0, 0.0, 0.0, 0.0, 0.0, 0.0, 0.0, 0.0, 0.0, 0.0, 0.0, 0.0]]
P3->P5
[[0.0, 0.0, 0.0, 0.0, 0.0, 0.0, 0.0, 0.0, 0.0, 0.0, 0.0, 0.0, 0.0, 0.0, 0.0, 0.0, 0.0, 0.0, 0.0, 0.0, 0.0, 0.0, 0.0, 0.0, 0.0, 0.0, 0.0, 0.0, 0.0, 0.0, 0.0, 0.0, 0.0, 0.0, 0.0, 0.0, 0.0, 0.0, 0.0, 0.0, 0.0, 0.0, 0.0, 0.0, 0.0]]
P1->P4
[[0.0, 0.0, 0.0, 0.0, 0.0, 0.0, 0.0, 0.0, 0.0, 0.0, 0.0, 0.0, 0.0, 0.0, 0.0, 0.0, 0.0, 0.0, 0.0, 0.0, 0.0, 0.0, 0.0, 0.0, 0.0, 0.0, 0.0, 0.0, 0.0, 0.0, 0.0, 0.0, 0.0, 0.0, 0.0, 0.0, 0.0, 0.0, 0.0, 0.0, 0.0, 0.0, 0.0, 0.0, 0.0]]
P4->P5
[[0.0, 0.0, 0.0, 0.0, 0.0, 0.0, 0.0, 0.0, 0.0, 0.0, 0.0, 0.0, 0.0, 0.0, 0.0, 0.0, 0.0, 0.0, 0.0, 0.0, 0.0, 0.0, 0.0, 0.0, 0.0, 0.0, 0.0, 0.0, 0.0, 0.0, 0.0, 0.0, 0.0, 0.0, 0.0, 0.0, 0.0, 0.0, 0.0, 0.0, 0.0, 0.0, 0.0, 0.0, 0.0]]
P5->W3
[[-9.767262217479315e-08, 4.50743710660118e-16, -3.322029168331094e-16, 1.9469044728510556e-07, -7.394395003001414e-16, 5.388893975310132e-16, -1.9353624668694238e-07, 7.132522715313829e-16, -5.287996466407206e-16, 1.921936291104634e-07, -4.480426041426321e-16, 2.9927092170437e-16, -1.8970379616348047e-07, 3.2860848681613294e-16, -1.9840560464038166e-16, 1.8365515187836637e-07, -2.481293718713383e-16, 1.5766555268719802e-16, -1.7019186866656156e-07, 3.0474794360111246e-16, -1.761931365319538e-16, 1.4573069344706404e-07, -3.4165536825671414e-16, 2.199930541531737e-16, -1.1099280135122912e-07, 2.3108680957435645e-16, -1.0680938772875548e-16, 7.041577956614562e-08, -2.004459457770678e-16, 1.1715818569732022e-16, -3.244810967870504e-08, 1.513216973919607e-16, -9.515068133870619e-17, 6.137977549938178e-09, -4.7367010256543664e-17, 1.629094450160976e-17, 5.2265364072338025e-09, -2.1571365580392787e-17, -1.396001426786051e-17, -5.353083039281944e-09, 2.6335883150063752e-17, 1.3919567886942077e-17, 1.2481923894055193e-09, -3.872833313380559e-17, 1.627323235566485e-17]]
P2->W3
[[-0.0007685640404610626, 3.301221542862836e-16, 2.3847992443467012e-16, 0.000688650537073558, -2.4855734980520303e-15, 1.2736948358860209e-15, -3.0693657638975976e-05, 3.026473640393975e-15, -1.525665038471051e-15, -5.381488535352357e-06, -3.186496675720325e-15, 1.81087584539658e-15, 5.476681523049117e-05, 3.32936481245283e-15, -1.8836713961407168e-15, 7.291770243497369e-05, -2.801222301982615e-15, 1.6015327783714084e-15, 2.9208132889138267e-05, 2.594674958279599e-15, -1.4431062719469397e-15, -9.7128946477801e-06, -2.184146992424216e-15, 1.3670297216431315e-15, -2.1022743066782146e-05, 1.80515755049235e-15, -1.0579095238464725e-15, -2.347687806296311e-05, -1.4783805554177741e-15, 8.462643168480142e-16, -9.296892611531776e-06, 1.3011298806039274e-15, -6.737111016891011e-16, -1.6113496771554346e-05, -1.0276905156239683e-15, 5.374218336262702e-16, 4.313487326417679e-06, 9.486608547156872e-16, -5.842936673667586e-16, -6.48323551040692e-06, -6.766371240425761e-16, 4.0724789606431555e-16, 1.2576072201255645e-05, 4.411141871182181e-16, -3.2656509414675995e-16]]
P1->P2
[[0.0, 0.0, 0.0, 0.0, 0.0, 0.0, 0.0, 0.0, 0.0, 0.0, 0.0, 0.0, 0.0, 0.0, 0.0, 0.0, 0.0, 0.0, 0.0, 0.0, 0.0, 0.0, 0.0, 0.0, 0.0, 0.0, 0.0, 0.0, 0.0, 0.0, 0.0, 0.0, 0.0, 0.0, 0.0, 0.0, 0.0, 0.0, 0.0, 0.0, 0.0, 0.0, 0.0, 0.0, 0.0]]
P1->P3
[[0.0, 0.0, 0.0, 0.0, 0.0, 0.0, 0.0, 0.0, 0.0, 0.0, 0.0, 0.0, 0.0, 0.0, 0.0, 0.0, 0.0, 0.0, 0.0, 0.0, 0.0, 0.0, 0.0, 0.0, 0.0, 0.0, 0.0, 0.0, 0.0, 0.0, 0.0, 0.0, 0.0, 0.0, 0.0, 0.0, 0.0, 0.0, 0.0, 0.0, 0.0, 0.0, 0.0, 0.0, 0.0]]
P2->P3
[[-0.0007104757103202512, 5.586682610998646e-16, -1.7488831320200722e-16, 0.0007174450216162233, -2.6552861765778217e-15, 1.7815931485328383e-15, 0.00010157101264794223, 2.436032192251461e-15, -1.2750976281028057e-15, -1.5438214893775873e-05, -2.7053079122860295e-15, 1.635050552136592e-15, -8.369021941585836e-05, 2.4503640369496397e-15, -1.5327031266738373e-15, -4.7704909858145765e-05, -2.8490958042065503e-15, 1.7118491727910583e-15, -1.72597442238678e-05, 2.2071676376715397e-15, -1.167269160552488e-15, 3.084215696505076e-05, -1.7135430777590395e-15, 1.0313724947019733e-15, 4.832160451500646e-05, 1.4156242408857838e-15, -8.296528410053623e-16, 6.024274940876248e-06, -1.3772574478933502e-15, 8.588206808936653e-16, -8.37472468779051e-06, 1.3261630878885878e-15, -8.017878247726004e-16, -4.312695363024604e-05, -1.1048089251125195e-15, 6.485330929656696e-16, 1.401558594291938e-06, 9.616558385618181e-16, -5.451865398683796e-16, -2.837564148957925e-07, -6.871248714803151e-16, 3.1141350505612817e-16, 3.198937299683531e-05, 2.696860607836575e-16, -1.4927165122813337e-16]]
P1->W3
[[1.1002821526903787e-08, -3.904329324732008e-16, 2.685624071730059e-16, -2.0965850219522755e-08, 6.088320604469178e-16, -3.604330252882754e-16, 1.8124942084585448e-08, -6.743927172319963e-16, 4.46441104263631e-16, -1.4537763692158822e-08, 5.133868125892809e-16, -3.241316656899398e-16, 1.0788654427762208e-08, -4.03300907339536e-16, 2.341628694311066e-16, -6.694746262966657e-09, 3.6491060824654013e-16, -1.9568747994575984e-16, 2.357662828464954e-09, -2.72791245199712e-16, 1.4844361366241745e-16, 1.3512625146950974e-09, 2.0555912819282038e-16, -9.729332116253467e-17, -3.8055043934812265e-09, -1.857136453482667e-16, 9.829360859341859e-17, 4.535563161804457e-09, 8.998187942765318e-17, -6.284018435041612e-17, -4.314038610222435e-09, -8.922739921278256e-17, 5.700223592418177e-17, 4.008282630145866e-09, 6.454951502241237e-17, -3.698396545657404e-17, -3.494318700139597e-09, -2.7590303029564436e-17, 1.9973927010151557e-17, 2.500987809592215e-09, 2.9947215749909087e-17, -4.1431533064403855e-19, -1.2404198399497827e-09, -3.6036981941212255e-17, 1.42281399931268e-17]]
P2->P4
[[-0.00013949746936728162, 1.0411544865952021e-15, -7.980775241269236e-16, 0.00015483346428722382, -7.519641285432679e-16, 3.689363572496766e-16, -2.3920572205996488e-05, 1.0948767453782741e-15, -7.6176361203964505e-16, 1.7435840940852535e-05, -6.953985612258724e-16, 2.7806722565940445e-16, -3.3124710951056e-06, 9.004889395921078e-16, -4.275127504263422e-16, -9.2087087763302e-06, -6.055896103195415e-16, 1.2740200657040021e-16, -5.7978162006997e-06, 6.809795297012148e-16, -4.045292021216603e-16, -1.8891278779385981e-06, -5.923582855396229e-16, 3.7167183736721257e-16, 4.098726944099563e-06, 6.394955079563863e-16, -4.425191045039972e-16, 2.187364377730661e-06, -6.54426540548996e-16, 3.539795498438673e-16, 2.070418647470687e-06, 6.8802478993345565e-16, -4.323686452971968e-16, -3.542607823378991e-06, -6.425272081761284e-16, 4.636450923892423e-16, -3.1148725303333544e-07, 4.558758095463075e-16, -2.39608221121612e-16, -2.3415406018165666e-06, -3.137627263690303e-16, 1.0729278899908981e-16, 2.487890113148352e-06, 1.7566775922266402e-16, -5.749823229268626e-17]]
P3->W3
[[2.412627452645483e-07, -6.03107781869172e-16, 2.8677812619439994e-16, -4.5288928464926004e-07, 1.2989283021896303e-15, -6.730663047126276e-16, 3.742588470169367e-07, -1.133029190329726e-15, 5.790452379835697e-16, -2.730803331376088e-07, 1.1449693229965604e-15, -6.561031199031897e-16, 1.774714070490139e-07, -9.32193107554731e-16, 6.256117668340338e-16, -1.044482148494321e-07, 6.0035872021115715e-16, -3.9904535043304544e-16, 5.685791567998066e-08, -5.698411048676563e-16, 3.6550424856758523e-16, -2.8701213842484425e-08, 5.735173990133534e-16, -2.9909196942756134e-16, 1.159003346717439e-08, -4.1472911503549193e-16, 2.318097307710523e-16, -1.6449573194324171e-09, 3.092249217117766e-16, -1.7993824872855584e-16, -2.6358828210222343e-09, -1.04343980667663e-16, 5.223795550259777e-17, 3.089930564000105e-09, -3.658969299052402e-17, 5.686271789135888e-17, -1.8079231444973988e-09, 1.4912320471028318e-16, -1.0081099548872685e-16, 7.990540197061108e-10, -1.020462791710511e-16, 8.698230269741095e-17, -9.108105727122046e-10, 7.283748355782691e-17, -5.670034716262723e-17]]
P1->P5
[[0.0, 0.0, 0.0, 0.0, 0.0, 0.0, 0.0, 0.0, 0.0, 0.0, 0.0, 0.0, 0.0, 0.0, 0.0, 0.0, 0.0, 0.0, 0.0, 0.0, 0.0, 0.0, 0.0, 0.0, 0.0, 0.0, 0.0, 0.0, 0.0, 0.0, 0.0, 0.0, 0.0, 0.0, 0.0, 0.0, 0.0, 0.0, 0.0, 0.0, 0.0, 0.0, 0.0, 0.0, 0.0]]
P2->P5
[[-2.6705579369049846e-05, -3.555161661544593e-16, 3.5551572378096465e-16, 1.9278235386431234e-05, -3.411311918765429e-16, 1.538163547625814e-16, 5.2388520666644e-06, -2.848013866520217e-16, 5.070055966249772e-16, 1.0300910557110894e-06, -5.101054224796395e-16, 2.226633243891548e-16, -4.132302097526445e-07, 2.8997119350316063e-16, -4.9651133193590577e-17, -7.604485542685232e-07, -1.7844518202686065e-16, 1.102511485870951e-16, -6.255036016338408e-07, 2.0914817342851565e-16, -2.9013130182345475e-16, -3.8916999346109923e-07, 4.9267556008820914e-17, -5.132303525758079e-18, -1.926628108569526e-07, -2.783159351639739e-16, 2.480064813082433e-16, -6.127947996767326e-08, 4.73880933775564e-16, -2.7058612470894916e-16, -2.787127780087366e-09, -3.441444265455738e-16, 5.467425612042564e-17, 2.4268254967428342e-08, 3.8627486898169335e-16, -3.093927513126932e-16, 7.500114546229001e-09, -4.0967988601355586e-16, 2.7221751296016374e-16, 1.673754381509269e-08, 2.091660211704712e-16, -9.997415722064283e-18, -7.77789908988401e-09, -1.051441067913593e-16, 2.8893427952320115e-17]]
P4->W3
[[0.0, 0.0, 0.0, 0.0, 0.0, 0.0, 0.0, 0.0, 0.0, 0.0, 0.0, 0.0, 0.0, 0.0, 0.0, 0.0, 0.0, 0.0, 0.0, 0.0, 0.0, 0.0, 0.0, 0.0, 0.0, 0.0, 0.0, 0.0, 0.0, 0.0, 0.0, 0.0, 0.0, 0.0, 0.0, 0.0, 0.0, 0.0, 0.0, 0.0, 0.0, 0.0, 0.0, 0.0, 0.0]]
==============================
colrel_Factor
P3->P4
[[-0.25924799174143826, -5.171945157858166e-13, 3.578099884866092e-13, 0.35481204639313535, 5.127810235550883e-13, -2.751273082533914e-13, -0.055838146776450784, -5.80045163845747e-13, 3.7092488313247914e-13, -0.07875974288464856, 4.2849811690998597e-13, -2.2114067975435296e-13, 0.02551219978774798, -5.487372490783791e-13, 3.5154971559501116e-13, 0.032162005329934046, 5.303259173058154e-13, -2.92104025851229e-13, -0.012277187457540339, -4.343411626621044e-13, 2.333381802286957e-13, -0.01630328716810387, 3.9545441979607563e-13, -2.5321555519905745e-13, 0.006237997419295611, -3.216508967561653e-13, 1.9749634417378353e-13, 0.009730395199556931, 2.466972148880228e-13, -1.4404884379429555e-13, -0.005663695091845816, -2.393008798250962e-13, 1.1388277272074787e-13, -0.0022774347266281934, 2.2095783525442626e-13, -1.3366150666592646e-13, 0.00010545152801260135, -1.75846355999492e-13, 1.1927612906052646e-13, 0.004080297818905919, 1.1174051640143455e-13, -9.578130804923189e-14, -0.0027432442004241718, -6.557458924469884e-14, 4.3382206312184e-14]]
P3->P5
[[-0.00017475278411066601, 2.2831109255409923e-13, -1.9694652921559573e-13, 0.0002066801194552671, 2.361544118513983e-13, -2.322872809733787e-13, -6.612655445684503e-05, -9.284918050343727e-14, 8.100018016838307e-14, -1.770648054262761e-05, 2.0862449673612736e-13, -1.5521558744014694e-13, -9.695484843024288e-06, -7.592796165306802e-14, 3.320209428881607e-14, -6.819378481114081e-06, -3.9510945013630324e-14, 7.875612158457559e-14, -5.06311468562942e-06, -8.542995850044455e-14, 5.47433376502421e-14, -1.0621950496261519e-05, 5.474032433840703e-14, -2.4211697826195413e-14, 7.444195305706503e-07, -2.0712534950886767e-15, -4.52037335755838e-15, -6.726627618580642e-06, -7.14222345203072e-14, 4.9430444111094946e-14, 1.406552756078444e-06, 1.1599379448782268e-13, -5.792530580788813e-14, -3.793411579157499e-06, -1.628407249200971e-13, 1.0228369672256739e-13, 2.260951994324141e-06, 1.4233390181785616e-13, -8.265066459736334e-14, -3.621184009562477e-06, -1.053213835009516e-13, 4.847273383683189e-14, 2.8470398396167615e-07, 4.30302997339301e-14, 1.207911138305396e-14]]
P1->P4
[[-0.05219493438790603, -1.7836804105789002e-13, 9.295755232561154e-14, 0.0762764149614232, 3.6399613331964134e-13, -1.9955416390201823e-13, -0.024772031870330963, -3.630817550881749e-13, 2.0149836462218633e-13, -0.004218962771061396, 3.573682978356236e-13, -2.0830739139735708e-13, 0.0043872545815164575, -3.465674340730792e-13, 2.0681277240520989e-13, 0.0010994722373060374, 2.8053441754619497e-13, -1.5827030999396376e-13, -0.0010543062174912404, -2.5268181626050486e-13, 1.4661964061471207e-13, -0.00028017585825403405, 2.2452138058582526e-13, -1.3405636272824804e-13, 0.00038806408149191486, -1.6783485574346313e-13, 9.214557689268975e-14, 0.0001642276436906013, 1.3556545399343503e-13, -7.395062484446033e-14, -5.955380999046165e-05, -9.472569465114184e-14, 5.4721020669916854e-14, -9.604212155531082e-06, 5.6081453891819026e-14, -2.5089678356728504e-14, 1.6937491161927702e-05, -2.8580274294286105e-14, 1.0015112369513875e-14, -3.872465088877389e-05, 1.7258510487518637e-14, -1.3603830631544582e-14, -3.1562832962968084e-05, -3.0437292608219347e-15, 5.897845664596051e-15]]
P4->P5
[[-0.000178051558942487, 6.616362274016753e-13, -4.449807033302448e-13, 0.0002309813788725844, -1.0397190594703735e-12, 7.881245226474713e-13, -4.2885366633705505e-05, 1.2614839802236454e-12, -9.096958772089554e-13, -2.000746640940006e-05, -9.37433998954202e-13, 5.737141142368171e-13, 2.147169744504651e-06, 9.262243107162754e-13, -5.679818172591252e-13, -2.0552593319208887e-06, -4.942481458541718e-13, 3.121206063660351e-13, 2.5886807019103072e-06, 4.786241778264997e-13, -2.911456718126358e-13, 8.746070031484045e-07, -3.476743481790939e-13, 2.2788738882290647e-13, -3.279347707143128e-06, 1.569443860258382e-13, -1.021335922711218e-13, 6.137200420350811e-06, -2.009604482285202e-14, 3.338378715071452e-15, -7.268746682075696e-06, -6.893105417903865e-14, 4.518086861306176e-14, 6.310582248222164e-06, 4.821844662027492e-14, -2.4256676584495233e-14, -3.505828866841692e-06, -5.000089765021872e-14, 1.8353163402943423e-14, 6.414208252902101e-06, 1.971085977180856e-15, 1.8542158943280573e-15, -1.0020412315799398e-06, -1.9716387450931533e-14, 3.396726938686434e-14]]
P5->W3
[[5.4192562542259175, -1.1648525130311185e-15, -1.619760250148157e-14, -4.122546976363134, 9.864421968580436e-15, 8.892097017395424e-15, -0.5065152858586922, -7.199742770217693e-15, 2.4261212537785715e-16, -0.14358323735322792, -1.2012386141868233e-15, 1.472812051840234e-14, -0.1548136090504872, -4.562088348465758e-15, 1.1346118821091968e-16, -0.16199283842921341, 2.546107818738985e-14, -1.2511038407381708e-14, 0.08342960927157429, 1.0537734948928324e-14, -2.465535550166377e-16, 0.09328218390802347, -2.5255464615278968e-14, 2.955931865125591e-14, -0.021021109743248452, 2.074958555831933e-14, -4.125938748906383e-15, 0.031293576076820005, -3.528428334975112e-14, 2.4315794449814535e-14, 0.005343285809797837, 4.0502320976178865e-14, -2.840499823407604e-14, 0.032243103295242596, -3.130280882852973e-14, 2.474431144624095e-14, -0.02887740275865776, 2.7318059106080855e-14, -2.6151282984017016e-14, 0.02466737246911187, 3.3295876405971328e-15, 8.043335025055171e-15, -0.016899774221281742, -1.3149768799451612e-15, -1.5878362579982223e-15]]
P2->W3
[[0.06870936131292377, 8.386938093824053e-13, -3.3778059547102736e-13, 0.15001282627479273, -1.8915316489764846e-12, 1.0232085333244001e-12, 0.11783420202923993, 2.079195584398513e-12, -1.1333191296073467e-12, 0.06318106819441063, -1.947595458922483e-12, 1.1369542932822853e-12, 0.03628696734556879, 1.8519926982664532e-12, -1.0891450696052165e-12, 0.008235603704486198, -1.513784794991993e-12, 8.199251313408575e-13, -0.021187244446360578, 1.3371205158516845e-12, -7.687660000916958e-13, -0.027440040244917165, -1.0894652907582338e-12, 6.143615759017687e-13, -0.014752862061821729, 8.611099051506367e-13, -4.89956780063118e-13, -0.005977489123572927, -5.915672919217279e-13, 3.25656706855659e-13, 0.0019037209124257528, 4.692693778613105e-13, -2.7197926472094975e-13, 0.0010417433938583048, -2.2707758622116754e-13, 1.0534776297428034e-13, 0.005557638691084881, 1.3870632292565352e-13, -6.669604944852959e-14, 0.000762961268172638, -9.646952304754617e-14, 4.2983613947390844e-14, 0.0031184293169595474, 2.0641866854300498e-14, -1.9478147220862522e-15]]
P1->P2
[[0.014624461665539693, -1.1910616945743185e-13, 5.787991052140835e-14, -0.022850924176310496, 2.2305805858038874e-13, -1.2625897302087183e-13, 0.005689905102779627, -2.18983950903106e-13, 1.2499120726157562e-13, 0.0034384943063206744, 1.9188788503140257e-13, -1.0788926701322822e-13, -0.0007585943603819834, -1.796886506327518e-13, 1.0533446655791874e-13, -0.0016456727533465782, 1.6845797943948202e-13, -9.921659679370146e-14, -0.0006248226946842338, -1.4972897586241086e-13, 8.967725080850921e-14, 0.0004259963555709831, 1.2462974401216834e-13, -6.438413208239706e-14, 0.0005874563163963302, -1.0417042813967267e-13, 6.302620254341496e-14, 5.590731865388129e-05, 7.382991604307816e-14, -3.4117516252571177e-14, -0.0002422664083568297, -5.300933826298593e-14, 3.528224983114958e-14, -0.00022982543938594662, 4.4742500908632014e-14, -2.5315091983237084e-14, 4.292322572473712e-05, -3.05335269806923e-14, 1.601859016143156e-14, 6.948134023173854e-05, 1.5143268441775124e-14, -5.044324006220204e-15, 0.00010377025703533073, -9.671995687945336e-15, 7.336983161819046e-15]]
P1->P3
[[-0.021699231521583248, -9.624593888919617e-14, 5.695576880747986e-14, 0.03176666119674228, 2.1401351740236408e-13, -1.0855243048255695e-13, -0.010302290050374478, -2.2982332307986846e-13, 1.1846592060785588e-13, -0.001778896347369256, 2.654886939184173e-13, -1.5389924785701462e-13, 0.0016831046341169735, -2.494184233177456e-13, 1.5385779123941864e-13, 0.0005774162741231859, 2.1547912902656705e-13, -1.3677596081818353e-13, -0.0005647592123568939, -1.716906937056931e-13, 8.751924671293726e-14, -0.00017393440206071672, 1.6163681447879334e-13, -9.588141906241598e-14, 0.0001098007936492786, -1.1056445170687517e-13, 6.029276002994316e-14, 7.228149682619663e-05, 8.838443599283158e-14, -4.242598056610344e-14, -7.045371123035533e-05, -7.593612988940619e-14, 3.9789886560178865e-14, 1.867648553982923e-05, 7.709480351721869e-14, -4.284334347849367e-14, -3.494116992910033e-05, -4.415420767712589e-14, 2.009323628721161e-14, 2.987140051615315e-05, 3.667076138997918e-14, -1.712650070982915e-14, -1.1754657642033766e-05, -2.106233580393018e-14, 1.7717606281111844e-14]]
P2->P3
[[-0.44742786257021777, 2.795646031274684e-13, -1.91953152366672e-14, 0.46056852518399166, -1.024004398563291e-12, 6.839106802336478e-13, 0.05311172336419624, 8.91449116321244e-13, -5.669739725858009e-13, -0.0018444133914190877, -7.92529512609463e-13, 4.894926018417631e-13, -0.05425083354904845, 5.211946654956393e-13, -3.355029288362324e-13, -0.03841579122931159, -6.288798904164889e-13, 4.019550587305965e-13, -0.009081544477737145, 4.25475676061351e-13, -2.415780197335744e-13, 0.027083736584618736, -1.7163401095399082e-13, 6.346517133490925e-14, 0.0331344723854081, 1.0149421537522294e-13, -3.7535372665499617e-14, 0.00028941011447211, -6.973198478275347e-14, 4.127420883960334e-14, -0.010121057525482266, -3.1489320739950636e-14, -6.476128822928193e-16, -0.02703507385530139, 6.416027708634558e-14, -1.8908020949853246e-14, 0.0031092503830582484, -5.5983372004990155e-14, -7.505234322315208e-15, 0.0019508824876717573, 1.7875924951201917e-14, 1.1210223273499129e-15, 0.02012814214287728, -1.8619006939428747e-14, -9.537474356548754e-15]]
P1->W3
[[0.4404206144944468, -2.2190440373242806e-13, 1.4987516734474744e-13, 0.00983324238147711, 4.0178036137385876e-13, -2.349492524968885e-13, -0.10165097863151701, -3.71426233970364e-13, 2.2024676612993068e-13, -0.06321499251976818, 3.5351347857367754e-13, -2.165095282522056e-13, -0.03525537102792343, -2.957416336485136e-13, 1.7713831636200462e-13, 0.007997169598773085, 2.3856012097580203e-13, -1.3517546270803152e-13, 0.014979421708667841, -1.873097909781891e-13, 1.0088910378627025e-13, 0.010031583385241395, 1.5334246237292684e-13, -8.957044339867141e-14, -9.083525201063792e-05, -1.0238347380415657e-13, 5.133473829121914e-14, -0.017297052433783672, 6.21360456940134e-14, -3.859362699153484e-14, -0.005414651149593569, -2.3876470462553527e-14, 8.798791295878412e-15, -0.011755412411398065, 1.0792849067949882e-14, -1.5556856246867073e-16, 0.009665305817218616, -3.225393814840138e-15, 3.088899111469246e-15, -0.0009729393592884763, 2.3850186464587676e-15, -2.0151304528158587e-15, 0.011994621876838219, -3.2297379378442422e-15, 5.73744696570681e-15]]
P2->P4
[[-0.42617334531045786, 1.8637640208497896e-14, 4.462539576606246e-14, 0.37473877139192324, 3.3585438088271023e-13, -3.4917794238553863e-13, 0.13520951420811064, -3.2897608112154e-13, 4.061419570145683e-13, 0.01727069798171274, -4.759848617148543e-14, 1.0358632947402583e-13, -0.08752535703155709, 6.167640644313334e-14, -9.66892692311111e-14, -0.06180397946916323, -2.0937521017199113e-14, 4.3100529551669976e-14, -0.0007900235059419002, -3.664173140182236e-14, 9.221119117719228e-16, 0.04443597515138716, -1.9015543585491158e-14, -9.533110786148508e-15, 0.040802901571258716, 1.3806022833393234e-14, 1.853940992984858e-14, -0.00470903002863051, 5.149008562771789e-14, -6.189498916815955e-14, -0.02113956365736658, -3.9896531941264653e-14, 4.979179011179442e-15, -0.02982087834819455, 3.472900672114463e-14, -5.230366047870556e-14, 0.0057288468321489575, -6.026080621920884e-14, 4.20167210503032e-14, 0.010150220085658431, 5.177915780115089e-14, -3.772928908154515e-14, 0.021370412480209405, -2.69720469994004e-14, 6.007181196495985e-14]]
P3->W3
[[0.2009593895119342, -1.630793518243566e-14, 2.2291888433155155e-14, 0.3534455839879313, -8.427124427509717e-14, 7.198678748674827e-14, 0.08505047359114672, 1.5063595905589525e-13, -1.3100302165254433e-13, -0.06048042280890571, -1.027001914819286e-13, 5.196638254432755e-14, -0.13647941779389164, 1.2582900684336473e-13, -6.178239213863899e-14, -0.0813411258991195, -1.859933752965133e-13, 9.673575581154352e-14, -0.03409388534799775, 1.2775719408448048e-13, -4.7420501081655314e-14, 0.01804135618933671, -4.142652486223511e-14, 2.737041985317327e-14, 0.04319441143198322, 1.5348591055272568e-14, -6.993477266158081e-15, 0.009468537611044353, -6.590556055561398e-15, -1.1950689363102118e-14, 0.013186349512854781, 6.33086057902009e-14, -4.2663748362221204e-14, -0.030306560979843616, -7.89603229129684e-14, 5.6419437464413486e-14, 0.006140701858163771, 1.1023147690738695e-13, -5.720299362314984e-14, -0.019157712563079767, -9.032111110359886e-14, 4.943598329229039e-14, 0.020401041680590547, 5.149250909751996e-14, -3.262043839856859e-14]]
P1->P5
[[-0.00019279326633133597, -6.9891150781867105e-15, 3.782541343627152e-15, -0.0005848663711365495, -8.189522115083859e-14, 3.682927193506049e-14, -0.0006300721947267337, 4.499844521928541e-14, -1.3020607886829206e-14, -0.0004545208109064182, -1.1951474042780517e-13, 7.755911548693409e-14, -0.00043505973546032774, 1.0206979508226363e-13, -5.997851542120995e-14, -0.00031901785572333903, -1.0923330916591452e-13, 6.97685997449961e-14, -0.00026809493998849944, 5.726657807118497e-14, -1.2831465849830037e-14, -0.00019472907117949178, -5.3420706525735555e-14, 1.1795011369287433e-14, -0.00011852230050960195, 1.9687211722168597e-14, -3.25428983876662e-15, -9.985779479606195e-05, -1.81383888957139e-14, 1.790447625260235e-14, -4.739751135513704e-06, -2.5730249972322456e-14, 2.793605334679009e-15, -3.5266960405157994e-05, 3.8707329627651804e-14, -1.5292995063803494e-14, 5.0720647526305344e-05, -4.595122820585609e-14, 1.5575844669943802e-14, -7.952089767702392e-06, 4.0255778436819824e-14, -3.069284311923788e-14, 4.8268431889000386e-05, -2.442159285585324e-14, 1.6587628111298567e-14]]
P2->P5
[[0.00012243970911680904, -5.870856665676837e-13, 4.968795367154981e-13, -0.0005993333884386475, 1.3273494250094292e-13, -2.0535521805703548e-14, -0.0011435586314212246, -3.567375516241828e-13, 2.9441416131416786e-13, -0.0007116334302499122, 3.178440730345679e-14, -2.2850303015402188e-14, -2.892106591785936e-05, 1.6808891713586874e-13, -1.7185301425686467e-13, -0.00020535888301053407, 1.2817370019467284e-13, -1.2132581692233157e-13, -0.0005081578161171884, 6.139889231742396e-14, -6.701201965205998e-14, -0.00044300060460934667, 2.2967307199704254e-13, -1.3211143638429943e-13, -0.00017151027185823638, -2.9031806776756506e-13, 1.8579556595155551e-13, -3.388419674800275e-05, 2.5415065299353473e-13, -8.226019904254716e-14, -0.00013376024505517357, -1.311714149953124e-13, 6.92527682817965e-14, -0.00013593142779953508, 3.6507671183215643e-14, 2.942585090363624e-16, -0.00013159076008094277, 6.833447722441175e-14, -3.220800237425246e-14, -1.0448291778173516e-05, -1.7545827618144217e-13, 1.0724602910654222e-13, -2.3322765266138762e-05, 6.905014294536375e-14, -3.9534749923803994e-15]]
P4->W3
[[0.18273819150770937, 1.5841994177223212e-13, -1.1510280232551973e-13, 0.2850488749570163, -1.5412865817096607e-13, 5.6427268318289205e-14, 0.09306170012829644, -1.326475475448589e-13, 2.2095096547345572e-13, -0.027003257306237715, -5.2787608740372664e-14, 6.336648991839108e-14, -0.06759992663248773, 7.690431346240085e-14, -5.563725353945865e-14, -0.04905537798767241, -1.180727183231086e-13, 8.314951690703718e-14, -0.033407205020024214, 2.2137239977814257e-13, -1.01802326714689e-13, -0.0205056096680055, -1.7308885994755552e-13, 1.4676887941874892e-13, -0.010119105446807957, 1.9062192526195594e-13, -1.212232282046854e-13, -0.006007826806645149, -1.9719583984551733e-13, 1.0906593958301775e-13, 0.007130537984690797, 2.365293793477502e-13, -1.238586389735189e-13, 0.0058970307801926095, -2.5280854249829966e-13, 1.300788224901814e-13, 0.013763720614464106, 2.928398723208879e-13, -1.585528123121215e-13, 0.004471380789948068, -1.9345134980707953e-13, 9.931963597246796e-14, 0.007321925377135254, 1.1334418151382295e-13, -7.296992757960789e-14]]
==============================
W1a_Energy_1
P3->P4
[[0.0, 0.0, 0.0, 0.0, 0.0, 0.0, 0.0, 0.0, 0.0, 0.0, 0.0, 0.0, 0.0, 0.0, 0.0, 0.0, 0.0, 0.0, 0.0, 0.0, 0.0, 0.0, 0.0, 0.0, 0.0, 0.0, 0.0, 0.0, 0.0, 0.0, 0.0, 0.0, 0.0, 0.0, 0.0, 0.0, 0.0, 0.0, 0.0, 0.0, 0.0, 0.0, 0.0, 0.0, 0.0]]
P3->P5
[[0.0, 0.0, 0.0, 0.0, 0.0, 0.0, 0.0, 0.0, 0.0, 0.0, 0.0, 0.0, 0.0, 0.0, 0.0, 0.0, 0.0, 0.0, 0.0, 0.0, 0.0, 0.0, 0.0, 0.0, 0.0, 0.0, 0.0, 0.0, 0.0, 0.0, 0.0, 0.0, 0.0, 0.0, 0.0, 0.0, 0.0, 0.0, 0.0, 0.0, 0.0, 0.0, 0.0, 0.0, 0.0]]
P1->P4
[[0.0, 0.0, 0.0, 0.0, 0.0, 0.0, 0.0, 0.0, 0.0, 0.0, 0.0, 0.0, 0.0, 0.0, 0.0, 0.0, 0.0, 0.0, 0.0, 0.0, 0.0, 0.0, 0.0, 0.0, 0.0, 0.0, 0.0, 0.0, 0.0, 0.0, 0.0, 0.0, 0.0, 0.0, 0.0, 0.0, 0.0, 0.0, 0.0, 0.0, 0.0, 0.0, 0.0, 0.0, 0.0]]
P4->P5
[[0.0, 0.0, 0.0, 0.0, 0.0, 0.0, 0.0, 0.0, 0.0, 0.0, 0.0, 0.0, 0.0, 0.0, 0.0, 0.0, 0.0, 0.0, 0.0, 0.0, 0.0, 0.0, 0.0, 0.0, 0.0, 0.0, 0.0, 0.0, 0.0, 0.0, 0.0, 0.0, 0.0, 0.0, 0.0, 0.0, 0.0, 0.0, 0.0, 0.0, 0.0, 0.0, 0.0, 0.0, 0.0]]
P5->W3
[[-6.565733095864848e-09, -2.1584910087949312e-16, 1.369556731229226e-16, 9.442772531207428e-09, 3.5134721672625903e-16, -2.0549400745578176e-16, -5.422371903099322e-10, -3.021453238509101e-16, 1.9638431126719134e-16, -1.116715112794794e-08, 2.4006323966564393e-16, -1.4232743780642878e-16, 2.2071560683799418e-08, -1.7017959873311858e-16, 1.1095585341026654e-16, -2.7765286277831673e-08, 1.5797981676571453e-16, -8.46657283197676e-17, 2.631240093076804e-08, -1.118931847492254e-16, 6.299731467054074e-17, -1.9669039458653066e-08, 2.2267312891888758e-17, 2.1960777136722526e-17, 9.667059322902908e-09, -7.918143617888003e-18, 7.367509621745843e-18, -1.436449191321216e-09, -3.3112903895780064e-17, 1.3594979710361474e-17, -2.8930521195511317e-09, 7.329164557749722e-17, -3.529509873720371e-17, 4.537574899826712e-09, -5.618392010311071e-17, 6.605563610552072e-17, -4.347585353481643e-09, 2.4170701690734767e-17, -5.408876944758516e-17, 3.4820733988402096e-09, -6.151516908122634e-18, 4.590624610369802e-17, -3.0559699889376076e-09, 1.5068658856282877e-17, -2.4481791351895207e-17]]
P2->W3
[[5.488569519733546e-06, 1.5744287358268912e-15, -7.586659641708864e-16, 2.1949250757942388e-05, -3.615120038104164e-15, 1.9333269018472633e-15, -2.6591323756704324e-05, 3.915672539130487e-15, -2.135845511416542e-15, -3.3858434405808756e-05, -3.880581043981655e-15, 2.2673011049430527e-15, -5.4384868735212666e-05, 3.639747873152938e-15, -2.1010798561898e-15, -2.0354147106004795e-05, -3.6310853650442634e-15, 2.2964531602953443e-15, 1.0345464587499858e-05, 2.7357385500006548e-15, -1.4584907988108859e-15, 3.3622631288508614e-05, -2.3674881717462612e-15, 1.346459434470303e-15, 2.8188532616035614e-05, 1.8341315988196793e-15, -1.0419960927128667e-15, -8.823216983339935e-06, -1.4824500395723254e-15, 9.366292522479894e-16, -1.7496456944218516e-05, 1.109012893868506e-15, -6.110167457037303e-16, -2.8187595558816757e-05, -6.319073370096749e-16, 3.3593919766343284e-16, 4.904690424070383e-06, 4.3216501449839603e-16, -2.6328617942225265e-16, 5.240216858371399e-06, -3.623807808741509e-16, 2.248664987762334e-16, 1.9159906654695603e-05, 2.2391748534723656e-16, -1.0639483745494414e-16]]
P1->P2
[[-3.590102542524885e-05, 5.023252972673498e-16, -3.5551799206923745e-16, 5.172984796637551e-05, -9.22448860550525e-16, 5.636760903507266e-16, -1.1380377897565358e-05, 8.463110696368994e-16, -4.943763003874933e-16, -9.92866309173546e-06, -8.134208769974858e-16, 4.717391522992466e-16, 2.9477125207590655e-06, 7.131502342590429e-16, -4.117636684151657e-16, 3.859727900592248e-06, -6.275916235989355e-16, 3.5772411192548337e-16, -3.248204997007241e-07, 5.289618595667846e-16, -3.0394065633284415e-16, -2.7438063484959616e-06, -4.1912589886612315e-16, 2.500207128023634e-16, -4.4757144838680674e-07, 3.268068377471307e-16, -1.8780321968816693e-16, 2.7250197906080445e-06, -2.6186002707672246e-16, 1.4766654615977664e-16, -7.086686191433538e-07, 1.844460749192311e-16, -1.137196645791295e-16, -1.3852789873333996e-06, -1.1282235773118979e-16, 7.95823567154787e-17, -2.135056705887416e-06, 6.654179120909648e-17, -2.0592292876572277e-17, 2.4845663751572093e-06, -2.5122117008688624e-17, 2.6712019122410338e-18, 7.128074636163971e-07, -3.2581689941757147e-19, -3.3910379755148517e-18]]
P1->P3
[[0.0, 0.0, 0.0, 0.0, 0.0, 0.0, 0.0, 0.0, 0.0, 0.0, 0.0, 0.0, 0.0, 0.0, 0.0, 0.0, 0.0, 0.0, 0.0, 0.0, 0.0, 0.0, 0.0, 0.0, 0.0, 0.0, 0.0, 0.0, 0.0, 0.0, 0.0, 0.0, 0.0, 0.0, 0.0, 0.0, 0.0, 0.0, 0.0, 0.0, 0.0, 0.0, 0.0, 0.0, 0.0]]
P2->P3
[[-2.995513044910804e-06, 2.336249091872161e-15, -1.210450362222316e-15, -1.3209879013368012e-05, -4.961126268949032e-15, 3.1289026543031005e-15, 2.681284216852255e-05, 4.547572492924091e-15, -2.704704907358562e-15, -7.793870038856496e-07, -4.057174458546267e-15, 2.452280427270176e-15, -9.109313505040859e-06, 3.427571456761729e-15, -2.0358096745432124e-15, -1.7836765226888372e-05, -3.2219335086924623e-15, 2.15892680600742e-15, 8.018729597880533e-06, 2.5326537758707395e-15, -1.474835084774788e-15, 1.7507969198124653e-05, -1.8894075084614007e-15, 1.0027538235240313e-15, 1.4505742275310354e-06, 1.4746545090018154e-15, -8.536388101297899e-16, -8.30853143881979e-06, -1.222093537551645e-15, 7.195567287816403e-16, -1.8118295922892332e-05, 8.771318730814164e-16, -4.503732846329354e-16, 1.016124286275404e-05, -7.833213015946893e-16, 3.539190347244484e-16, 4.551985703911943e-06, 4.762785113348691e-16, -3.300739205593236e-16, 8.95986836983732e-06, -2.376718807819292e-16, 1.4312037603662284e-16, -1.1935577095590975e-05, 1.1214178694245575e-16, -1.0392507574128469e-16]]
P1->W3
[[0.0, 0.0, 0.0, 0.0, 0.0, 0.0, 0.0, 0.0, 0.0, 0.0, 0.0, 0.0, 0.0, 0.0, 0.0, 0.0, 0.0, 0.0, 0.0, 0.0, 0.0, 0.0, 0.0, 0.0, 0.0, 0.0, 0.0, 0.0, 0.0, 0.0, 0.0, 0.0, 0.0, 0.0, 0.0, 0.0, 0.0, 0.0, 0.0, 0.0, 0.0, 0.0, 0.0, 0.0, 0.0]]
P2->P4
[[5.715237543124552e-06, -1.4474586764860127e-15, 8.593796315428509e-16, -4.796776673584532e-05, 2.767886954486262e-15, -1.572889940259322e-15, 6.568710244519069e-05, -3.3029254712301097e-15, 2.132978318987565e-15, 4.049220796038934e-06, 2.5508274881936597e-15, -1.2557705240475262e-15, -2.11640602608625e-05, -2.2357461501484076e-15, 1.024551228186573e-15, -5.232253023586753e-05, 2.2681137900372762e-15, -1.4074650203276783e-15, 2.1441161789507607e-05, -1.984576459800662e-15, 1.1258761440420016e-15, 5.072442160463774e-05, 1.5068231285609305e-15, -9.284419273778305e-16, 4.3301586674547345e-06, -1.114352239002862e-15, 6.793709718752043e-16, -2.4101652839036437e-05, 1.077041758074043e-15, -6.598158333883507e-16, -4.956633226092441e-05, -1.0539316355630412e-15, 5.793589837561161e-16, 2.8869521927090174e-05, 6.67350010580992e-16, -3.9439352007016454e-16, 1.2995979379441197e-05, -6.470244459757974e-16, 3.891093033077427e-16, 2.4918860678148107e-05, 3.318462639731729e-16, -2.6182406910686922e-16, -3.219775074660527e-05, -1.5610825544587107e-16, 2.0424240262029478e-16]]
P3->W3
[[0.0, 0.0, 0.0, 0.0, 0.0, 0.0, 0.0, 0.0, 0.0, 0.0, 0.0, 0.0, 0.0, 0.0, 0.0, 0.0, 0.0, 0.0, 0.0, 0.0, 0.0, 0.0, 0.0, 0.0, 0.0, 0.0, 0.0, 0.0, 0.0, 0.0, 0.0, 0.0, 0.0, 0.0, 0.0, 0.0, 0.0, 0.0, 0.0, 0.0, 0.0, 0.0, 0.0, 0.0, 0.0]]
P1->P5
[[0.0, 0.0, 0.0, 0.0, 0.0, 0.0, 0.0, 0.0, 0.0, 0.0, 0.0, 0.0, 0.0, 0.0, 0.0, 0.0, 0.0, 0.0, 0.0, 0.0, 0.0, 0.0, 0.0, 0.0, 0.0, 0.0, 0.0, 0.0, 0.0, 0.0, 0.0, 0.0, 0.0, 0.0, 0.0, 0.0, 0.0, 0.0, 0.0, 0.0, 0.0, 0.0, 0.0, 0.0, 0.0]]
P2->P5
[[1.9438382868547392e-07, -5.332742492316889e-16, -2.2823153559622495e-16, -1.0999324115288272e-06, -3.4873607144957273e-16, 1.144177391986463e-15, 3.166502730199571e-07, -4.0697706287651204e-17, -4.920594370796911e-16, -9.437452806201411e-07, 3.1523569359660817e-16, -3.548614999280171e-16, 3.549059740037327e-08, -1.1348274836236065e-16, 1.9047933862010916e-16, -7.240911622108835e-07, 2.1725528309193873e-16, -3.141870558636935e-16, -3.1492861346174257e-07, 4.308775647249634e-18, -1.9825364799455147e-16, -3.6078150378652227e-07, 2.5106072077060006e-16, -1.8938764387795894e-17, -6.053956841573091e-07, -6.030445877333063e-16, 3.8244020228875983e-16, -5.4006058056455447e-08, 4.63649634054899e-16, -2.378320495775547e-16, -8.684488817248594e-07, -5.2158383432927024e-17, -4.095025904215216e-17, 5.961461340420884e-08, -5.5029054904629904e-17, 1.3142842667318368e-16, -9.81270240369987e-07, 2.8489432840418684e-16, -1.3389189156370868e-16, 5.745960284060788e-08, -5.47283906414492e-16, 4.04700068279902e-16, -8.024461718852358e-07, 2.2723045240645526e-16, -1.5772954241699185e-16]]
P4->W3
[[0.0, 0.0, 0.0, 0.0, 0.0, 0.0, 0.0, 0.0, 0.0, 0.0, 0.0, 0.0, 0.0, 0.0, 0.0, 0.0, 0.0, 0.0, 0.0, 0.0, 0.0, 0.0, 0.0, 0.0, 0.0, 0.0, 0.0, 0.0, 0.0, 0.0, 0.0, 0.0, 0.0, 0.0, 0.0, 0.0, 0.0, 0.0, 0.0, 0.0, 0.0, 0.0, 0.0, 0.0, 0.0]]
==============================
colrel_Power
P3->P4
[[0.06208691269215194, -1.376676550535194e-13, 7.250325736372216e-14, -0.11270517119164936, 1.4250608911795556e-13, -2.661105760191991e-14, 0.07454290153849019, -6.154658937815488e-14, 1.0969460905329313e-14, -0.02070321423288335, 3.166204420993131e-14, -1.3597013591670356e-14, -0.013000425366375412, -7.888461125520718e-14, 4.7444751138054e-14, 0.009751531018766801, 1.4928325756317273e-13, -6.995580580575987e-14, 0.00504199255962845, -9.331391549509884e-14, 6.460641032897787e-14, -0.005339238954109853, 1.048906280424144e-13, -7.279607708873877e-14, -0.002449850328750912, -1.0738907108979169e-13, 4.681692765983242e-14, 0.0034391550580007476, 3.415489234875267e-14, -1.836895225729524e-14, 0.00044237055437849546, 1.4156701752497592e-14, -1.755228559011454e-14, -0.0009619611596714604, -1.2160367962109438e-14, 1.9987258979920697e-14, -0.0012507060523120036, 3.309219371602013e-14, -2.602842550998304e-14, 0.0015742467965933551, -3.545807761523603e-14, 3.8089458676133365e-15, -0.00020785203493586726, -7.812752719965683e-15, -3.597913238687577e-16]]
P3->P5
[[1.3350739358486408e-05, -1.5987211554602254e-13, 1.1413642054201047e-13, -0.00010484865475390848, 3.6939492595734344e-13, -2.634563108263491e-13, 1.6783839373035736e-05, -2.434417048200721e-13, 8.180931824420394e-14, -3.680940632688756e-05, 3.078568999352765e-13, -2.2518406287135056e-13, -3.030039955081998e-05, -1.7506902005954684e-13, 1.0363383098638167e-13, -1.9966143123967273e-05, 2.0255201875018835e-13, -1.3081028820248648e-13, -1.685600938571008e-05, -1.386901877975284e-13, 8.364696412734318e-14, -1.4657449542709866e-05, 1.525266608834896e-13, -5.991822459065331e-14, -9.737333155207528e-06, -1.0222834545540855e-13, 2.5201689890885354e-14, -6.526055314995827e-06, 7.639023831141375e-14, -4.836679365844361e-14, -5.580338392604991e-06, 5.636628038549155e-14, -2.877460555782857e-14, 1.809507878958042e-08, -1.1511271033410822e-13, 6.637878780038059e-14, -2.0882436491681945e-06, 1.3601652934561049e-13, -9.358635192646035e-14, -3.7456195167975275e-06, -1.3700884676188275e-13, 7.286776090046365e-14, -7.248724629255697e-07, 4.483070469061905e-14, -8.540718648291609e-15]]
P1->P4
[[0.013111476846390246, -2.6222080062865416e-13, 1.4995429004559604e-13, -0.024966651075293278, 5.752744719709297e-13, -3.18769364043992e-13, 0.016442881901840845, -5.490489884470985e-13, 3.1531846653747335e-13, -0.0059906137378934465, 5.288098352944562e-13, -3.0534946345075935e-13, -0.0010375725942105007, -4.896591882269625e-13, 2.771437371623974e-13, 0.0013087208444105547, 4.2719779390645434e-13, -2.4343467946730287e-13, 0.0003250972894866533, -3.6673098211801347e-13, 2.2415195269688228e-13, -0.00021438443286794784, 3.1918528340606185e-13, -1.8294022315454802e-13, 3.690521453976123e-05, -2.473967961857838e-13, 1.4080729348079907e-13, 0.00023535969809929287, 1.8014773442085662e-13, -9.848587780474886e-14, 5.940659458994642e-05, -1.3425170654645184e-13, 6.629887048942753e-14, 4.353950743895413e-05, 9.385738344958049e-14, -5.5072960664462484e-14, -6.963548783730719e-05, -4.435083773910547e-14, 2.9425249820697745e-14, 1.238847626574592e-05, 2.5609901014688236e-14, -1.0206834663452958e-14, -7.671855779238165e-05, -1.6466603009851403e-14, 6.4803947761016375e-15]]
P4->P5
[[3.593525022438371e-05, 5.506706202140776e-13, -4.883693495998554e-13, -8.11510531661952e-05, -5.09767085588317e-13, 4.4998230823027335e-13, 5.813603048493432e-05, 6.236261408642043e-13, -4.851325508835737e-13, -1.3649398538650992e-05, -2.058558582023833e-13, 1.1026117155882048e-13, -6.606227590660874e-06, 2.9397952875239353e-13, -1.9162631140406794e-13, -2.2447325326996337e-06, -1.5460807493216125e-13, 6.795069461828082e-14, 1.0308322195146102e-06, 1.6849584408581277e-13, -8.453274418424252e-14, -3.1515363140346975e-07, -1.9913908207737902e-13, 1.5550530898181653e-13, -3.430632453289839e-07, 3.7860205349026986e-14, -3.24974115302176e-14, 1.6056731175564942e-06, -2.2376858393620563e-15, -3.7044128687986485e-14, -2.0329917180771356e-06, -3.660780587681945e-14, 3.7883636991412006e-14, 3.064971479788104e-06, 1.6537186263654308e-13, -1.2076588021203746e-13, -1.6637902171306096e-06, -1.8842195289009003e-13, 1.5518543149199736e-13, 4.17084615691901e-06, 1.3332424704190763e-13, -8.764002386695792e-14, -3.14073641552936e-07, -8.016595809461859e-14, 6.252787932288498e-14]]
P5->W3
[[0.2771395658367126, 6.439293542825908e-14, -3.3052720417677595e-14, 3.1273571970450265, -2.1820747184768233e-13, 1.2341680249685063e-13, -1.2391350161603232, 2.2094831239870859e-13, -1.2257602560218526e-13, -0.6736864422857775, -2.224608788314114e-13, 1.3434500462974303e-13, -0.25669529981295347, 2.0792588819531874e-13, -1.1675654416350902e-13, -0.19957056963582215, -1.7533476590250702e-13, 1.0413070129236538e-13, -0.04723923783817016, 1.680567419446778e-13, -1.0533080986120536e-13, 0.07456593429497174, -1.50571321818853e-13, 9.365014423406056e-14, 0.01837908378521866, 1.276782288698948e-13, -7.122261894292372e-14, 0.0764261553319813, -1.0468713413462653e-13, 7.052287236916851e-14, -0.026949265235428413, 7.779243496821206e-14, -5.222795844010536e-14, 0.07932345604385972, -3.89007272103787e-14, 3.148781433000928e-14, -0.04257212980522666, 3.8834587626375916e-15, -1.4860629179684566e-14, 0.03629521856942073, 2.2428256772362116e-14, -2.112518207609811e-15, -0.021493529273190762, -1.4467582494270765e-14, 8.043708434418193e-15]]
P2->W3
[[0.1431797199430207, 1.2523315717771766e-12, -6.657779296137983e-13, 0.2790275138840137, -2.453624610197325e-12, 1.4484596355372035e-12, 0.21974245088905886, 2.4634499635917713e-12, -1.5212353139697772e-12, 0.16557169648227565, -2.205851715851472e-12, 1.3071969921323037e-12, 0.08585882203227979, 2.028536946782675e-12, -1.1971108709218851e-12, 0.03488681394382742, -1.7776291553503586e-12, 1.0109519648286449e-12, -0.009288236128452698, 1.4814367977959768e-12, -7.982929959337712e-13, -0.027518931390234022, -1.228242288883069e-12, 7.219703078232412e-13, -0.02394049737710957, 9.55260254568539e-13, -5.348965036221294e-13, -0.016687222131436044, -7.019144569493307e-13, 3.7996839565650185e-13, -0.00020371314765467094, 5.001816373261768e-13, -2.256606337594789e-13, -0.0011933818109179095, -2.626452546613349e-13, 1.4309432404585521e-13, 0.008830873421808457, 1.5476210622181426e-13, -7.245166415073731e-14, 0.0012275532438600287, -8.618035388259983e-14, 3.6992187232142497e-14, 0.006762372551619815, 6.155000479914679e-14, -3.226827982626819e-14]]
P1->P2
[[-0.004605373229704668, 8.049116928532385e-15, -1.9105923109527216e-15, 0.005536234531672846, -2.409565962232068e-14, 1.713388920723038e-14, -0.004986745883356347, 1.0442582730804542e-14, -7.475115066550561e-15, 0.0018049872282388524, -2.1748591221705928e-14, 1.2234729152255862e-14, 0.0005929766256675129, 1.4530865069042676e-14, -4.809025462569985e-15, -0.0009392490954676647, -7.9897327860168e-15, 5.192058453185444e-15, -0.0009076307329499399, 6.023468654781931e-15, -5.330051626652396e-15, -9.083585373072505e-05, -3.2056029920093653e-15, -1.7901094225246644e-16, 0.0003523237566184826, 1.5348358251635154e-15, -2.6476916220812296e-16, 0.00015777374807471106, 7.658696862261967e-15, -8.29223247263316e-15, -5.635335140018313e-05, 2.776165814469253e-15, -7.129817817877155e-15, -0.0002342614559423513, 5.7027313034564485e-15, -5.8628725912154225e-15, -2.4536239735518624e-05, -1.3072770293524043e-14, 1.5021736217045374e-14, 6.087624151252598e-06, -1.8168440603773964e-16, 1.6295238426041961e-15, 0.00011020558087127414, 2.1232638665508215e-15, -4.404804019207331e-15]]
P1->P3
[[0.005611143737311863, -1.519617764955683e-13, 6.61959765417185e-14, -0.010604593778231752, 3.322973409968485e-13, -1.7167829409359927e-13, 0.006997091066481831, -3.716721589111905e-13, 1.9783045604985805e-13, -0.0026462611211974796, 4.0873861131282547e-13, -2.2832735374269534e-13, -0.000473117847318294, -3.5335454418571805e-13, 2.0111519877624057e-13, 0.0004418104899554798, 2.854477082708427e-13, -1.7848059319517484e-13, 6.064797347063444e-05, -2.4523448020109714e-13, 1.3497413580795424e-13, -0.0002162950258426631, 2.0471593701988162e-13, -1.2633008370266564e-13, -6.70603855419281e-05, -1.6469620558327769e-13, 1.0012039212438458e-13, 2.4413020674857698e-05, 1.2067656834164953e-13, -6.597803627040693e-14, 6.7967673711638935e-06, -9.545542451606727e-14, 5.1105229005113747e-14, -2.9522601832219402e-05, 6.356936047910333e-14, -3.724403630067656e-14, -1.0331869176201098e-05, -2.578951343830888e-14, 1.556672748246111e-14, -5.310920568715781e-06, 7.23831188872031e-15, -6.0597259934698665e-15, -4.080176476489131e-06, -4.665864353263299e-15, 1.3275386339316143e-14]]
P2->P3
[[0.03443483270373804, 8.08242361927114e-13, -2.421851108214601e-13, -0.16037250942005699, -2.341218640816072e-12, 1.3838482792590266e-12, 0.14592759240760644, 2.2929681730007673e-12, -1.3082093543609953e-12, 0.042083219335929956, -2.1161925122160165e-12, 1.2122267290068652e-12, -0.04299369907803219, 1.8494008021102838e-12, -9.854075631918626e-13, -0.03567658970111229, -1.7494245645997813e-12, 9.856676745702585e-13, -0.016609400902321825, 1.3882671461019003e-12, -8.34778177464594e-13, 0.015682110774942193, -9.678103031286215e-13, 5.725137778285321e-13, 0.029863510760565915, 6.258607126858022e-13, -3.268024990243683e-13, 0.002268550548331985, -3.615548848795712e-13, 2.3008619828784636e-13, -0.0005904119937460983, 1.6795186835139535e-13, -1.355548284996921e-13, -0.027213997832508108, -7.264871494445828e-14, 1.2218187132976903e-14, 0.003569066459122583, -9.791786808228787e-15, -3.403573538433215e-14, -0.004797126037270061, 2.9855617989389037e-14, 3.099636648505899e-14, 0.0189911975564205, -3.8083320197280925e-14, 7.137507008878717e-15]]
P1->W3
[[0.19763048982394338, -2.3425705819590803e-13, 1.3543583131642519e-13, 0.45970974337033566, 4.679396582257681e-13, -2.624699371283332e-13, 0.033938271108871834, -4.707942231023596e-13, 2.6992653992278966e-13, -0.039216857337530386, 4.4930251767337627e-13, -2.64258352134678e-13, -0.05251901284470867, -4.043271631521634e-13, 2.3822341443871165e-13, -0.004648095260441354, 3.5392864613563727e-13, -2.1031999606639905e-13, 0.006523775222090598, -2.7979536657103166e-13, 1.6123564914237576e-13, 0.008021947826529763, 2.1515365765535228e-13, -1.2335345635990332e-13, 0.002182640634870031, -1.5244533004390837e-13, 8.286496387574528e-14, -0.020211364260817842, 1.1206623594411194e-13, -6.630304981399646e-14, -0.004371603692680482, -9.76645255231827e-14, 5.856974854407966e-14, -0.018442357430316428, 7.58273985311959e-14, -4.002906986607926e-14, 0.012647932685542967, -6.666087896061908e-14, 3.462518166289522e-14, -0.0035055857397942904, 5.899356118103886e-14, -3.1352286668268154e-14, 0.01764401557449155, -3.192863758259205e-14, 1.7448713503342958e-14]]
P2->P4
[[0.010144924344785977, -1.865174681370263e-13, 1.2063959835906148e-13, -0.14329850197313476, 4.2313449560086757e-13, -2.7246054286432104e-13, 0.14879567142341094, -5.113462747978087e-13, 4.021925485849691e-13, 0.06284919395562749, 3.0159656017629874e-13, -1.0611899335627105e-13, -0.04960239599366478, -1.9141881541194947e-13, 3.110468492483127e-14, -0.054135402991064285, 2.529750762719855e-13, -1.3409413728540444e-13, -0.018588136466585747, -2.746895132319741e-13, 1.7406383925234614e-13, 0.0269056498246531, 2.014056345056068e-13, -9.499920693307281e-14, 0.03760013722017353, -1.4399566499009038e-13, 1.1772848711972005e-13, 0.0018161683297792525, 1.2752400839445214e-13, -8.038036398344998e-14, -0.008893038544897786, -9.768091755077402e-14, 6.090458679661448e-14, -0.03014781861602242, 6.879040140906304e-14, -4.245899306702319e-14, 0.0037863943742832105, -6.920246361079821e-14, 6.065878237686899e-14, 0.001377094747783622, 4.160603835093003e-14, -3.3836825676478425e-14, 0.021030151200974838, -3.742544198616337e-14, 4.7911961900665134e-14]]
P3->W3
[[0.2942090566649114, -1.2878587085651816e-13, 9.56767324864538e-14, 0.5412581479850154, 2.1794482459601952e-13, -1.242353233114244e-13, 0.23868911492850586, -1.468858415646367e-13, 9.329823441330902e-14, 0.04603414750845469, 1.2157268085170354e-13, -7.735411284662452e-14, -0.1285109733908707, -1.3900851308732013e-13, 1.0245060459250825e-13, -0.1081943997630655, -2.603159258942433e-14, 2.8766055671146624e-14, -0.0676703302141679, -2.339628114626674e-14, 5.310698132183716e-14, -0.003029807728065076, 4.362003852988057e-14, -9.1731888657645e-15, 0.03879537652051013, -5.826385776714551e-14, 3.957235626172026e-14, 0.013609574003925415, 4.205655056283315e-14, -3.123859522921003e-14, 0.025204811006215792, -2.5124915303990355e-14, 1.2603147464186355e-14, -0.028009793152147574, 3.435602881273353e-16, 1.141335909212647e-14, 0.010639946811198455, 4.023680597948013e-14, -2.243247566875605e-14, -0.02204180601076729, -1.8450779696951303e-14, 7.120415210539207e-15, 0.02385108401133212, 3.543448256747215e-15, 5.47510716582649e-15]]
P1->P5
[[-0.0006776981964939921, 1.176836406102666e-13, -7.943262277882046e-14, -0.0011369943227901302, -3.519186279503948e-13, 2.290733423469376e-13, -0.0013123050579857964, 3.002133337092343e-13, -1.8675198555138775e-13, -0.0010648035709304171, -2.7791324935917477e-13, 1.4645440125169758e-13, -0.0010086729153135215, 2.7661648124452753e-13, -1.6160036042692624e-13, -0.0007595832972687178, -2.416276984322385e-13, 1.3982844571561974e-13, -0.0006405162455523639, 2.1258900650265308e-13, -1.0419850606741501e-13, -0.0004756386350071324, -1.8865773978390848e-13, 1.0681182075352057e-13, -0.0003115751832902941, 1.3292374743104285e-13, -7.187133079153489e-14, -0.0002498867733891812, -1.0416234976175508e-13, 6.522227828117936e-14, -6.450681695893061e-05, 3.656418669568395e-14, -1.7570557816671646e-14, -9.259480567921571e-05, -2.7176863736805063e-14, 2.3117367771534583e-14, 6.584953872394296e-05, 2.198413853154771e-15, -1.0545195222132137e-14, -1.9158948733116667e-05, 1.6538024355666093e-14, -4.6733646458508526e-15, 8.215709806738453e-05, -1.3422309657541372e-14, -9.793187718261488e-16]]
P2->P5
[[-0.0005222723819287012, -7.993605777301127e-13, 4.2327038064189663e-13, -0.0013882706287660085, 1.296287193117727e-12, -6.086219166403349e-13, -0.001348293362166686, -1.3064534940192452e-12, 6.520383407213681e-13, -0.001409940149975919, 1.56602192773581e-12, -8.928813659934058e-13, -0.0009274339854857885, -1.4142906222089343e-12, 8.535216669766462e-13, -0.0008571537944157201, 1.3799463621377897e-12, -8.869983139058028e-13, -0.0007774074616850174, -9.326008728802562e-13, 4.952445288913415e-13, -0.0007310069329965682, 6.635689592142632e-13, -3.7179186127741705e-13, -0.000591502481518541, -6.77811253061044e-13, 4.417992513131219e-13, -0.0003203925384551859, 5.554025610208875e-13, -2.8136002687683206e-13, -0.0003702113491699417, -5.739900197288076e-13, 3.0646796034010277e-13, -0.000190189550798971, 6.520874040255658e-13, -3.432724181364986e-13, -0.0003087144182569411, -5.803044680347552e-13, 3.45794765395243e-13, -6.651453013539104e-05, 3.896788100142284e-13, -1.80835729809343e-13, -0.00015211075032480013, -2.1594662042492515e-13, 1.3757632475402467e-13]]
P4->W3
[[0.2624613174134538, 8.526512829121202e-13, -6.028312408786254e-13, 0.46676269690557604, -1.3647321360077167e-12, 8.471292470967519e-13, 0.2476611715418231, 1.1388000346545078e-12, -7.011217328207964e-13, 0.07833384961992929, -9.670510914705257e-13, 5.896675435940117e-13, -0.04962551438662366, 8.206323619938716e-13, -5.326450023783612e-13, -0.06811279288051336, -7.034289193218108e-13, 4.2907606750698344e-13, -0.06568378282561856, 6.184488441600489e-13, -3.416785639262207e-13, -0.04474177729546454, -5.079872781074558e-13, 3.088759999718024e-13, -0.021209140888444958, 3.6416816956656974e-13, -1.9952492651342468e-13, -0.014396204626527798, -2.5290261766957515e-13, 1.1788124140467277e-13, 0.012653723419907177, 1.361703830971805e-13, -5.423247076971449e-14, 0.004694814723247322, -7.565050412457345e-14, 5.075275506663778e-14, 0.02512321353930096, 4.202588310505079e-14, -4.5737361199689086e-15, 0.0053423588618995484, -1.4522947480266e-14, 9.426109769320446e-15, 0.016584563732392504, -2.2387903809914248e-14, 6.462848655450696e-15]]
