==============================
colrel_FactorOne
P3->P4
[[-0.3530454750047229, 0.15902086105518418, -0.0675756461166236, 0.40300496555997417, -0.1060471417756104, 0.07991951389326575, 0.03769922120122537, -0.11701334614745948, -0.016346764756199617, -0.0697148604392465, -0.025483648030937632, 0.027405641514364167, -0.059771948404986584, 0.13609562935038055, -0.01821029783485745, 0.008446280759111911, 0.032621235906962635, -0.030917785561690336, 0.05061236514559845, -0.10236605080243769, 0.016057588150584248, 0.025298525631065293, -0.05333433069095907, 0.0387159500480556, -0.04088476306185277, 0.07452479219544113, -0.016071965639178384, -0.04703716405835487, 0.07411452701459918, -0.04449976998936453, 0.06578204259975073, -0.10300435502378279, 0.03873130666584672, -0.0023983188119703065, 0.0020040263660691194, 0.003508179150259261, -0.004994786168874276, 0.010394620203874149, 0.0016355775055558975, -0.04267923972048804, 0.06237977797192131, -0.03273396826640913, 0.04256763807098853, -0.06334763909346625, 0.027207136593292044]]
P3->P5
[[-0.0047089637732319525, 0.005078846569925937, -0.003936956935848832, 0.006141104469094806, -0.006643003920879703, 0.005134717567415274, -0.001412450291541606, 0.0014960825627614062, -0.0011972490960882724, -0.00037640278786913123, 0.0004082450601874279, -0.0003046338946684978, 2.1594358164131555e-06, -1.742482535203527e-05, -8.57750826141845e-06, -3.0659265207873165e-06, -9.114902237222867e-07, 6.519100046494318e-07, 9.936572798335191e-06, -1.652707951738914e-05, 5.896661705009804e-06, 1.5466495305165223e-05, -2.133143889147511e-05, 1.0169054051558523e-05, -1.5874685863460858e-05, 2.0647599396834224e-05, -5.855067021099812e-06, 4.669208715863343e-05, -6.116919348798485e-05, 2.703004405129741e-05, -5.460912056963394e-05, 7.634784182054801e-05, -3.114603873188987e-05, 5.173533158086605e-05, -6.798446739303014e-05, 2.767451871872724e-05, -3.8496209792076423e-05, 5.374956654534792e-05, -2.1463985767604424e-05, 4.481884829252051e-05, -6.259015080522352e-05, 2.6654078235282035e-05, -2.1630770284221635e-05, 2.9435766792921786e-05, -1.3731558533685678e-05]]
P3->W3
[[0.21873586079503599, -0.007030898543621301, 0.010335877395130458, 0.3047636747478187, 0.135225848145812, -0.0004234714722637919, 0.20079913048506104, -0.1911600023912444, 0.039998940523192354, -0.11242270094688822, -0.03450251817881881, -0.10464507468152077, 0.07586085173558807, -0.35806488521656976, 0.09905040324558034, 0.06511976812889826, -0.18981762248292966, 0.11047743343261826, 0.03131664402028722, -0.022941713916306786, 0.08862025749034916, -0.08719157916367803, 0.20314012194088235, -0.02897484166898432, -0.13734193885312437, 0.2652659664523595, -0.10018591992458899, -0.020371751116909594, 0.036011324842180066, -0.015231745529375694, 0.006046377796103556, -0.009155954924538872, -0.0088112922492737, 0.10338432118366142, -0.1798713849018081, 0.08673465982760786, -0.017331212291282417, 0.03484349467103159, -0.01912529438834595, 0.015820552997426126, -0.03213795435616317, 0.022395554680465838, -0.06998371369823973, 0.12188382795302498, -0.06279787940081341]]
P4->P5
[[-0.005258453765450209, 0.0056826973680216275, -0.004384667495606078, 0.006968040054097672, -0.007526022417693581, 0.0058146671023229166, -0.0015156859959974687, 0.0016308334056197922, -0.0012715660979504672, -0.00033665863716166467, 0.0003717606684699291, -0.00027141174129598417, 1.591527313278122e-05, -2.3253836977582306e-05, 5.6052222376695095e-06, 3.443415575480985e-05, -4.2159044908454594e-05, 2.888090939197533e-05, 2.944521764734441e-05, -3.591819177149222e-05, 2.1787652024927445e-05, -2.0872707853428765e-06, 3.7769983657679932e-06, -2.897836558497128e-06, 8.48304591505873e-06, -1.1433785574204492e-05, 7.7181479801454e-06, -2.460838284049264e-05, 3.419716915726692e-05, -2.1787735638484044e-05, 5.535846276925664e-07, -9.61195123601064e-07, 6.247930997692092e-06, -1.63998540682641e-05, 2.2592016126496243e-05, -1.4519619230708731e-05, 5.943472331429913e-06, -4.931559021544163e-06, 8.3108381076459e-06, -4.9762761349785265e-06, 5.384140778874887e-06, -6.269599620058973e-06, -3.837718897530822e-06, 8.122467776122238e-06, -1.1816434327138466e-06]]
P1->P3
[[0.142963039438535, -0.09191271453162107, 0.09481911279095627, -0.23402596672023765, 0.14828979778214058, -0.14974795082577577, 0.11814858930686048, -0.0709608122266406, 0.06459645690660107, -0.019980498075354257, 0.010298689416528934, -0.00028647829507652734, -0.014399891480415873, 0.0055772619056476125, -0.014032355817826084, 0.005517328646246383, 0.0028040253158958524, 0.0022560618937253465, 0.005439480510680611, -0.00732854384556195, 0.004794768140602248, -0.004919830575639669, 0.004311478496065322, -0.002865680875561896, 0.0010625183467759501, -0.0011205132338478183, 0.00047673671752345413, 0.0004899169189221687, -0.0002498499692444325, 1.4866764111811232e-05, -0.0002957742528439477, 0.00041251459439676385, -0.00013274834829551105, -0.0008667907174515619, 0.0012158943863344353, -0.0003265948527908539, 0.0021166235882613803, -0.003249006052614998, 0.0012784149419487563, -0.001956733565834983, 0.0029605991867994695, -0.0013673674378080227, 0.0005884963075707499, -0.0008021740116913999, 0.0004606391573012465]]
W3->P5
[[6.091757070625149, -2.6053980100492615, -0.552019333701826, -4.45671650435318, 2.4578103876510804, 0.5386428003726977, -1.2462039682235544, 0.8261863128783887, -0.3615637749178266, 1.3712723420198756, -2.4732814471866966, 0.8379303354824592, -0.23847631295174362, 0.10789620110616628, -0.011662967784218664, -1.282122992799726, 1.7597490326201153, -0.5693111267702916, 0.6821669456813383, -0.9062087956559142, 0.33647798463933726, 0.41779634659449516, -0.4944819927103987, 0.18486139172489677, -0.6473795757240742, 0.9975875767592337, -0.3276419918205454, 0.14189619348515348, -0.1381060887694614, 0.0650734830757055, 0.22682909806310744, -0.312972157883773, 0.12183028637269941, -0.18619522877242575, 0.2975415120461421, -0.12478749255222264, -0.05354612948026743, 0.05103213132289205, -0.019527400450367948, 0.1097576044455482, -0.14879643174310334, 0.03712313350920938, -0.099971674935137, 0.1183959076468518, -0.04696349941483656]]
W3->P4
[[0.1902842431463275, 0.04807394423114252, 0.032939956902621095, 0.28091269564332394, 0.06820882067413593, 0.01648433811319257, 0.11580819608482945, -0.08950472278256859, -0.026978849348644765, 0.03153233689392259, -0.18175517275977826, -0.030605078170709538, 0.051054399680297353, -0.23436455671388462, 0.03455513775814682, 0.05670240199070921, -0.15151336041628047, 0.06528137508694473, 0.018887791717224756, -0.039102301386539084, 0.059308348574215276, -0.030026674316474707, 0.05926730687136233, 0.029709479721563604, -0.053553774738278555, 0.10038401966874715, 0.003927887354173451, -0.04766987483843466, 0.07790576290894781, -0.006430833724700615, -0.034825288965661345, 0.06513071158819984, -0.02191703391055663, -0.01389320975858153, 0.018765722084372976, -0.016333179761806267, -0.005993511781320126, 0.021437828158760566, -0.021482872286367305, 0.0030886899535678214, -0.006501569216704191, -0.007053226800702855, -0.0010558284595009219, 0.012503426918143112, -0.009353489058225061]]
W3->P1
[[0.42359160092464737, -0.057038438500062495, -0.06521891791191436, 0.06059639491486831, 0.00924996907081348, 0.05782216599756917, 0.009840108595549124, -0.15267079496590982, 0.07737191121862522, -0.05930249670710995, -0.014790765744388293, 0.0005512384171156764, -0.016648394680271277, -0.037470400665182535, 0.009709321849519318, 0.015195945329367385, -0.010836803400150216, 0.008548645084672908, 0.03979803114369891, -0.030194308691671536, 0.023243104495474873, 0.03234321042438815, -0.02091963847597961, 0.024012827266010933, 0.010292515136610085, -0.0017157973089259259, 0.016398483687646542, 0.003449940184325332, -0.02153377204958743, 0.019292689470382936, -0.009194680863085367, 0.013461005790495433, 0.0022921195226862302, 0.0035089259613362133, -0.019806072595177592, 0.010516565373582858, -0.009022870327095542, 0.03188359801097954, -0.01010121156225249, 0.002293998146998323, -0.00482266390130777, 0.001441621199158911, -0.009258173460061402, 0.03345621369436287, -0.012324515284666332]]
W3->P3
[[0.21822637038071205, -0.00654251258497428, 0.01024369792746379, 0.3039931306754158, 0.1358825018289602, -0.0005097807090995238, 0.19988960336742717, -0.190282540549814, 0.03983802530598577, -0.11310368990367863, -0.03387613806969346, -0.10476242236327848, 0.07520168311773857, -0.35741922224663314, 0.09891092740206098, 0.06467713284612313, -0.189400774547095, 0.11037473583296083, 0.030951887634138683, -0.022573552029129102, 0.08852482622734253, -0.08743317296308915, 0.2033863008363553, -0.02904698942470926, -0.13747052770040355, 0.265399955190719, -0.10023288069131502, -0.02050855421565255, 0.036174356468112415, -0.015301800645255392, 0.006114004981919522, -0.009253591966967303, -0.008798509988818298, 0.10333865724998928, -0.17980823312613195, 0.08670086761402225, -0.017239959622757033, 0.03473069654451606, -0.019111275046067206, 0.015790230789154463, -0.032090949253928906, 0.022376537995496354, -0.0699087463935112, 0.1217865032559496, -0.06278325951658846]]
P5->W3
[[6.092261093325173, -2.605882076223807, -0.5519313159184377, -4.455884633635494, 2.4570784069271085, 0.5387684818924091, -1.245279198471332, 0.8252757666594472, -0.36139519183849955, 1.3719460932518184, -2.473887643636396, 0.838038227745697, -0.2378416326623657, 0.10727646417314987, -0.011543021817922137, -1.2816789202835872, 1.759333516265316, -0.5692075333648381, 0.682522365566043, -0.9065621497597927, 0.33657014288465453, 0.4180618019331643, -0.49476310466931545, 0.1849501549870096, -0.6472548773368422, 0.9974659996166682, -0.3275945286524472, 0.14202846008182202, -0.1382683421998309, 0.06513870258969377, 0.22679557828459285, -0.31291865392494966, 0.12183867612299648, -0.1861535303653147, 0.29747498464239375, -0.1247558333361548, -0.0536318120930432, 0.05114108836915527, -0.019540176271074995, 0.10978368622549649, -0.1488385476930586, 0.037147193547689826, -0.10004677123484867, 0.1184960673070742, -0.046980841774560696]]
P1->W3
[[0.4240312337541878, -0.057429982340443726, -0.06517759363813966, 0.06146725687353214, 0.008459806986711841, 0.05797689325675777, 0.010704487988641206, -0.15349380302005566, 0.07749974470457337, -0.05858514346388975, -0.015464238797663085, 0.000687064783184116, -0.016003412296917697, -0.038100160661501126, 0.009839481600191716, 0.015657604885024465, -0.011281764683495673, 0.008663605147153338, 0.04011791217071899, -0.030498944393305357, 0.023306459988607614, 0.03261693803310787, -0.021209025611774433, 0.0241096247078599, 0.0103973378723778, -0.0018111668236375396, 0.016428543082213858, 0.0035742856514137116, -0.021682226145348205, 0.019353823484752498, -0.00919127703981208, 0.013459194502932651, 0.002319595564582117, 0.003547074527762427, -0.019867744206324152, 0.010547856398675809, -0.009042855484500019, 0.03190153357657866, -0.010070562621940919, 0.0022734181535626267, -0.004800861067189307, 0.0014323520764272877, -0.009304971554335522, 0.03351509953562765, -0.012320987576300487]]
P4->W3
[[0.19080547369937684, 0.04757044928589319, 0.033043455179323104, 0.2816622508820806, 0.06758165216529381, 0.016546098784946155, 0.1167565543338596, -0.09043475640659253, -0.026785893620312178, 0.03218631521177757, -0.1823421938401956, -0.03051107556442893, 0.05172218665510003, -0.23502263673543616, 0.03470266933738039, 0.05709926255260923, -0.15186579587258, 0.06535404101819205, 0.019218744795893392, -0.039419284807823016, 0.059380469781659256, -0.029771524842822517, 0.05900290520189912, 0.029791624993698463, -0.053424210878184615, 0.1002511230032881, 0.003973737340000776, -0.04750518756793534, 0.07770606661599995, -0.006340845168213228, -0.034878131698583656, 0.06520661171019357, -0.021926325097986647, -0.013820322118886359, 0.018665708178097262, -0.01627765363904325, -0.00610010218944406, 0.021569216105574378, -0.02150788196478633, 0.0031337294944765856, -0.006564773748441393, -0.0070205539096174375, -0.0011631748158056946, 0.012644493359982687, -0.009392506890992556]]
P1->P4
[[-0.10911686348679868, 0.026330365049300725, -0.07072802065171804, 0.1416800466641408, -0.018096261044526465, 0.08829445558821465, -0.018877355283206623, -0.024132393131934517, -0.006063633731322199, -0.022666560608800485, 0.01816158115317728, -0.017339480690489264, 0.0048643260016833015, 0.001907077395403354, 0.002375906510353374, 0.004925897184316497, -0.003498605367331213, 0.0037025847024039714, 1.3468296535996395e-05, -0.0016350291821615444, 0.00042101951177358674, -0.0006980388729000524, 0.00014404915149772456, -0.0004509560998297218, -7.0738532516021e-05, 0.0005114859902683654, -0.00015079724456479004, 0.00017226141939940967, 7.038222528285199e-05, 0.00014976068413572526, -6.967015499804042e-05, 1.0399131262031023e-05, -6.0764097682509796e-05, -1.657202452032821e-05, 2.235320157164974e-05, -4.950816346430866e-07, -0.0002549555734909148, 0.00032943257952260693, -0.00023923241883474253, -0.00014636256653962772, 0.00017473007183639428, -7.262779226023517e-05, -0.00013509761765948528, 9.670756638391521e-05, -0.00014318032936190583]]
P1->P5
[[0.002900760597397938, -0.0031333780955037746, 0.002414670152645852, -0.0023314135123542654, 0.0024937057300364793, -0.0019462552195576857, -0.0020468847200109685, 0.0021121473825675453, -0.0017298168239793896, -0.0007125675281971303, 0.0007383508008759728, -0.0005964316048739247, -0.00019464144066397082, 0.0001267469090728873, -0.00017963069686204405, -7.125720288228603e-05, 2.9511591574916843e-05, -6.232568321113693e-05, -9.91047991115309e-06, -6.15769765807759e-05, -1.6395828084971448e-05, 6.579246284632799e-06, -6.515356070459089e-05, -3.1039335473637522e-06, 4.569096016117295e-05, -9.69440174138859e-05, 3.588953516937053e-05, 9.60847665210929e-05, -0.00017153221780644729, 7.159253692216419e-05, 6.098370294753237e-05, -7.148500874956372e-05, 5.878247210472702e-05, 9.323358813534921e-05, -0.00014647312688603758, 7.124337347543521e-05, 3.678716556013929e-05, -9.783665123824367e-06, 4.4232245555136404e-05, 5.146607630406419e-05, -7.67283179120337e-05, 3.525922385465429e-05, -2.4228263147525965e-05, 7.03644555872796e-05, -6.283573494746379e-06]]
