==============================
B1_Frequencies_1
P1->W1
[[-692443.9169936769, 724349.6006837615, 567066.7971375214, -1192845.109628805, 618850.694592923, 541300.0979614545, -1343205.5493237504, 1399995.4811685341, -972264.2939643557, 491537.47154140036, -184241.68636457535, 50414.39637933591, -9592.02037680374, 1140.2202317203564, -64.00682820972139]]
==============================
B1_Energy_1
P1->W1
[[1184.428911269123, -1231.3884924898446, -980.8791304484953, 2029.3923581375125, -1024.1247172504632, -946.0128903097369, 2268.35941049352, -2323.4196575282913, 1586.7241539069794, -788.0635184039597, 289.79974873708795, -77.69270779795582, 14.465151838101708, -1.6810312494814252, 0.09220281144364582]]
==============================
W1_Frequencies_1
P1->W1
[[0.0, 0.0, 0.0, 0.0, 0.0, 0.0, 0.0, 0.0, 0.0, 0.0, 0.0, 0.0, 0.0, 0.0, 0.0]]
==============================
P1_SymmetryFactor_1
P1->W1
[[752288.1971939814, -784437.6598133626, -619684.6042059697, 1292326.4306753366, -660953.7292640731, -594780.7750756103, 1449679.3518503213, -1497372.205442322, 1030902.8790935918, -516421.0205750714, 191668.61121715815, -51895.23676732579, 9763.64175230904, -1147.0610702857578, 63.614724501227556]]
==============================
P1_Frequencies_1
P1->W1
[[-224793.8762735825, 237050.89774896874, 181366.6877126327, -389964.53502244904, 209498.55633103877, 170650.53515960329, -443301.05990770616, 472349.4081898088, -334868.29370239365, 172930.4914239216, -66276.74624831945, 18561.1583718595, -3617.2469062245023, 440.6605680642781, -25.35647286236371]]
==============================
B1_ImaginaryFrequency_1
P1->W1
[[271332.0308002162, -283667.6050288856, -222417.33408996146, 467130.5435294845, -241796.37207167438, -212361.26580846775, 525601.5201379044, -547298.5862443731, 379916.9410751886, -192097.25657540234, 72070.74617479635, -19760.780190714027, 3772.804828717116, -450.87701226078735, 25.505559673072245]]
==============================
W1_SymmetryFactor_1
P1->W1
[[0.0, 0.0, 0.0, 0.0, 0.0, 0.0, 0.0, 0.0, 0.0, 0.0, 0.0, 0.0, 0.0, 0.0, 0.0]]
==============================
W1_Energy_1
P1->W1
[[0.0, 0.0, 0.0, 0.0, 0.0, 0.0, 0.0, 0.0, 0.0, 0.0, 0.0, 0.0, 0.0, 0.0, 0.0]]
==============================
B1_SymmetryFactor_1
P1->W1
[[-115289.49598712949, 118985.62577871719, 96786.08158861924, -196370.93386643924, 95607.01907015766, 94816.3801159475, -217648.6580296794, 217342.95499743542, -144292.9331125395, 69189.5409948337, -24318.026050810135, 6143.592032562392, -1056.5427893155766, 110.1400066760463, -5.179044728965321]]
==============================
P1_Energy_1
P1->W1
[[2269.080318238369, -2365.896315430208, -1869.3674046693138, 3897.787186508845, -1992.8305250001467, -1794.6166923285127, 4372.082232241484, -4514.673095498799, 3107.21907206372, -1555.8644382825275, 577.1272120025133, -156.14229706789473, 29.347698671440668, -3.4433892717209607, 0.19064610418970543]]
