==============================
W3_Energy_1
P3->P4
T_min:200.0 K    T_max:3000.0 K    P_min:0.0001 atm    P_max:10.0 atm
[[-26.107197634778043, -1.1796939734147824, 0.07116441586709467, 7.673756368209627, 1.319716921279669, 0.005101904571628209, 1.2143407471317027, 0.29343950629057136, -0.16994403242795905, 0.5576546877223976, -0.4938428330174088, 0.05235506452211738, 0.2175171230290031, -0.17177097262424496, 0.10948685527053968, -0.011018834475873278, 0.2376456341908092, -0.038934458284514056, -0.01633029737425689, 0.14596520370934374, -0.08029313294429732, 0.09503296762124373, -0.13814150237049377, 0.03015872157267092, 0.05157311912431331, -0.09891708615419517, 0.05076920992814304, -0.061952729649122615, 0.08392132457275649, -0.021342619180796673, -0.03645734057573362, 0.053421881500486455, -0.028553489138397847, 0.02272915940192069, -0.03391994764522035, 0.010197695675962007, 0.035632096029715815, -0.04786490884378555, 0.02034111669790982, -0.018615863403499803, 0.0309895375148271, -0.00889487210580874, -0.010822848524967609, 0.018392146383540954, -0.009766371030464165]]
P3->P5
T_min:200.0 K    T_max:3000.0 K    P_min:0.0001 atm    P_max:10.0 atm
[[-26.038300536198555, 0.0027308759231150503, -0.0021104510777257544, 12.076056336968172, -0.0036667329780529375, 0.002821950000462024, 0.030150727053793416, 0.0010568132042216797, -0.0008227602585481044, 0.04473631618689119, 0.00019402004308756316, -0.00015756546234063108, 0.04846867039055971, 4.1234804075633686e-06, -6.843628781859389e-06, 0.035254911631082186, -5.659015543629253e-06, -8.202161862981206e-07, 0.0207434831991394, 2.9221691182318305e-06, -4.510589482351267e-06, 0.010570133752935047, 1.434229982534227e-07, -2.3972189385394443e-06, 0.004863368837312287, -3.83061218691529e-06, 9.416242361460034e-07, 0.0018720193407530605, 2.3391174823902033e-07, 8.547286612209549e-07, 0.0007941053050058608, -8.6736510107642e-06, 4.699859295337416e-06, 0.00016670173175819934, 3.7456211301924768e-06, -2.3992656102418906e-07, 0.00017711039779172327, -7.444396659835889e-06, 3.7109180398629273e-06, 2.1105867831697587e-06, 4.1347565828644946e-06, -1.2057949222680382e-06, 0.00010057194099940868, -1.1435829013941815e-06, 1.7191815034367185e-07]]
W3->P5
T_min:200.0 K    T_max:3000.0 K    P_min:0.0001 atm    P_max:10.0 atm
[[-6.291605455631126, 3.5195507970870175, 1.0787814566752756, 14.069823158648374, -1.1812617490789, -0.940330129817431, -0.6529584744576532, 1.1074258928665817, -0.3809200183786934, 0.030600844000992024, 0.35972876715757574, -0.15260027466308243, 0.4819868691874186, -0.29412205139862807, 0.045597633835209456, 0.2891203572592408, -0.16215785799979593, 0.024004472630721207, -0.004487205392567827, 0.08769898904273654, -0.060474623992243744, 0.06174497598133833, -0.10171505001194384, 0.0022193021800928844, 0.09477298646670271, -0.18413086388764266, 0.03420630814929469, -0.018464551440637723, -0.048811087870168406, -0.00978972014120188, 0.010973608975557103, -0.07592055375421716, 0.0314438633879805, -0.031068202747224848, -0.025741252945193378, 0.01434457414683503, 0.013332828298334258, -0.04875576600831692, 0.04122605244015279, -0.039900508912827946, 0.025215938269001346, -0.0012331043711168112, 0.03755007058116866, -0.04934998036899691, 0.032751936562555206]]
P1->P4
T_min:200.0 K    T_max:3000.0 K    P_min:0.0001 atm    P_max:10.0 atm
[[-16.192989659916453, 0.05687918344938528, -0.1355108629678832, 0.6946076133698464, -0.06809683946897929, 0.19063896792189916, 0.4590543312642069, -0.002070225803454403, -0.049306158555122714, 0.1531553221659267, 0.019915665963678015, -0.0177739704843107, 0.10131095136385208, -0.0025007972426960685, 0.00941753557005209, 0.10631707620404499, -0.004568143738606366, 0.004329390532446863, 0.07742903715418688, -0.0003742279177064459, -0.0015205190143548024, 0.03700300191933605, 0.0007187689247719987, -0.0009752158655396124, 0.009237332296353653, 0.0001321882420332744, 0.00041548491397834015, -0.004924437855091997, -0.000387621950317681, 0.0005061351351499912, -0.005884227094279207, -7.121911711959096e-05, -6.63624429633093e-05, -0.00743503054507612, -9.32111178484924e-05, 1.5128244457029645e-05, -0.0020840071601012414, 0.0002907559156339734, -0.0001506207399167917, -0.002432213678466035, 2.8968275863854723e-05, 3.3953338413335025e-05, 0.0015157926889135221, 0.0002442857452369921, -0.00018215995481845175]]
P4->P5
T_min:200.0 K    T_max:3000.0 K    P_min:0.0001 atm    P_max:10.0 atm
[[-34.007958400976996, 0.0031362933189358344, -0.0024263456598738816, 19.581395726205486, -0.004256368120065513, 0.003293382015252445, 0.1631143991769107, 0.0010519398905244662, -0.0008150917270317581, 0.12029989978096954, 0.00018057676493887095, -0.0001388774134992354, 0.08666495792287564, -2.4468644658747733e-05, 1.816350651355534e-05, 0.05220415331809028, -1.904363269136139e-05, 1.4915905760400316e-05, 0.027149193067649024, -7.764470603403893e-06, 5.695034076698004e-06, 0.012612543074935681, -2.1026112649117295e-06, 1.3269652619403716e-06, 0.005453485791230884, 1.2212791244861877e-06, -1.0051410759874214e-06, 0.0020801316284098192, -1.0320307400287379e-06, 3.50162823622228e-07, 0.0010300246246655123, -6.754876801309476e-07, 7.547550825737796e-07, 0.00033571571761974287, -2.255706914677734e-07, 1.952562563080421e-07, 0.0003886676547662844, -9.91970568082641e-07, 1.0833534662102158e-06, 8.12480050313437e-05, -1.4781709644933325e-07, 1.8585766196849086e-07, 0.00019649314847427856, 1.0779702209693702e-06, -2.4585209989945375e-10]]
P5->W3
T_min:200.0 K    T_max:3000.0 K    P_min:0.0001 atm    P_max:10.0 atm
[[-19.162666616677694, 3.521283771179257, 1.0784121946971499, 2.1011349858544777, -1.1785272302187415, -0.9408547033120265, -0.36161421888663753, 1.1104859497800672, -0.3815885327462741, 0.19181301309125248, 0.36186310201519406, -0.1530193383855784, 0.5513321740917093, -0.29200495392856063, 0.04514092151795388, 0.3172165528409632, -0.16083048887725251, 0.023750599320488834, 0.006592537320287819, 0.08874077285553354, -0.06069105990669638, 0.06629013966539529, -0.10110798278800547, 0.002094250985602512, 0.09688191568612535, -0.1839489011321345, 0.03418458983375305, -0.01757820727768997, -0.0486111940570189, -0.009835467769388992, 0.011769900125407731, -0.07621620525149918, 0.03154251132718076, -0.030817331430072998, -0.02573277173832233, 0.01433745907867326, 0.013897456118605067, -0.04923730609700319, 0.0413692899934228, -0.039816103487008515, 0.02517683275105937, -0.001228276783815842, 0.037910198547859784, -0.04972697222846757, 0.03286811130368268]]
W3->P4
T_min:200.0 K    T_max:3000.0 K    P_min:0.0001 atm    P_max:10.0 atm
[[1.0265985078010904, 0.535981453068711, 0.09439610355333294, 3.43197157973179, 0.9934655611983556, 0.08326289790647808, 0.0235364340309504, 0.7865032779696648, -0.16468619118396693, -0.14488704131298075, 0.43730435700150944, -0.21519209107260712, 0.20591029854605183, 0.09319994503236236, -0.13425426647208066, 0.2738490818947661, -0.14459176614828706, -0.0016094579241406385, 0.16168015155516688, -0.2278303743387542, 0.05165145767615263, 0.08972446622109946, -0.22371996260720234, 0.06420296613345115, 0.06170514622355739, -0.18331702445259038, 0.059921711411283815, 0.02549783768568364, -0.1175905457191172, 0.034615338253224416, 0.01569244829138066, -0.054472903307009664, 0.031056462938400954, -0.02317134332825172, 0.008069589468087654, 0.0020391091923033368, -0.009386103757560889, 0.026401622490796733, 0.012168171783259093, -0.023157770058567333, 0.03121581009105882, -0.006082068458072224, 0.0070554939129075095, 0.00758877997940316, 0.011122742512040349]]
W3->P1
T_min:200.0 K    T_max:3000.0 K    P_min:0.0001 atm    P_max:10.0 atm
[[2.7183393982971302, 2.3586980957078976, -0.2544179473472721, 6.187736234226601, -0.2534113113962985, 0.15065775838288706, -0.3138651496497137, -0.2852918178484575, -0.006792897422077526, 0.10883911170346826, -0.13485519141295718, -0.015476485525338562, 0.170215953320706, -0.08305786217155053, -0.016231643063597385, 0.08292304434915353, -0.05575493607342667, 0.013654005452158896, 0.000771976182163406, -0.049622407220991795, 0.019315371859615408, -0.03974672740163092, -0.04457704842299242, 0.023984255853343926, -0.03270186011248038, -0.04177974679703535, 0.024812049288021488, 0.007088037873411608, -0.04915144647900395, 0.011470867834534115, 0.024906625691291772, -0.0434866557869887, 0.02224298257179144, 0.0423651179707817, -0.045352418207648994, 0.008381858601714491, 0.021229723971034578, -0.022883384466840122, 0.0240170525929284, 0.018615726365050392, -0.01584288437532422, 0.0050366726219756314, -0.0030621983249397027, 0.0025776131742251012, 0.014684492540335523]]
W3->P3
T_min:200.0 K    T_max:3000.0 K    P_min:0.0001 atm    P_max:10.0 atm
[[0.1570137862253355, 0.6640425753248365, 0.025910893321876967, 4.060285796282095, 1.0811172868978824, 0.1016783117710042, -0.43179113964378, 0.7837916456407601, -0.11026373050353111, 0.06073097966533078, 0.4636218873280524, -0.24145347537344572, 0.4370672238917769, -0.08709438856308183, -0.14220044251590497, 0.3840918088565364, -0.34208013244438257, 0.019442758839312676, 0.2318778944975074, -0.4017379470332442, 0.1318747034751149, 0.04398300670184917, -0.2002639357086689, 0.11200573565756107, -0.08369326800929233, 0.024859749446549815, 0.02514296024395923, -0.05062664910528832, 0.012663469995000802, -0.011897691898267887, -0.04259931704862068, 0.046472399193630456, -0.024316895096701156, 0.07645259325662918, -0.12484111693641368, 0.033469706519894345, 0.01775572202413629, -0.007452905478464884, 0.024148652513324164, 0.05732856743173041, -0.08115839026129318, 0.0386491476560767, -0.03614840822985125, 0.06956051469195393, -0.006525610255484385]]
P1->P3
T_min:200.0 K    T_max:3000.0 K    P_min:0.0001 atm    P_max:10.0 atm
[[-15.07037310522368, -0.08892858969263226, 0.10243354253591071, 0.547077432672045, 0.13145361383627993, -0.16423224544456638, 1.0689983641661591, -0.03578493984110582, 0.0759239622438961, 0.19136783434809349, -0.029803059113345947, -0.004419727278239621, 0.05953100444828935, 0.03549962187953945, -0.018619956057515378, 0.05448696243575535, -0.013196841626903561, 0.010499816038719691, 0.020755751431196262, -0.000965593132134961, -0.0003661575725577796, 0.008537614276301213, 0.0024469247410743955, -0.0019068539990326075, 0.004719412638362379, -0.001289379830214595, 0.0009004620689619324, 0.0015343794418319105, 0.0005597788641634516, -0.00010217546519382566, 0.0010464634001252973, 0.0004650823211627162, -0.0002983217595047046, 0.0011633942835978896, -0.0006662152020211465, 0.00036724163241449374, 0.0006141578381401466, -0.00024269848600161643, -0.00016372047680078317, -0.00022199509554373038, 0.0008202604359472911, -5.3045392021905936e-05, 0.0004909043036082708, -0.0005254012476188111, 0.00014657884569289223]]
P1->W3
T_min:200.0 K    T_max:3000.0 K    P_min:0.0001 atm    P_max:10.0 atm
[[-14.770176914750872, 2.3604331753904595, -0.2547885043204337, -1.2088980859955216, -0.2506793261283586, 0.15013476435925652, 0.12398242834577496, -0.28223105623219114, -0.007462193379423512, 0.29575147102301047, -0.1327207053124112, -0.0158951826846155, 0.24199219006861822, -0.08094448830524803, -0.016686741663880622, 0.11045903195398098, -0.05442565508939494, 0.013399440147541774, 0.011458882122836573, -0.048584222818886864, 0.01910055679400725, -0.03533796003283602, -0.04396878294685433, 0.023858809421328522, -0.03062455635430015, -0.04159980904402233, 0.024790769109335246, 0.007969809845617208, -0.04894999615946507, 0.011424005832614485, 0.025706479479309225, -0.04378323559822303, 0.02234232717379947, 0.042618302991016634, -0.045343411561593806, 0.008374063511991473, 0.02179765816520208, -0.023367177915763343, 0.02416201850626485, 0.018701621907119263, -0.015883682434680527, 0.005041694335987787, -0.00270330487396239, 0.0022029576834338704, 0.014799732140607556]]
P4->W3
T_min:200.0 K    T_max:3000.0 K    P_min:0.0001 atm    P_max:10.0 atm
[[-32.294459737667516, 0.5377131445482153, 0.09402676762185709, 11.19453067286678, 0.9962083728441433, 0.08273573199981431, 0.4265424804994901, 0.7895557938960834, -0.1653525520623519, 0.0352856278028401, 0.4394417926423771, -0.21561114110695756, 0.2786387158785169, 0.0953123954858666, -0.1347093768385172, 0.30276550892971466, -0.14326689407836604, -0.0018615851669722136, 0.17306043464979773, -0.2267868403359323, 0.051433929535335224, 0.09440163613172821, -0.22311434850269704, 0.06407839491179772, 0.06386005220847173, -0.18312916928449582, 0.0598971841697847, 0.026398353035138274, -0.11739418103561228, 0.03457056424757165, 0.016484619647781595, -0.054764650980669384, 0.031153954759143076, -0.022924869555016963, 0.00807812364153189, 0.0020310130012995004, -0.008822047195017581, 0.02591725494082362, 0.012313757644114348, -0.023076158570849173, 0.031178458883472197, -0.006078683223267866, 0.0074138280720451805, 0.007213799552465932, 0.011238211803088935]]
P3->W3
T_min:200.0 K    T_max:3000.0 K    P_min:0.0001 atm    P_max:10.0 atm
[[-24.665412585807484, 0.6657769028308249, 0.02554106056492726, 4.512276925605565, 1.0838518393787349, 0.10115378831870224, -0.055411820452963674, 0.786852044998891, -0.11093253931600126, 0.22091113802578252, 0.4657552693792908, -0.2418717736796544, 0.49743581999251196, -0.08498143346462568, -0.14265503822900222, 0.4062566714286234, -0.3407532877009197, 0.019189303672829092, 0.23988128612368195, -0.4006976935047937, 0.1316590060329721, 0.04700012775699228, -0.19965418298985427, 0.11187924460663715, -0.08236494409501513, 0.025041083613411817, 0.025121788824624052, -0.05013787847831746, 0.01286164543137737, -0.011942911815076934, -0.04203435624248804, 0.04617426957634947, -0.024217210888118852, 0.07659576606773312, -0.12483026096423068, 0.03346142583514974, 0.018242656791089804, -0.007937621094939245, 0.024293631875812596, 0.05739086933294786, -0.08119596933989497, 0.03865302232030064, -0.03581911990746694, 0.06918586506686765, -0.006410578276187667]]
P1->P5
T_min:200.0 K    T_max:3000.0 K    P_min:0.0001 atm    P_max:10.0 atm
[[-15.13304723900324, -0.001964937525511967, 0.0015524365345636797, 3.628898588756722, 0.0016425038795702827, -0.0012686377623531532, -0.20417801820780712, 0.0016808922739985574, -0.0012780245567251135, -0.08345306516545642, 0.0004913691029545999, -0.0003830726716027674, -0.01632074925707645, 0.0003682709546751302, -0.0002858258093240953, 0.006612277142165417, 0.00013777237366130297, -0.00012875318847559248, 0.010245771459910971, 0.00018263187549768845, -0.00016806800888587782, 0.007831480593375824, 0.00012791159972842686, -0.0001354244020436185, 0.004848569072942396, 2.841949779131885e-05, -6.722542824678461e-05, 0.0024954517935806943, 8.855715921492512e-05, -0.00010881550518301175, 0.001189232313537062, -0.00012582158206394907, 4.783881295336495e-05, 0.00042642702161844895, 2.6503160640051263e-05, -5.146591229898627e-05, 0.00011988681283289544, -0.00020551465602112329, 0.0001230820206070908, 2.1173460219015836e-05, 6.931071098053682e-07, -1.357902771792147e-05, -2.026672383122851e-05, -0.00016881559469025256, 0.00011462049188309313]]
