==============================
B7_Energy_1
P3->P4
T_min:200.0 K    T_max:3000.0 K    P_min:0.0001 atm    P_max:10.0 atm
[[-26.111114440951635, -1.1712653632930143, 0.06921432750408134, 7.7116120008328615, 1.3138284138574745, 0.006846085527419838, 1.230270386829703, 0.2874020406391247, -0.16985673277128358, 0.5610880958631089, -0.4952279608878252, 0.05424222615559062, 0.21282516693528986, -0.16333592527764632, 0.10735248509867044, -0.013786003705654441, 0.23760594971057677, -0.039910762139969004, -0.01684475953145031, 0.1404316971505662, -0.07891244549245953, 0.09357861587275125, -0.13950957308039103, 0.03147958753341081, 0.04893393650496571, -0.0950236393502556, 0.04969444238919664, -0.06241981631810298, 0.08654208114212807, -0.023002415697749638, -0.032409120973250764, 0.04848146284909953, -0.026667248921634332, 0.023412830584166686, -0.03344956273834076, 0.010190246651743432, 0.03502253442305194, -0.04716788907301809, 0.020303127005830764, -0.020240847743053847, 0.033598053529700286, -0.010249600096842913, -0.009389576626917641, 0.015431136832327387, -0.008532353042246485]]
P3->P5
T_min:200.0 K    T_max:3000.0 K    P_min:0.0001 atm    P_max:10.0 atm
[[-26.03906868664386, 0.002908372784568236, -0.0022477348390647573, 12.075237180728152, -0.00390861216081363, 0.0030096360338089964, 0.029419191428355137, 0.001115843719382815, -0.0008704151458561824, 0.04446663274534257, 0.00021247551705696108, -0.00016988204096525443, 0.04849877993554817, -3.5198681150179813e-06, -2.5202302227292413e-06, 0.03538746971040572, -1.055345704531997e-06, -2.805691006909098e-06, 0.02085721077707028, -8.803223063113047e-07, -2.7033680817330278e-06, 0.010613253595139333, 2.2890322285210845e-06, -3.0758801243640628e-06, 0.00485393644494178, 2.3061323742799745e-07, -1.3579776819373612e-06, 0.001845396117568429, -5.595027213557074e-06, 3.985687416049368e-06, 0.0007662652010832027, -9.457911094093768e-07, 6.357673538577461e-07, 0.00015596312622522869, -4.916486104565932e-06, 4.053710461251601e-06, 0.00017028018233535664, 1.5384739679501483e-06, -9.886166295897313e-07, 4.200564906250911e-06, -1.2876982221084453e-06, 1.2092894558145892e-06, 0.00010208389522002343, 4.077757731133659e-06, -2.423204894983132e-06]]
W3->P5
T_min:200.0 K    T_max:3000.0 K    P_min:0.0001 atm    P_max:10.0 atm
[[-6.261234449333258, 3.5507504529184377, 1.0864977572462742, 14.045146537427378, -1.2176695230868668, -0.9426245955379036, -0.6633328729018069, 1.1147190276375123, -0.3905990659177958, 0.03748268789785054, 0.3497638197159129, -0.1505615126027872, 0.47326478195218663, -0.2862417906040474, 0.04374786149771598, 0.2920438368134762, -0.16629391474632885, 0.0258444135580662, 0.0020200435593038988, 0.07704861488951785, -0.05666970192733781, 0.061938188790043494, -0.10300809199102363, 0.0031475522133910076, 0.09468103193150057, -0.18322006987499678, 0.034405676086438866, -0.017772664390460616, -0.05057247511837719, -0.008815465791595388, 0.0164922321033402, -0.07939233100766102, 0.03251759617501249, -0.030886971806351846, -0.025380039927351026, 0.014252497614523454, 0.018924448824201565, -0.05087203070551645, 0.04169600549731153, -0.04212678685052412, 0.029054735813460884, -0.0026711514544084424, 0.03933291918652648, -0.04753032301977282, 0.03185581474089618]]
P1->P4
T_min:200.0 K    T_max:3000.0 K    P_min:0.0001 atm    P_max:10.0 atm
[[-16.187537498509965, 0.056928510300183977, -0.1384691737138963, 0.717252790192263, -0.06750908782689917, 0.19452664563712008, 0.47155124185199987, -0.0033351050012102898, -0.04976970501094543, 0.1607651324289969, 0.020445248581173043, -0.01840219593249849, 0.104578956823957, -0.002328036947655815, 0.009543102839929835, 0.10603659812699791, -0.004650682002606322, 0.0044627698005280545, 0.07497961725211975, -0.0004333066462731225, -0.0015340111900333205, 0.03424554600488144, 0.0007390723330593878, -0.0010200562746511444, 0.007287999211732802, 0.00017565830245293553, 0.000393938975340201, -0.005924972425549606, -0.00034406504086933207, 0.0004903377749291277, -0.005760238777229682, -7.639313897592774e-05, -6.765587617195896e-05, -0.007022083686229062, -8.692996248026298e-05, 4.371794460908767e-06, -0.0013123774345053863, 0.0002697768954746534, -0.00014447771754630336, -0.00205857074024497, 4.210427343075655e-05, 2.862740442229198e-05, 0.0018777973681412497, 0.0002282065632188549, -0.00017329248398626038]]
P4->P5
T_min:200.0 K    T_max:3000.0 K    P_min:0.0001 atm    P_max:10.0 atm
[[-34.00878864815552, 0.0033479068784663113, -0.0025893372944726625, 19.580577598031056, -0.0045463931544165075, 0.003515590810805113, 0.1623758947617446, 0.0011231540694981283, -0.0008695515845571096, 0.12007314674396811, 0.0001899091093850455, -0.00014743451831294462, 0.08673027490198533, -2.3729425884484823e-05, 1.848981207135014e-05, 0.05236302572332562, -2.3209150568744085e-05, 1.7360290534920754e-05, 0.027255028809494316, -8.082543486943043e-06, 5.862455754578932e-06, 0.012639136529695729, -3.648589167926803e-06, 2.0742014887872416e-06, 0.0054300010597402954, -1.1686107622363181e-07, -2.2457245942737527e-07, 0.0020404281712896252, -1.427661013228896e-06, 5.070346590102528e-07, 0.001007971593648625, -1.6619350925615781e-06, 9.002666985187272e-07, 0.00032453149568647665, -2.3592547453623095e-06, 1.3034074612773156e-06, 0.00039354911270211726, -2.016962370012074e-06, 1.319163923627847e-06, 8.27782353012952e-05, -5.882104350058441e-07, 3.6919867092368476e-07, 0.0002051564179215932, -2.3277853522984916e-06, 1.3216152103404356e-06]]
P5->W3
T_min:200.0 K    T_max:3000.0 K    P_min:0.0001 atm    P_max:10.0 atm
[[-19.115094802224505, 3.5524284908171326, 1.086139869562291, 2.0840871610896037, -1.2149533225567328, -0.9431443337550364, -0.3712424730745211, 1.1176800308363304, -0.39124703699964136, 0.19771126408928616, 0.3518824711251441, -0.1509758628895634, 0.5413814007756252, -0.28419459676148096, 0.04330779607825852, 0.3191552558578817, -0.16497837604212065, 0.025595054183759198, 0.012551513685413492, 0.07806823531926052, -0.05688019387909776, 0.06623849979939467, -0.10240804142370813, 0.0030248868256683454, 0.09668926011270608, -0.18301752570658084, 0.034380276781465144, -0.016893937967981665, -0.05037851598470139, -0.008859186619306268, 0.017241531151423774, -0.07963298577097651, 0.03260527082152705, -0.030633547521329886, -0.02536741704875748, 0.01424423440947189, 0.0194287365239176, -0.051287782296439884, 0.04182732479153773, -0.042045535944400005, 0.029020712756061703, -0.0026682489816987893, 0.0396428266340407, -0.047854388552622446, 0.03196102616490115]]
W3->P4
T_min:200.0 K    T_max:3000.0 K    P_min:0.0001 atm    P_max:10.0 atm
[[1.0154077523827485, 0.5377327714593003, 0.09596076755233021, 3.4365069313687093, 0.9955635892078284, 0.08428634598341617, 0.025392788243241676, 0.7839666543790988, -0.16512776151384156, -0.1414992455776185, 0.4318054614150205, -0.216031497289057, 0.20785630980342393, 0.08571271877175983, -0.1324160262303925, 0.27821249139502485, -0.15108168183577736, 0.0014599011129722095, 0.1637906145332554, -0.23164903800556588, 0.05470443327779226, 0.0902623115057432, -0.22445419390137777, 0.06619518557123875, 0.062311942206632026, -0.1825306646529815, 0.06096467735750985, 0.02548056296685197, -0.11739460063079671, 0.03550296214852163, 0.018690101753530808, -0.05487045311274236, 0.03131672393587838, -0.02194420170152807, 0.00697853916898863, 0.0025059471497530825, -0.0058287420609759175, 0.026029407000923235, 0.011897749996232878, -0.022650094973879802, 0.030986761322706703, -0.006058402001524746, 0.009230750361790012, 0.007913364391225267, 0.010697633784799597]]
W3->P1
T_min:200.0 K    T_max:3000.0 K    P_min:0.0001 atm    P_max:10.0 atm
[[2.7180127436062818, 2.35418826024534, -0.25763428202655386, 6.182273728985396, -0.25149658604979774, 0.15340898579342996, -0.3165003084380468, -0.2905682511347654, -0.004837883408728463, 0.10821117208259337, -0.1363687039868154, -0.015778890415422592, 0.16832598199311577, -0.08352203736290836, -0.016057390143754385, 0.082885052956133, -0.05535150841950912, 0.01384615093568718, 0.0013820085056019259, -0.050511035182732526, 0.020082433699800672, -0.038114206427027154, -0.04632646147454129, 0.02493371622499778, -0.030638109134822542, -0.04333364988045736, 0.025615393726713842, 0.007907422186946247, -0.05059631266383917, 0.012357014563060481, 0.026939448900381937, -0.04401123889309964, 0.022547178769212205, 0.043131230693353256, -0.04649619765964036, 0.008942444903452692, 0.023680915075065614, -0.02308664001104768, 0.02392101235785928, 0.019150540678995145, -0.016418237493132648, 0.005258362632884544, -0.0015438162620694542, 0.0029995653983652913, 0.014375955555189224]]
W3->P3
T_min:200.0 K    T_max:3000.0 K    P_min:0.0001 atm    P_max:10.0 atm
[[0.14953542993298408, 0.6627490918129006, 0.027617221724126062, 4.0681851891028655, 1.0775165661039645, 0.10265960970350345, -0.4317549686138815, 0.7808832469373228, -0.11030024395421797, 0.05576720675936113, 0.46630451898696446, -0.24481253023067828, 0.4332385338650406, -0.0891313918766803, -0.14173614127886922, 0.38669015542435253, -0.3472027617921663, 0.021754146411716992, 0.23628843426220567, -0.40799832952647874, 0.1355740397249212, 0.04650061861598981, -0.20271927513212332, 0.11414360726724064, -0.08354689127007202, 0.02649138286856246, 0.025075483901227352, -0.05151458293933219, 0.013723930945994537, -0.011719241026430644, -0.04095786506291051, 0.047061305815499416, -0.02486587409910109, 0.07837998607332884, -0.12749534715463015, 0.03485410439452643, 0.020856102584065447, -0.007907215867832502, 0.023763228331303336, 0.058248725014396076, -0.08213225928413452, 0.03920595501047947, -0.0350034078953673, 0.07102702445937327, -0.00771963608757229]]
P1->P3
T_min:200.0 K    T_max:3000.0 K    P_min:0.0001 atm    P_max:10.0 atm
[[-15.066563796226372, -0.09759130151048484, 0.10630700798902944, 0.5408891637432608, 0.14551470054268684, -0.17066373382750022, 1.0725524362180632, -0.04275349179981327, 0.07938622666618739, 0.1905141627082412, -0.028618902606689096, -0.00524870545325368, 0.05920126268571292, 0.03636590306206779, -0.018928944425486333, 0.05478904328908626, -0.013771306864405537, 0.010812333130820678, 0.020672910631491112, -0.0009213787615312226, -0.0004271019936468868, 0.008485891279361116, 0.0025311639526492844, -0.0019462317738043588, 0.004752730124889426, -0.0013422144826275124, 0.0009301568414560602, 0.0015276693953730853, 0.0005787991973880266, -0.00010787488951194895, 0.001042105596096034, 0.0004821778402633468, -0.0003063239908129119, 0.0011769374463045197, -0.0006823434683815491, 0.0003729147296094304, 0.0006149406667117736, -0.0002462575985238525, -0.00016588250099736906, -0.00022319618706148883, 0.0008219327842515424, -4.956722484092074e-05, 0.0004849804640138997, -0.0005182471966368455, 0.0001437102596201248]]
P1->W3
T_min:200.0 K    T_max:3000.0 K    P_min:0.0001 atm    P_max:10.0 atm
[[-14.753299272255235, 2.3558636213189104, -0.2579906237051683, -1.206736663194456, -0.248776194875912, 0.15288649859295775, 0.12209900965804892, -0.28761434107685235, -0.005482035039912707, 0.29413738150932595, -0.1342465033733679, -0.016195147267113536, 0.2388736754176785, -0.08147891047602136, -0.01649550613712824, 0.10943377368944669, -0.05403054599102625, 0.013593908789485213, 0.011521768760627228, -0.04949646614052057, 0.01987454057605395, -0.0339523486963129, -0.04572263890035081, 0.024808976718647853, -0.028661634067696083, -0.04313256461713641, 0.025590640844392828, 0.008784799231391546, -0.05040534896341457, 0.01231441874204942, 0.027690794454273783, -0.044250647138063565, 0.02263449766456649, 0.043391366366539535, -0.04648926063574832, 0.008937005085133324, 0.024180433692214575, -0.023493478267636092, 0.02404758374407598, 0.019236726970845597, -0.016458430474538436, 0.0052643449019058, -0.001236597148857344, 0.0026797139782156103, 0.014478947337911847]]
P4->W3
T_min:200.0 K    T_max:3000.0 K    P_min:0.0001 atm    P_max:10.0 atm
[[-32.2884526183053, 0.5394139933691395, 0.09560104962281991, 11.206705385468227, 0.9982724013106592, 0.08377088927400493, 0.42913726663499174, 0.7869313208102572, -0.1657781529712597, 0.037692312731083956, 0.433923159842395, -0.21644499402547068, 0.2793506258262194, 0.08776295259249163, -0.1328579820505217, 0.30614057001287254, -0.14976346819929207, 0.0012092842557630645, 0.1746258525455083, -0.2306325579534302, 0.054495741269077386, 0.09469114470888747, -0.22385054828075057, 0.06607064254040904, 0.06437424399158678, -0.18233365932769838, 0.06094231130623114, 0.02636663737522071, -0.11719424525358364, 0.035455788488212826, 0.019441816015499967, -0.05511684676064809, 0.0314076813427959, -0.021699113126982993, 0.006996705433712521, 0.0024949861521725825, -0.005326393999889452, 0.02561281943863708, 0.01202946929962758, -0.022572397155805616, 0.030955398275424574, -0.006056977244723669, 0.009542858670669216, 0.007585943325764941, 0.010804867875761407]]
P3->W3
T_min:200.0 K    T_max:3000.0 K    P_min:0.0001 atm    P_max:10.0 atm
[[-24.655689405373362, 0.6644270315508618, 0.02725883887893566, 4.527807027899493, 1.0802304702836332, 0.1021416459896941, -0.05462634126337708, 0.7838392954699945, -0.11094656505149614, 0.21496192275276182, 0.46842514274678515, -0.24522721350440982, 0.49237642098620477, -0.08708606910050012, -0.14217619914245877, 0.4078689606906311, -0.34588593756887337, 0.02150446388010426, 0.24374245108265113, -0.40697856350611916, 0.13536357507970737, 0.04927532708138285, -0.20212020426421884, 0.11402148160302314, -0.08231974187850999, 0.02669422998001994, 0.02505050310101387, -0.05103488775489117, 0.013918064784318979, -0.011763861294075889, -0.040439257360730035, 0.04681760534172583, -0.02477629235568448, 0.07852567090930875, -0.1274809742971284, 0.034844557058605556, 0.02128082126230576, -0.008323027481411461, 0.023894975932115113, 0.05830869416617212, -0.08216621243510863, 0.03920849611295491, -0.034723761203156026, 0.07070479077896298, -0.007614805229226099]]
P1->P5
T_min:200.0 K    T_max:3000.0 K    P_min:0.0001 atm    P_max:10.0 atm
[[-15.133404009958724, -0.002113346844931696, 0.001666646981730519, 3.62790652066258, 0.0017480998453143991, -0.001349160407408786, -0.20488820143172617, 0.0017476000536629922, -0.001334091112259746, -0.08383074758074809, 0.0005190623221295411, -0.0004045735698336425, -0.01642353219025474, 0.0003620439277598968, -0.000284034772245901, 0.0066445034376357666, 0.00013866463962439039, -0.0001311051991827345, 0.010329567068848253, 0.0001776394933383256, -0.00016728769158382608, 0.00790222330394643, 0.0001233861983049226, -0.0001348639927958074, 0.004882728379178528, 2.939409587006065e-05, -6.994241529387309e-05, 0.0025107922961841718, 7.981165364140569e-05, -0.00010573694134581192, 0.00117709808688201, -0.00011979897082923201, 4.276056749536851e-05, 0.0004220277617628135, 1.9386067401405143e-05, -4.867433739309221e-05, 0.00010216127885240597, -0.00019578640594571193, 0.00011630571299382703, 1.9408938881037692e-05, -3.0928897615074702e-06, -1.1984873900115244e-05, -3.143638838379458e-05, -0.00015852874429759677, 0.00010828695385857108]]
