==============================
W1b_Energy_1
P3->P4
T_min:200 K    T_max:3000 K    P_min:0.0001 atm    P_max:100 atm
[[-27.106501573941564, 8.881784197001252e-16, 4.179026896374212e-15, 8.922906991879998, -1.4344084003660155e-14, 7.35958286630543e-15, 1.1741407747573298, -2.2879895779282628e-14, 9.807174607088826e-15, 0.32817999573067713, 6.001883470758651e-14, -3.410011145420887e-14, 0.09120975591526621, -6.483459362937957e-14, 2.2668840441180335e-14, 0.12800210680182522, 1.4638365657345927e-14, -1.3553284553381052e-14, 0.09211000670371032, -2.1344236877456938e-14, 2.3704474685133366e-14, 0.009295952049767492, 1.5014759214166874e-14, -4.3406979875220603e-14, -0.022344032796393784, 1.8815283320939832e-14, -1.3973923838991569e-14, -0.007381840407931843, 1.0423567391436436e-14, -1.9251283844374205e-14, 0.0033975294923165767, -1.4199518308994673e-14, 5.953294967241917e-15, 0.0010542635059731169, 1.69784377982112e-14, -2.4658886676557036e-15, 1.8598810152206436e-06, -2.441117746199697e-14, 1.4767132088254273e-14, 0.0029467927116714077, 9.027776607193247e-16, -2.4439648683339713e-14, 0.0030747275317179234, 6.4726883971153204e-15, 7.632517375348672e-15]]
P3->P5
T_min:200 K    T_max:3000 K    P_min:0.0001 atm    P_max:100 atm
[[-26.035820703589795, -5.1958437552457326e-14, 2.5596287968876836e-14, 12.072700295932252, 9.828243307170206e-14, -5.0053834664132734e-14, 0.031187798997016652, -1.4060703207116492e-13, 7.804928147574607e-14, 0.04483538279076707, 1.6201687587590287e-13, -8.614549028706336e-14, 0.04852320247970189, -1.4823388355360679e-13, 6.487612509876504e-14, 0.03523110048151327, 9.086811887412664e-14, -5.187547038384766e-14, 0.02073757706999629, -9.759693151264049e-14, 6.695627392693332e-14, 0.010597448438157282, 7.641841514562301e-14, -7.677882369314567e-14, 0.004820188855071729, -3.889292186290789e-14, 2.044557064019212e-14, 0.0019225382883818459, 5.024390843328905e-14, -3.9999725554230845e-14, 0.000722540534413981, -4.294290144327547e-14, 1.9089871895254397e-14, 0.00022847962230803753, 3.70857155269804e-14, -1.4346538487165478e-14, 0.0001289853732285304, -3.5116442688728414e-14, 1.9699310990308094e-14, 2.1452941868373103e-05, 8.694721425458093e-15, -2.6378063859510968e-14, 9.851463897960854e-05, 3.075279785712354e-15, 9.433563245611002e-15]]
P3->W3
T_min:200 K    T_max:3000 K    P_min:0.0001 atm    P_max:100 atm
[[-24.40021399558695, 4.218847493575595e-14, -3.013153279202248e-14, 4.893575744239998, -6.961314544528757e-14, 4.939634782637141e-14, 0.33347660392518136, 4.6848041994988735e-14, -3.973860725502879e-14, 0.5487595882035067, 1.0478910933137723e-14, -6.232731815524991e-15, 0.5484392349477377, -2.5452966528809368e-14, 4.900444892970684e-15, 0.25206313686467663, -3.239873041662209e-14, 2.2025686563426224e-14, -0.007702291266676197, 8.492073624936172e-15, 3.5913582402220805e-15, -0.10782154598082118, -1.380371443941472e-15, -3.146172072883453e-14, -0.09089968750558414, 2.909717695944997e-14, -2.1938445710803994e-14, -0.03468504697953787, 8.479106956251881e-15, -1.7192510096587372e-14, -0.006192506068577939, -6.952018189776254e-15, 4.56343818122308e-16, 0.010487280586625248, 6.724580692861342e-15, -7.07712642555731e-16, -0.00023332438877088547, -1.4141601423032238e-14, 1.0967536077215371e-14, 0.0030564086483104483, -4.668622776848225e-15, -2.2340367009217404e-14, -0.0055279635077980374, 1.3689982206299188e-14, 2.1965448715360407e-15]]
P4->P5
T_min:200 K    T_max:3000 K    P_min:0.0001 atm    P_max:100 atm
[[-34.00512093185658, -3.108624468950438e-14, 1.947839065629294e-14, 19.577522510364666, 7.261466319728509e-14, -4.084903288810071e-14, 0.16413886170351635, -1.2210067476674172e-13, 7.684571954749767e-14, 0.12039323540147558, 1.1047673534918933e-13, -5.970261683590266e-14, 0.08669105556206491, -1.0112711486017243e-13, 3.5282799537562495e-14, 0.052170387542996445, 5.0024778592651435e-14, -3.126646723029201e-14, 0.027135969858258526, -7.086438146333415e-14, 5.729241247379627e-14, 0.012636737746795875, 6.257361784073803e-14, -7.511503943942297e-14, 0.005418191180917182, -3.2401365714456037e-14, 1.2550681648644109e-14, 0.0021281068499377307, 4.285580352552703e-14, -3.8638451450997606e-14, 0.0009709017937530928, -3.3028198903324403e-14, 1.0607600750284984e-14, 0.00039115079643619927, 1.9987952835412743e-14, -5.63038871705274e-17, 0.0003495063633725001, -1.4965336517176504e-14, 5.232155237130024e-15, 9.688358473308469e-05, -1.6087749648766468e-14, -1.4620780148890892e-14, 0.00019573467062622524, 1.7531265171405775e-14, 2.9102432591326525e-15]]
P5->W3
T_min:200 K    T_max:3000 K    P_min:0.0001 atm    P_max:100 atm
[[-17.92376954983347, -1.4099832412739488e-14, 8.83060683436914e-16, 1.8019743759593407, 3.227249578492395e-14, -7.389135563563316e-15, 0.2802804690174027, -4.768947271823271e-14, 1.570096059388723e-14, 0.4211515027651479, 8.661658159339677e-14, -4.7717102252026824e-14, 0.3821690513992108, -9.107929490133803e-14, 4.415047416959055e-14, 0.21934226521990235, 4.3798352212849276e-14, -2.187084653270223e-14, 0.09208087592256427, -4.976980252372352e-14, 3.4332531956443994e-14, 0.03256744593025738, 4.856961999676522e-14, -5.2996719480696456e-14, -0.0001870507255739147, -1.8767062596302518e-14, 7.426360225456903e-15, -0.02244804058440302, 3.789696150330275e-14, -3.2764977425290834e-14, -0.03576962983101016, -2.8109913548948648e-14, 1.534063971856176e-14, -0.04454384938356933, 1.7958282346982867e-14, -1.0294384487540418e-14, -0.033634672711838356, -1.8553288678257632e-14, 1.5429155423978318e-14, -0.02401095760770213, -3.975265544506488e-16, -2.048652119139412e-14, -0.004835882877697921, 8.749719429620319e-15, 3.5524432676117824e-15]]
P2->W3
T_min:200 K    T_max:3000 K    P_min:0.0001 atm    P_max:100 atm
[[-42.47307834918737, -2.930988785010413e-14, 9.107887981719524e-15, 12.96175869332003, 8.816100642203694e-14, -4.1621018287147847e-14, -0.5611029695815832, -1.1069587355965687e-13, 4.692405296213323e-14, 0.10041382328549232, 1.7413384706738478e-13, -9.187890053648723e-14, 0.44513117932175955, -1.8292600350963161e-13, 8.533737058790062e-14, 0.35237231533831165, 7.708789876057251e-14, -3.683859265412517e-14, 0.1299368014733691, -1.1043317669075538e-13, 7.998157078855508e-14, -0.04100191071347902, 1.0376075030944438e-13, -1.1838393077742702e-13, -0.08644728958990618, -3.556544834097103e-14, 1.6370741369089138e-14, -0.030126408277776927, 7.020522762255399e-14, -6.197911465619261e-14, -0.011087279403418311, -4.448379907965146e-14, 1.890616444053129e-14, 0.03682520156954403, 1.5282500735526913e-14, -4.137854708603659e-15, -0.002062029733586226, -1.4513886812734803e-14, 1.1298470031509787e-14, 0.017727538121375216, -2.0851752614111053e-14, -2.928628542417297e-14, -0.02129973696255407, 3.046950205929774e-14, 1.0956836945192416e-15]]
P1->P2
T_min:200 K    T_max:3000 K    P_min:0.0001 atm    P_max:100 atm
[[-11.716094523765653, -6.300515664747763e-15, -2.751257052548285e-16, -0.03643377256237776, 1.6379119506048546e-14, -2.151552092574927e-15, 0.41161492379, -2.5831534759035892e-14, 5.581032137618968e-15, 0.2620491121860371, 5.792264647192356e-14, -3.3779738819198475e-14, 0.11631046432654994, -6.118650197498183e-14, 3.0866265142748756e-14, 0.04033495073211755, 2.7166309381296437e-14, -1.3051183233009563e-14, 0.010410856182102498, -3.120481047801962e-14, 2.1041492723880805e-14, 0.002051746070225289, 3.134012766134852e-14, -3.488130213288782e-14, 0.0011790091989167361, -9.079106458477592e-15, 1.8669189874707965e-15, 0.001490309407916468, 2.2733177209090565e-14, -2.0594839971363876e-14, 0.0017269191118157664, -1.5375138842343353e-14, 8.193917843541505e-15, 0.0005042132644369383, 7.611365505338711e-15, -2.7268168580836042e-15, 0.0001994493033921716, -7.918544369914872e-15, 7.568690930331995e-15, -0.00038049960007794726, -3.144856200712509e-15, -1.205778853287383e-14, 0.00019655447732726985, 8.246957463253534e-15, -4.65163076383877e-16]]
P1->P3
T_min:200 K    T_max:3000 K    P_min:0.0001 atm    P_max:100 atm
[[-15.392811714289286, -5.162537064506978e-15, -1.1598400817117084e-15, 1.0749289358981602, 1.1932913724951093e-14, 1.686019864502919e-15, 0.7931101566026447, -2.3736901625560694e-14, 2.2737534755427186e-15, 0.260147902350534, 6.667319405486239e-14, -3.929580779201178e-14, 0.07355543131556515, -6.968154161885499e-14, 3.481471335929622e-14, 0.038192047471458455, 2.6859035197513714e-14, -1.3723940720520069e-14, 0.02354142164738395, -3.4235663290680526e-14, 2.4273466562418084e-14, 0.010567995586982857, 3.614112792999553e-14, -4.2630743348214054e-14, 0.0032823577331505156, -8.558137135750283e-15, 8.039291285403759e-16, 0.0017413486179214412, 2.7913688444989706e-14, -2.4732659090905418e-14, 0.0013787602546312789, -2.049040662702001e-14, 9.780765330150421e-15, 0.0009815469969112667, 1.1601335558561872e-14, -4.161936684178275e-15, 0.0003553008251974527, -1.4045391149094194e-14, 1.0662831196650472e-14, 0.0002597368791987411, -4.599661003581877e-16, -1.6895855520613914e-14, 0.00013848849340513498, 8.993505911222617e-15, 1.3263409315816793e-15]]
P2->P3
T_min:200 K    T_max:3000 K    P_min:0.0001 atm    P_max:100 atm
[[-45.77705419786539, -3.197442310920451e-14, 2.3716367690272442e-14, 16.429259138775755, 3.0993109993001445e-14, -1.7330297526244936e-14, 0.7671084900445349, -6.364530336879798e-14, 2.6452335033227338e-14, 0.830134048740857, 1.1636947516849606e-13, -6.82050278606076e-14, 0.32941059781224413, -1.2550842922939612e-13, 4.838279964935729e-14, -0.05171342487229206, 4.944846204702856e-14, -3.123776038521348e-14, -0.23823299596861872, -5.835873100395262e-14, 4.995757050210605e-14, -0.16969902558872682, 4.7306286571201316e-14, -8.327640859798788e-14, -0.011974089002582504, 3.148519305220251e-15, -8.687014083176962e-15, 0.040821114622485846, 3.807424320161087e-14, -4.3149895413631035e-14, 0.07461308426474599, -3.256858256135134e-14, 1.3056350816597707e-14, -0.0352215344546724, 2.7782368974463824e-14, -8.164050473631149e-15, -0.009877337066742231, -3.7093940848265767e-14, 2.2276739229926623e-14, -0.0579503161216218, -3.1619333046229094e-15, -3.7378881148778757e-14, 0.02102383255378458, 1.700830584378061e-14, 8.650260466337477e-15]]
P1->W3
T_min:200 K    T_max:3000 K    P_min:0.0001 atm    P_max:100 atm
[[-13.608638169071048, -3.1086244689504383e-15, -5.6104338499659465e-15, -1.437470576745013, 1.1398671402434773e-14, 4.7623522890625044e-15, 0.0053356954431045675, -2.0831395527847045e-14, -6.839086670290634e-16, 0.24730967742982238, 6.619552712468145e-14, -3.858110508436322e-14, 0.21663901478241765, -7.019397789230227e-14, 3.546631294593497e-14, 0.07649634954158578, 2.900308285101091e-14, -1.3733969836644768e-14, -0.021479709602130137, -3.457831026476087e-14, 2.4069326464564974e-14, -0.06870860297223742, 3.6095237474301355e-14, -4.1080823943869117e-14, -0.06395360565618578, -6.088624995379556e-15, -1.2086322454511372e-15, -0.01849140116736628, 2.421002238005341e-14, -2.207238684263765e-14, -0.005882026724630669, -1.4307393028035934e-14, 7.343611655554745e-15, 0.021984750464473464, 2.4242654560373117e-15, 1.0710902949060963e-15, -0.0017812213104517647, -4.8414035206007084e-15, 6.393471141553641e-15, 0.010986683197739705, -6.613912139451963e-15, -1.3797084795305495e-14, -0.011983260494203849, 1.3994881627339532e-14, -3.2856064268620103e-15]]
P2->P4
T_min:200 K    T_max:3000 K    P_min:0.0001 atm    P_max:100 atm
[[-47.51918697587097, -1.2967404927621828e-13, 7.843632182837124e-14, 17.222198187160686, 2.1805284501263546e-13, -1.1014226206355772e-13, 0.18564312627026225, -2.442264559033225e-13, 1.234375151373251e-13, 0.6593128497217798, 3.082943376224818e-13, -1.7439643178796598e-13, 0.3971315249906963, -2.8953880087491153e-13, 1.3921901918779728e-13, 0.04097181045152212, 1.7311482328493578e-13, -9.477264939917925e-14, -0.191050829046317, -1.9337908156618987e-13, 1.268444973898376e-13, -0.1508868085821404, 1.7019882869097006e-13, -1.5677878828588847e-13, -0.01721694155446108, -1.0904559368063736e-13, 5.6841513896188454e-14, 0.02222011128707762, 1.3029571030804414e-13, -1.0213858648710487e-13, 0.04768110122452014, -1.0092446718821644e-13, 5.387406083743333e-14, -0.0400536030666081, 6.56856959765112e-14, -2.968218373107716e-14, -0.006825117114725354, -4.71355448943451e-14, 3.001001119864482e-14, -0.04201708812449259, -5.655841777057195e-15, -3.948796644242098e-14, 0.026519294505113113, 1.918011628107053e-14, 7.444315765949117e-15]]
P1->P4
T_min:200 K    T_max:3000 K    P_min:0.0001 atm    P_max:100 atm
[[-16.09070539553401, 1.2836953722228372e-15, -5.1236860313902776e-15, 0.5542269218700022, 5.437067503308664e-16, 9.884631882461712e-15, 0.4883058286279626, -1.5047944163373148e-14, -3.993050303234502e-15, 0.17207858233699405, 6.086644601689354e-14, -3.534805159165895e-14, 0.09398555908513846, -6.657509094326355e-14, 3.187201146185635e-14, 0.10148391424009601, 2.210479671901495e-14, -9.64555174631057e-15, 0.07853535146806168, -3.0829323756173496e-14, 2.3696397118691944e-14, 0.0381935391367147, 3.228182932430945e-14, -4.147011379754946e-14, 0.008957314224145752, -4.470184112174609e-15, -1.3987206776918696e-15, -0.0054870230025370085, 2.509513383164304e-14, -2.3899286888252943e-14, -0.0058734207972088075, -1.7795583183860067e-14, 8.838320785954154e-15, -0.007358719308222159, 9.324091108692104e-15, -3.388742890727771e-15, -0.0018879953644395813, -1.159910309725546e-14, 1.0513617726106155e-14, -0.002412733109405843, -3.2723986820860464e-15, -1.6730505214089658e-14, 0.0016767055664938563, 1.063454981327923e-14, 4.0063299380512655e-16]]
P1->P5
T_min:200 K    T_max:3000 K    P_min:0.0001 atm    P_max:100 atm
[[-15.134926475852678, -1.354472090042691e-14, 4.090869993750238e-15, 3.6297656559054263, 2.091386771109061e-14, -5.3158522962692766e-15, -0.20293876937634625, -3.580361191222303e-14, 1.3547845851056827e-14, -0.08348865325172457, 6.502471926331181e-14, -3.6781461592681804e-14, -0.016242348245189157, -7.060848017632109e-14, 3.5095965524311204e-14, 0.006445888306038847, 3.4068390384851807e-14, -1.8778861745812097e-14, 0.010175905895114848, -3.658042939014724e-14, 2.6504080129732715e-14, 0.007824747237247215, 3.2279781939412974e-14, -3.984225811746607e-14, 0.004713056872387559, -9.546692283515942e-15, 2.2214808241996235e-15, 0.0025631315718216267, 2.335191577363935e-14, -2.173262445328976e-14, 0.0009564475036429497, -1.78881939659889e-14, 7.929195644379385e-15, 0.0005122923978551, 1.4105004101257535e-14, -5.014484331334501e-15, -0.00011097250185844034, -1.4868230320078833e-14, 1.0032504506765612e-14, 3.8104802591707076e-05, 1.5672620175758725e-16, -1.4895215034846433e-14, -0.00014764542448189924, 6.267847075771053e-15, 2.101934594790101e-15]]
P2->P5
T_min:200 K    T_max:3000 K    P_min:0.0001 atm    P_max:100 atm
[[-49.19960590095372, -1.2612133559741778e-13, 7.033082515755416e-14, 23.303593836290982, 2.4132708119687174e-13, -1.2465785757524605e-13, -0.11760067193233431, -2.6485174009541076e-13, 1.2760621383339284e-13, -0.0463695506028241, 3.188885844878889e-13, -1.750263865596155e-13, -0.019100081806568303, -2.98030997339094e-13, 1.4197549908512622e-13, -0.017923014102058963, 1.716708239642801e-13, -9.51932015109869e-14, -0.023374091158859286, -1.8684573360703762e-13, 1.2801428819662194e-13, -0.024560094149721688, 1.5447115240180169e-13, -1.5453604239368737e-13, -0.021294906551034422, -6.83152675957087e-14, 3.7114810752525736e-14, -0.016972697886236073, 7.501439714793292e-14, -6.742957721869286e-14, -0.010303696283407528, -4.3773675225006405e-14, 1.651701588272595e-14, -0.006935483286183655, 1.5487206202542026e-14, 2.2379041995996337e-15, -0.002078077418598177, -8.82489413742012e-15, 3.635242789266392e-15, -0.0015446383575917358, -2.883685518426728e-14, -2.4797937735462505e-14, 0.0008113104084885245, 3.7013665685231234e-14, -1.863764438346628e-15]]
P4->W3
T_min:200 K    T_max:3000 K    P_min:0.0001 atm    P_max:100 atm
[[-32.1318226031429, -7.771561172376096e-14, 4.9338358062212234e-14, 11.548762750429184, 1.1573784820731432e-13, -6.741025563360245e-14, 0.8532204360248501, -1.4869560263270538e-13, 8.906286109358544e-14, 0.3467560124921109, 1.5749628728193882e-13, -8.939964912132006e-14, 0.4010118715023858, -1.5091720942052655e-13, 7.221983620056985e-14, 0.24182504834261678, 7.356060985150357e-14, -4.792053077636293e-14, 0.04456501194550178, -7.879948460834948e-14, 5.5132266362925566e-14, -0.04051355625298169, 7.084550727133425e-14, -8.398613493261752e-14, -0.05102552548815501, -2.794099395378938e-14, 1.1509065015248262e-14, -0.04192171169045198, 5.0715373839297185e-14, -4.6452131406749565e-14, -0.02410641315696654, -3.6790727506902734e-14, 1.5069893724094263e-14, -0.016544933768874382, 2.003478158642243e-14, -5.493116099006196e-15, -0.0045573586622666, -1.6144770181179647e-14, 1.0319624961656141e-14, -0.003573596713360139, -1.3411672466339965e-14, -2.199007860310925e-14, 0.0026860423419374137, 1.9944974028696982e-14, 2.8841390618559453e-15]]
