==============================
W1_Energy_1
W1->P3
T_min:200 K    T_max:3000 K    P_min:0.0001 atm    P_max:100 atm
[[2693605197.3096447, -1253275375.5385969, 4192983789.2509465, -787318180.3964127, 1499378554.725871, -2262015164.9554844, -3873826780.516713, -5089117715.471997, -221201180.93370843, -2827102507.640515, -2484418215.2329016, -1016622007.970597, -4558850018.841026, 337036824.4774642, -2074431804.025278, -332704654.1161985, 391627670.1454434, -442523947.5835352, 139665954.25062543, -109819293.95535588, 5818985440.150621, -4395808064.244731, 8520706871.838632, -2003250226.8602417, 2701721431.3970656, 1405352469.6467423, -376495892.25208414, 2275920288.5115724, -361089337.60080945, 870567818.6969812, 6567782977.82755, 3123617071.1924634, 12190529505.004646, -812878053.9321353, 5622746527.090917, 2963791162.5343943, 626083806.394052, 5251751281.13048, -507154518.1770735, 2287960118.551704, -8026145600.771922, 36756562.740220785, -13670751099.533981, 1683676222.0959322, -5644605498.785488, 9982383392.674732, 7446137243.117615, 19387311841.60808, -752146406.0560222, 9404928448.92092, 1674304897.0296135, 4474478932.092048, 4278406124.2250843, 451590766.12222767, 2604101227.1888313, 2969164024.0103817, 1034443724.679564, 5390885483.870148, -435134118.1856294, 2421721459.8565474, -5321141650.28936, -3171811961.8629436, -10080676298.532734, 543755378.8956718, -4759534648.245006, -7794432644.411048, -1920218697.7467875, -13898618114.041588, 1284736799.4852657, -6104185469.631129, -10217832786.673628, 886590667.2885647, -17136507062.61841, 2293854703.6253495, -6918674275.945097]]
W1->P2
T_min:200 K    T_max:3000 K    P_min:0.0001 atm    P_max:100 atm
[[3003308229.52813, -1447466283.0191326, 4659137264.122173, -886814124.8551223, 1655828995.4835532, -1862917678.3839016, -4007885520.7536383, -4451431227.908881, -328605896.4193983, -2588513505.280772, -2200372560.7741394, -1034527055.6802089, -4080326401.462075, 274477392.6833161, -1879953841.2752457, -988537039.0057937, 453699605.2476148, -1540787698.7113338, 287822507.4168554, -552250660.212466, 6126440031.921725, -3930908406.822294, 9192806089.213284, -1984223840.9836464, 3066366057.0011067, 1384332516.055871, -302323810.8387885, 2263694713.131213, -343411864.62089634, 879362196.9167204, 6164786006.545945, 3322288802.4499507, 11566760783.19762, -693085419.3704615, 5401974776.569051, 2762649775.629343, 280054303.50744534, 4798722494.966651, -527104100.4449177, 2036072719.2935858, -8339264537.016989, 451183423.17545485, -14072629948.152718, 1823333328.5959134, -5733365411.159091, 8626366302.496223, 6923881403.742308, 16909435963.070984, -562345116.5174694, 8283069660.562472, 605403242.9308662, 4290784018.7434072, 2397744853.1002274, 642039316.1079723, 1792341610.1628706, 2395445683.951068, 1088806210.6739864, 4430150603.954114, -305516468.4147902, 2034704919.999908, -4824760175.1302185, -2862587724.890953, -9136056012.582352, 495421113.0218458, -4311295837.453766, -8237881529.902154, -1100645487.444126, -14393722902.49755, 1524194310.7274737, -6155841372.595985, -8729800123.9345, 1125241055.361517, -14523847040.075268, 2025670498.644021, -5794046916.141096]]
W1->P1
T_min:200 K    T_max:3000 K    P_min:0.0001 atm    P_max:100 atm
[[-9497224354.919382, -40915593378.31076, -29213075180.20808, -5344085785.505587, -19715850863.664555, -80175611.68074512, 12649959721.975395, 3889616112.9437256, 2282541003.2731867, 3969791769.9502172, 3083294375.953059, -11219163069.01428, 1685306375.9456935, -2653777623.942583, -1397988000.8783526, 38228514708.01951, -29280028483.55781, 55850083219.39204, -13232458779.788277, 17621568510.84481, -2283670195.942088, 832376546.887995, -3628119087.3837967, 626271771.9270532, -1344448891.7342973, -10717150953.169607, 13166276746.911411, -14079270397.360352, 4597655789.162454, -3362119444.3466053, -23132353165.66745, -39958547962.974724, -52152741254.49957, -2323555070.88002, -29020388088.914097, -6687700998.046648, -13009831285.227873, -15541593125.536816, -932826446.3566303, -8853892127.532879, -18718610500.302574, 23495617335.68831, -24431961651.967476, 8119722203.423447, -5713351151.686625, -43798587428.59716, -33270612116.759327, -85254520476.00342, 3192635062.524911, -41455933047.41714, 84950305099.19203, -57452731791.379074, 126531394700.4461, -28041280988.971863, 41581089601.249344, 14406326814.136158, -25510663624.204582, 16439302027.945274, -7579578188.899922, 2032975213.8069286, 104672060343.3027, 1787886667.117774, 179007167531.79788, -21551375427.23256, 74335107188.4947, 11029609360.064034, 48827502532.39901, 34343628583.21058, 6441023950.597355, 23314019223.146523, 74262989732.57841, -10640900064.16848, 123211866641.28711, -17423461222.41626, 48948876908.70904]]
W1->P6
T_min:200 K    T_max:3000 K    P_min:0.0001 atm    P_max:100 atm
[[29951109378.819386, -9972417408.467323, 47884627841.55729, -8044596339.802103, 17933518411.744465, -34420540084.91596, -131697627307.02428, -100595293845.75232, -16396623030.789085, -66174753708.22914, -51506118487.33368, -33564716907.893494, -98487426515.58653, 4750473624.052708, -46981308028.66212, -67622593375.19868, 16600248335.691042, -109994979441.10881, 17103330193.723637, -42372386066.230316, 207962461959.8695, -94682526982.89684, 324384815241.46924, -60413509626.08818, 116422353281.39594, 41305848349.341606, -4536230157.665762, 68971704747.88593, -9443512149.188608, 27665856398.42784, 166758954319.36606, 113179904682.91339, 320303285177.84686, -14572762540.559631, 153544330858.4172, 73666536088.60272, -12068475586.835007, 121740695232.33871, -17554529157.380493, 48074159143.70267, -277732019893.84766, 39154074378.27832, -460997294528.9653, 65046178019.43345, -183265274635.13605, 186527345899.64935, 182938805136.68967, 376206373578.4347, -6208627657.088989, 189679027678.77515, -40598092421.10379, 120169466580.11761, -30960826339.84845, 30007183976.02787, 9637266081.25055, 41256475203.05754, 35992755489.78059, 81787310973.09834, -2173876718.0087433, 40530835770.03847, -116635064198.23735, -70622892980.30719, -221310077623.0219, 11721758717.44371, -104675013424.78523, -281092814616.24835, 15699988937.712929, -474191645581.9324, 61547467574.598114, -193098830965.6847, -180851713917.63373, 48477768943.7449, -292874466498.0303, 46472688835.6808, -112022752580.39651]]
W1->P5
T_min:200 K    T_max:3000 K    P_min:0.0001 atm    P_max:100 atm
[[414715518.79657483, 51304821566.395966, 17036542991.298735, 9102768123.389383, 16621827430.76503, -8782770101.627396, -54396940721.113525, -32286032942.951458, -7908074980.560746, -23503262794.164627, -17867061767.2815, 1486775329.325685, -29985384462.70262, 3999690813.196436, -12118322696.200916, -64008943504.82904, 36341109452.00248, -97551441571.44054, 19884114249.430668, -33542498067.06934, 67587905194.64887, -27972678524.052853, 106316169622.89555, -19133046236.634403, 38728264427.99189, 23933364652.7326, -15006795720.171894, 36023600699.60365, -7688895345.538255, 12090236046.734312, 73963486633.02463, 77879153169.13918, 150875911848.20914, -1505676303.366745, 76912425215.11122, 28839128546.378597, 8582881436.624954, 51894871380.54862, -4488725474.572144, 23055742834.131134, -66815866818.61235, -11067967063.969997, -117426106699.49512, 11978990160.287315, -50610239880.90306, 97834533580.3679, 89149772906.27051, 195156988550.50317, -4474890662.457535, 97322454970.12529, -106904621876.95566, 96903867021.5844, -151400973193.5035, 39694976468.97368, -44496351316.55246, -5020168865.578262, 38275158426.63871, 3624357759.886587, 7904608886.4873495, 8644526625.462553, -144443864373.77426, -22259427021.010075, -253323335491.21796, 26195095407.35238, -108879471117.44449, -99877923217.86021, -43343834106.622314, -184061075906.69226, 13106360650.521942, -84183152688.8328, -127760543539.29156, 27162514536.401085, -209152426774.54892, 31561228081.122215, -81391883235.25664]]
W1->P4
T_min:200 K    T_max:3000 K    P_min:0.0001 atm    P_max:100 atm
[[-60901624150.13849, -111136658046.9779, -139194269521.31653, -7180540767.5633545, -78292645401.62694, 63371154932.15286, 90026248326.52672, 136685034762.04898, 2883348108.2213516, 73313879860.01794, 68407614996.47537, -19225153278.86425, 110497764886.00327, -17737521214.902004, 42090149894.22471, 75170488021.98578, -90562326018.94168, 99321107416.556, -31928152322.27678, 24150619393.993443, -77136732175.46608, 104388156260.06938, -98272475881.7115, 34815409426.202415, -21135743707.172157, -56108926996.810616, 51031547040.65126, -79408259907.0376, 20864643449.848106, -23299332910.444267, -201879491794.89166, -156432852650.43152, -393941260695.2777, 14164108631.078613, -192061768900.32404, -81083296484.75597, -73531096919.43486, -161629378129.4077, 3772185537.737274, -80546081644.65712, 47891683415.74289, 99647777811.00063, 113359030134.4496, 7841193526.438446, 65467346718.63484, -385088065441.7716, -254804702836.0703, -737573601440.5927, 34826413064.09952, -352485535998.8673, 156191176794.12772, -257526216939.0089, 184297772284.9168, -78763334313.56111, 28106595490.79628, -43333471725.83078, -89814195027.30374, -102458604394.95792, -7032313826.4143505, -59125132669.12225, 435873644409.1353, 77083162060.57849, 767583420523.1378, -77270706177.44827, 331709776113.9993, 125264567444.61308, 235645481188.9745, 288545332137.53125, 16032971452.639175, 163280764692.90298, 490369384802.4623, -29513617574.61171, 826556036506.9548, -107750793137.34671, 336186651704.49335]]
P5->P6
T_min:200 K    T_max:3000 K    P_min:0.0001 atm    P_max:100 atm
[[6876336416.05104, -1638391625.7312374, 11200854673.600706, -1730295031.7342494, 4324518240.984688, 789898942.2984889, -10900271994.990456, -2122826475.3371582, -2117446290.0377288, -2912725412.690002, -1474992119.3232806, -2035590271.4923813, -3162368637.4693465, -56398197.87937927, -1687376517.9795005, -11666755743.161572, 2909925862.600185, -18962538981.054703, 2959020635.5209646, -7295783237.804057, 17234453340.898357, -2967683870.9662514, 28435603628.857796, -4132756777.2235193, 11201150287.99742, 3196792152.9430785, -280114300.87110674, 5360526788.81301, -718153922.0493915, 2163734635.8831716, 9492025166.877974, 11271205186.197578, 19768843412.854713, 35439908.92717934, 10276818245.98022, 3857518347.5583324, -3086061755.3777537, 5593798351.810989, -1358800251.2290745, 1736280004.2531652, -21309862474.323772, 5102432748.468555, -34703636762.00919, 5366692418.903922, -13393774287.685698, 4087643608.534094, 10101843290.939331, 10183615265.037106, 955255907.3893356, 6095971656.502628, -15065483715.501669, 9426130773.493715, -22682457753.424507, 4836342460.14145, -7616974037.922958, -2320476154.087307, 4055513294.386069, -2664986918.6807394, 1211272222.4080427, -344510764.5934839, -8658704445.284237, -2565238780.543692, -15577272693.309603, 1349797279.9908867, -6918568248.025335, -23855745565.65072, 5638231319.87107, -38873155678.341324, 5994633197.660492, -15017410112.690622, -3914481972.2706633, 5789937337.5078125, -4830302778.312719, 1855005647.6778307, -915820806.0419788]]
R->W1
T_min:200 K    T_max:3000 K    P_min:0.0001 atm    P_max:100 atm
[[1143842789.3700323, 1133805723.3468935, 2310822218.219364, -35929395.94210136, 1166979418.0558052, -3067059986.2710605, -2727000482.1493983, -6096487825.589186, 152428809.96333057, -3029427840.609565, -2916832373.651256, -301274319.35555357, -5068316958.76427, 555520313.1037538, -2151484585.9257665, 868997415.3292489, 1018850988.4027059, 1805695326.1574454, 910525.9392559826, 936697910.3730457, 3166158939.6185155, -4873640177.776503, 3846254201.7000656, -1534518926.4858685, 680095261.8394468, 1441078672.7576292, -970437256.7127831, 2147781274.8417106, -474937818.9723742, 706702601.9550076, 6948903280.23186, 2848172125.9150333, 12752568532.728472, -941850654.586359, 5803665252.426743, 3082270571.815754, 2124609386.1968246, 5930685701.512598, -263503945.55994892, 2848415129.6587405, -4049856383.865695, -2236436327.343305, -7615755816.65377, 445654755.96682775, -3565899432.808788, 13522905457.88226, 8344595046.820089, 25708928994.25148, -1331024900.960308, 12186023536.358212, 2273392280.0893087, 5773637483.80743, 5713194144.95931, 559107062.6198635, 3439801864.8641014, 3736642995.620577, 1386881541.035523, 6811409362.161766, -532375033.7910049, 3074766366.538276, -9058752348.031384, -3461051089.268955, -16544372053.988892, 1272936011.5843835, -7485619705.959035, -4388420322.602278, -5938229988.49412, -9371143521.503319, -146645048.5028832, -4982723198.901606, -15166978736.336782, 128951247.16568136, -25814634049.981667, 3192292910.8275313, -10647655313.645203]]
P3->P4
T_min:200 K    T_max:3000 K    P_min:0.0001 atm    P_max:100 atm
[[1930721574.8677516, 1671829587.1356292, 3823486941.1862483, -103982870.93609065, 1892765342.8449755, -1822422030.4886935, -809002882.6252819, -3364239978.048004, 235897835.38894796, -1541817939.3780627, -1609594377.8939536, 573214443.7384895, -2561485995.2483907, 439001529.4903066, -951891616.9704188, 170045874.77060884, 1537602291.2158587, 779279108.4538006, 239874766.0506508, 609233233.7061207, -159416954.60595667, -2436587169.4539084, -1047293156.3776941, -403116717.0545136, -887876201.7041535, 912523469.132968, -1103012374.2731147, 1204538104.0054934, -388240360.396295, 292014634.9468694, 3829084007.97718, 2053501789.7366555, 7181172105.064193, -432289739.15807414, 3352088097.134392, 1580746338.104641, 2148121173.9499745, 3378468455.4913654, 54456353.350978374, 1797722117.4099498, 1083410388.4267292, -2919574002.986773, 917670398.1430805, -749319877.3434418, -165739990.27412271, 9107713111.353407, 4997748604.219648, 17116945175.621452, -1007922125.1942661, 8009232064.270644, -720259722.4294972, 4706683259.330945, 270215541.1961416, 993534940.1635702, 990475263.6251473, 1742461992.8094492, 1440790593.7064838, 3429017947.8188257, -106027710.57734555, 1686555955.0082855, -8762973391.118862, -1729402358.1545272, -15488989277.132294, 1521294870.2365172, -6726015886.014502, -134221762.38159668, -6205675013.689789, -2203986730.528698, -1083478674.749596, -2069764968.1475644, -11417953604.876047, -140257688.22104764, -19509225437.9355, 2360701186.2466173, -8091271833.059761]]
P3->P5
T_min:200 K    T_max:3000 K    P_min:0.0001 atm    P_max:100 atm
[[4838407016.154939, 26913164530.438015, 16814261789.439924, 3809528269.952482, 11975854749.031246, 6808179142.975247, -1655473951.85813, 11079227495.327429, -1719113001.3934865, 4271048363.69633, 4467933800.857417, 9197285749.864073, 10544001976.726744, 713773732.7629435, 6076068175.999222, -28371200147.975273, 18809579083.619335, -42378564074.903015, 9297330046.814035, -14007363926.829025, -7828397393.0306, 10707407998.359518, -9937332925.184757, 3553621700.841242, -2108935532.0911787, 4195786615.866202, -7456748611.686133, 4779331330.055664, -2212334931.66164, 583544714.2243246, 106220298.36479339, 21382490853.290424, 6986806792.02474, 3807713618.8370132, 6880586493.676895, -2526565792.340521, 5233507861.403557, -2641376928.98242, 1465331018.5599375, -114811136.63433743, 25798077103.03572, -12965619046.56009, 39852117237.8456, -7712930037.739162, 14054040134.81295, 1334710964.6261272, 4342212662.803465, 3657390121.0406723, 498859392.2288475, 2322679156.416004, -65338241647.29364, 27942627934.416218, -102490654414.73311, 18657588288.11814, -37152412767.4391, -18609090909.55758, 15057809207.480398, -26930888829.10718, 6585506036.655176, -8321797919.5492325, -55371254200.63374, 6789618107.858603, -92232272445.21635, 12786144239.878033, -36861018244.5826, 5071906607.658158, -23359705555.148556, 1211208553.7095213, -5243849573.471432, -3860698053.9486046, -20048839588.609394, 6710175760.036825, -32042206365.60218, 5391166734.3143635, -11993366776.99255]]
P3->P6
T_min:200 K    T_max:3000 K    P_min:0.0001 atm    P_max:100 atm
[[8945787226.696352, -2485887359.6721277, 14458974318.689732, -2314512941.089621, 5513187061.895561, 320215363.37720823, -15017499855.232904, -4233964956.8986607, -2756758345.475933, -4554180304.355841, -2617883538.374188, -3012220454.1126614, -5421542362.459942, 7484781.820099354, -2803658823.9161105, -14695537249.63016, 3587418694.4632106, -23910172478.605614, 3713244272.211611, -9214635228.858654, 23805317521.581245, -5130167529.888989, 38948898394.287636, -5893094609.669746, 15143580872.7715, 4425316785.714689, -358466746.47298265, 7429897132.0987215, -988892694.8946271, 3004580346.417764, 13945794871.86549, 15025374438.40223, 28556236201.352222, -222766429.37698746, 14610441329.503323, 5781005621.161375, -3870972024.5732155, 8623008868.66768, -1901308592.295271, 2842003247.5143967, -29875685619.841244, 6744336185.165128, -48783500566.87695, 7450640918.923491, -18907814947.03196, 7892169916.044691, 14905519354.830376, 18198262638.48976, 1020692983.1398888, 10306092722.44667, -18024980296.11379, 12924125912.350857, -26614254817.880157, 6081280902.965542, -8589274521.765453, -1938073869.9416962, 5282012422.999243, -1622715954.4269898, 1351051328.236629, 315357915.51512146, -11788925091.646702, -4233705201.0699525, -21444517025.132145, 1705022273.3591986, -9655591933.485136, -32803175026.865883, 7053892830.829691, -53675566516.648926, 8117796586.649733, -20872391489.783005, -7476941613.541096, 7585640262.968863, -10331806324.897514, 2921030648.9682198, -2854864711.3562737]]
P1->P2
T_min:200 K    T_max:3000 K    P_min:0.0001 atm    P_max:100 atm
[[1447582606.851133, 951656065.7196509, 2770642545.5731893, -132022544.91690093, 1323059925.6914327, -1558040009.8798409, 413462667.5723491, -2524446084.9705405, 399615235.6419233, -966406075.0915333, -1158713709.182976, 590873420.589735, -1787233412.4637942, 347951332.27710587, -628519703.2797761, 1425813878.342755, 820593975.4782308, 2691817494.94779, -150948974.19810405, 1266003616.6668837, -1726088158.36796, -1708150390.0026755, -3486201554.9671626, 54718389.28696808, -1760113396.5189116, 389497229.3381436, -798870299.0690238, 409720948.82722294, -224475928.1959701, 20223719.554820508, 2117785614.778218, 412657997.736413, 3741605869.172287, -368606155.0619273, 1623820254.436911, 896013316.3815265, 1960618428.6007204, 2151500866.3061237, 163949419.84251547, 1255487549.9484339, 2735062221.5253134, -2715395828.6556134, 3798285729.7790513, -1057867373.4311376, 1063223508.2652096, 6799168215.259898, 2956927905.5945616, 12531925297.966785, -891083253.3219976, 5732757082.711478, 1275874524.6678846, 2645550579.4110594, 3017067242.266273, 207257131.57100773, 1741192717.5994983, 1714230693.4659848, 657703652.9369087, 3131646121.9758396, -240390704.34571046, 1417415428.5098133, -5755265046.440743, -1163480625.580411, -10181519539.68776, 994187811.0542506, -4426254493.247572, 2144393588.285214, -5299578903.012682, 1968845220.0799687, -1397308997.8952985, -175548368.20546842, -8525921411.968099, -706173707.5841554, -14759200019.142372, 1655036817.5337408, -6233278607.174534]]
P1->P3
T_min:200 K    T_max:3000 K    P_min:0.0001 atm    P_max:100 atm
[[2873739829.300993, -210872706.14986253, 4831846825.484194, -638248798.8770238, 1958106983.8696525, -1475988103.0177674, 2450439982.2286825, -1736229704.9505074, 747321845.438467, -260241602.25337768, -707446821.7032218, 1024500364.6821942, -879926001.9164948, 331326222.29226923, -172479180.34673715, 3210853973.3473186, 385902726.07271487, 5596481794.664289, -601799053.0154207, 2385627821.313637, -4953574508.984436, -844535802.9506633, -8713334335.26929, 883799190.8222485, -3759759826.2346563, -218690372.81210345, -746441707.0959206, -610390413.3857083, -88002187.49831545, -391700040.5181649, 77085736.81554107, -1560845218.2398653, -365383114.787312, -295676963.1560159, -442468851.5600946, 34571449.49249494, 2413048847.9114923, 826972773.7904363, 424987595.1510743, 792401324.3254714, 6843477736.762116, -3564823615.0490007, 10531684611.012405, -2068480500.884009, 3688206874.2657933, 5335762112.241442, 760524339.5324471, 9338123262.735386, -978706343.9928341, 4002361150.5017214, 3319960452.601988, 872711262.2561879, 5937423341.808142, -537402908.347738, 2617462889.2090597, 1779857907.1876397, -22477710.376636256, 3027031492.260967, -375933924.12019503, 1247173585.074294, -4118086958.1723576, -476184527.3148829, -7171808843.610212, 775197960.0795664, -3053721885.4382257, 6572795298.635772, -6104546849.359403, 9261886628.615192, -2466821025.1642637, 2689091329.9793177, -7127822650.051887, -1673966785.4941926, -12683846493.80015, 1189553418.8861387, -5556023843.74868]]
P1->P6
T_min:200 K    T_max:3000 K    P_min:0.0001 atm    P_max:100 atm
[[9343745148.067396, -2535019488.6343737, 15121749013.736889, -2406467972.289161, 5778003845.975382, 98078939.4081912, -15892213572.291122, -4891057033.781869, -2867015814.348157, -4989135966.726553, -2957191949.989107, -3192840641.999735, -6057461962.749689, 46032871.60844326, -3100270012.565115, -15233228733.910036, 3778667245.258737, -24765922319.841015, 3859852222.540641, -9532693585.788229, 25133816641.13774, -5739243306.974306, 41019777373.832245, -6279783528.3589, 15885960732.771997, 4720001338.734844, -426634364.67923045, 7910559420.541871, -1062677906.0100467, 3190558081.8453655, 15078866637.961082, 15861901823.422344, 30754077381.472538, -309691963.5796776, 15675210743.529797, 6271353967.547579, -3906824250.9926558, 9447511555.17315, -2010190324.5259838, 3176157587.6346245, -31586697576.690285, 6921302611.603382, -51643996503.43848, 7839860358.884121, -20057298926.743786, 9219470152.696943, 16172364832.891157, 20864175722.027878, 970258797.7863102, 11644705569.332996, -18524575618.607056, 13859625191.879923, -27168176848.013107, 6353234428.962823, -8643601229.40483, -1713108976.845645, 5585732479.420183, -1142540875.4518807, 1358444676.7677455, 570568101.3943386, -12843172483.894436, -4691138734.860115, -23387323603.644783, 1843378274.7416334, -10544151119.749966, -34621960287.96977, 7003832645.02566, -56792046561.294846, 8488871953.698315, -22170086273.32498, -8858676156.173496, 7923692984.268892, -12579700200.224033, 3270299214.3543854, -3721024044.050379]]
P1->P4
T_min:200 K    T_max:3000 K    P_min:0.0001 atm    P_max:100 atm
[[2018515969.0970187, 385024664.30376756, 3563582188.482255, -352812924.346081, 1545066205.6241035, -1946061912.4181015, 703988251.8366715, -3093450567.3524127, 532731108.2573066, -1147388655.0563445, -1400824512.5823932, 575023099.2125146, -2205013060.013808, 395702255.3730701, -804188547.460209, 2339849366.383076, 597247262.2150733, 4178917708.816401, -381944624.36954314, 1839068342.488429, -2193798498.513024, -2118785217.85218, -4414222643.003998, 78897634.62349346, -2220424144.409871, 329094130.26553077, -805468027.9052453, 304649721.27752477, -213036226.05148983, -24444408.91883707, 2303332347.653746, -70249807.23834163, 3904211468.172703, -493872493.96577406, 1600879120.5654612, 1019655516.9944811, 2258953163.6849713, 2457233551.8444777, 191549929.28708744, 1437578034.8765254, 3149094375.6466255, -3049207438.9286985, 4397853495.508177, -1204171327.5934632, 1248759119.8745208, 7847577958.549023, 3202989553.1508675, 14397503699.924412, -1066079172.6779194, 6549925741.380638, 2833532379.406691, 2462856310.854026, 5614312008.497724, -150944343.71043706, 2780779629.0921893, 2349941010.603808, 448355385.18273044, 4148731212.958372, -410721966.9217528, 1798790202.3544266, -5657576112.023864, -1425222669.5707548, -10098294414.310186, 926893620.4393132, -4440718302.287121, 2845498536.1262197, -5906286722.980983, 2970937172.046594, -1652477465.5443707, 125438635.92005825, -9559701163.492325, -1038255144.4445498, -16627216985.887238, 1811568376.62769, -7067515822.395292]]
P1->P5
T_min:200 K    T_max:3000 K    P_min:0.0001 atm    P_max:100 atm
[[4517743072.003146, 27228303102.664726, 16367918697.081915, 3932977988.8146563, 11850175611.32055, 6628637336.728733, -2448058244.3113413, 10520888524.398197, -1823560222.0594158, 3892251189.5235643, 4178025183.9648185, 9021385199.771957, 9993798119.05938, 742844908.3954682, 5815772935.227291, -28863038493.962032, 18960210423.62352, -43169074328.10923, 9427081694.3974, -14306035834.032259, -6603027592.1900215, 10180082517.770227, -8016242184.433219, 3203124674.7940803, -1413214592.1710567, 4453041786.153914, -7502402664.029283, 5203352178.833807, -2274266635.412714, 750310392.7186389, 1093666088.6080823, 22118725275.187206, 8904472534.130535, 3733253268.5449142, 7810806445.541218, -2097693664.1614742, 5169018031.966194, -1930789818.313654, 1364165565.1950955, 166903845.85648155, 24204586739.08298, -12758997003.607948, 37201403399.47127, -7342955422.7841835, 12996816660.392145, 2425389023.649891, 5435283373.573973, 5864615202.40637, 466742743.32242584, 3439226178.758478, -65775786964.44428, 28730930708.03825, -102985648100.14865, 18890211246.36797, -37209861135.70361, -18423708295.078693, 15313917414.009037, -26533345185.054665, 6592642287.039083, -8109636889.975399, -56206116875.79863, 6392372625.427116, -93781929286.50607, 12889439536.444921, -37575812410.7073, 3400334967.393796, -23313217754.706814, -1623581509.705101, -4886241913.296404, -5023916477.098797, -21153347876.825607, 7021856111.031738, -33825896915.817566, 5677784188.530743, -12672549038.991692]]
P4->P6
T_min:200 K    T_max:3000 K    P_min:0.0001 atm    P_max:100 atm
[[8446089535.178199, -2383371014.54241, 13639751730.050041, -2191737141.9857793, 5193662133.54265, 565693558.6719451, -13978935697.283575, -3484930215.8160276, -2622030273.5525446, -4050623731.8439646, -2229627482.646993, -2789938806.047802, -4688919783.120336, -33828936.88262892, -2459292300.223322, -14048570283.610296, 3374696421.835371, -22874971681.62248, 3539956559.1801634, -8826401397.859299, 22212972312.424885, -4428309864.462334, 36457762886.4629, -5434655523.588345, 14244790574.116465, 4082391754.3659363, -288780274.2709892, 6867481047.421538, -904755410.2856863, 2785089293.0935736, 12631465237.785898, 14045545058.526142, 26003787518.50256, -123633826.86610413, 13372322280.734577, 5211475199.146479, -3804387403.702368, 7673303402.670747, -1770376864.8983994, 2461828203.532873, -27815756891.498722, 6500515166.862827, -45349472871.90866, 6976539428.361181, -17533715980.40593, 6403851438.675175, 13443802620.145988, 15195831519.997906, 1069868302.8860636, 8791980081.324501, -17431985705.079346, 11854983727.912144, -25943648351.38408, 5765873908.581953, -8511662646.303722, -2187335691.9394703, 4933684294.342495, -2158508942.046155, 1340744970.9741406, 28826749.893777847, -10621508569.3881, -3705420367.578562, -19286236169.34779, 1555709643.833644, -8664727599.95938, -30626851748.41594, 7045859373.014103, -49968069295.54291, 7661606938.6627445, -19341217547.12691, -5948327500.301603, 7178978157.498205, -7855359074.127535, 2528782139.7537346, -1907031573.8257828]]
R->P2
T_min:200 K    T_max:3000 K    P_min:0.0001 atm    P_max:100 atm
[[1053044320.5580778, 1319982520.7867696, 2215292218.1696625, 16390194.387625039, 1162247884.722781, -119870534.7288894, 1042172197.9346867, 127360455.82487476, 211715276.3636701, 247230991.20506573, 70687826.51855928, 869905916.1225488, 397382138.05467165, 141042061.87888294, 326694311.56365263, -108573216.96653223, 1009612302.9143579, 136256057.60604858, 203522719.49306065, 244829274.5812046, -2529437609.225394, 410058663.3988828, -4181504875.4823995, 601982626.0093477, -1652067266.2251785, 43212829.7913129, -612289979.8916888, -121216392.01618361, -118699337.94560719, -164429221.7804522, -301358403.81355673, 258440495.9929948, -431478402.74947655, 109260319.9037658, -130119998.92045128, -257118637.1187476, 1122228782.6107092, -81130344.50185448, 254733046.39680266, 175988292.62429452, 4198277526.5325108, -1953079908.9453216, 6535313700.794216, -1227069943.192841, 2337036174.2648892, 1561107121.1607454, 110163347.00366467, 2696337081.5495577, -306467240.9863559, 1135229960.3899875, -1908088908.3664744, 1413753348.0439882, -2802808972.1155725, 651925550.4199573, -894720063.7487462, -356727403.61598337, 646699611.6108446, -402290755.1113675, 190372614.7414871, -45563351.49531031, -3881516026.318845, 301980785.34164643, -6520839665.422408, 865146088.8296655, -2639323639.1036034, 3110085319.43774, -3297660955.5509853, 4252274332.445751, -1240521806.4980917, 1142189013.008015, -3103402614.059207, -359759770.2200029, -5404984802.529549, 584029272.7628222, -2301582188.470369]]
R->P3
T_min:200 K    T_max:3000 K    P_min:0.0001 atm    P_max:100 atm
[[1292745002.2586005, 1536313164.6972246, 2692773156.0306907, 5051757.152795851, 1400028141.5707982, -206625595.2904275, 1175311360.617279, 21842299.308024526, 253690185.6117745, 228467894.91842723, 22581120.147622526, 1011617045.2226443, 360477507.2892405, 176476616.9239449, 337896387.0635954, -88923909.79587778, 1194649982.6878328, 228647662.49955213, 232559809.1950806, 317571572.25691473, -2911167413.598706, 379102146.98013645, -4842105978.205623, 676201717.3602905, -1930938564.5955238, 75932850.88846818, -734475961.3149978, -104327415.18583812, -147421556.52158466, -180260266.0534933, -218701985.62759012, 343776338.94467133, -263409993.8362952, 107273823.0031761, -44708008.19367659, -240424647.47711366, 1359476766.1620188, 22840991.989652783, 293739269.7939154, 263265639.47522783, 4845618148.426108, -2334329260.023867, 7517511815.28367, -1430621333.69226, 2671893666.86175, 2103064429.0815837, 290127209.6722954, 3677510420.359173, -387477119.04847634, 1574445991.2793844, -2152405373.5489416, 1756910118.076644, -3110082061.651824, 764440639.3741941, -957676688.1022849, -332491003.9927976, 777306401.4461339, -319403917.95325065, 208701866.80154115, 13087086.039698362, -4706871589.018721, 282542103.08726, -7934039105.966163, 1034125419.7186512, -3227167516.947522, 3573239274.852513, -3982666140.093623, 4823802044.95301, -1459993713.9103315, 1250562770.100482, -3937483620.8568172, -426400265.8690371, -6848082448.105144, 746377299.9933167, -2910598827.248394]]
R->P1
T_min:200 K    T_max:3000 K    P_min:0.0001 atm    P_max:100 atm
[[988385959.105579, 752365246.1164404, 1924402702.8617506, -71767543.76750419, 936016732.263118, -180397769.39058313, 1052108292.3006632, 27340080.927146673, 226142360.33306825, 207737850.69924396, 35717063.081433535, 680573257.4657886, 277504485.0370774, 114437154.74308449, 241787421.76331443, 341313770.3844793, 639991091.6812524, 785549143.1604257, 43312756.5280114, 444235372.69678116, -2314983977.560246, 284179162.42652214, -3855983870.534304, 534624940.1362082, -1540999892.9837592, -46587465.48111075, -446758495.1526528, -221615871.7050354, -70286189.28659298, -175028406.21373618, -383971567.73343265, -138635743.17627418, -698695413.9234273, 55400632.4570066, -314723846.17911744, -245898645.9642926, 949656181.4287059, -116930531.05236936, 221478376.59253013, 128968114.91940093, 3619625537.231145, -1611037382.6733232, 5657732542.334019, -1044893795.6094389, 2038107005.1072867, 1269604211.24966, -81574753.49466756, 2138374519.876061, -279899662.8821709, 868770308.6286887, -788868167.8117054, 809888965.1107707, -1087035430.534134, 309899552.49993837, -298167262.72137165, -90739795.7607069, 351322374.6251697, -42866597.35554707, 81887256.00706685, 47873198.40559721, -2661425919.823798, 225118280.8435104, -4465373726.911457, 596436610.8978404, -1803947807.087561, 2926531244.1853347, -2666442972.178284, 4140270613.991941, -1089107374.849191, 1213739369.8066645, -2407185257.9338355, -450611252.0483607, -4247035485.63552, 422279304.72695315, -1839850227.7017057]]
R->P6
T_min:200 K    T_max:3000 K    P_min:0.0001 atm    P_max:100 atm
[[8972523685.924166, -2212158088.769369, 14591676836.3701, -2271070807.9841127, 5619153131.406638, -52914105.05755377, -15448849787.46659, -5007344030.549443, -2756052492.8659735, -4954429918.8335905, -2992583324.255438, -3053121141.4852934, -6073324229.457838, 78453782.28506184, -3080740905.120138, -14714384227.964977, 3765118024.3820004, -23885742521.232025, 3749010899.142302, -9171358293.196821, 24327544910.131233, -5755558796.63558, 39640104872.2723, -6114232425.905679, 15312559962.175495, 4638285474.259211, -494024658.7577244, 7749806208.116815, -1057673637.798563, 3111520733.8710155, 14899251670.31057, 15502506986.409407, 30333491445.16891, -336533491.9582176, 15434239774.862656, 6197623499.804931, -3618017997.4221754, 9413743399.107533, -1943054757.9987164, 3216119899.303955, -30515971650.529213, 6481831291.698317, -49958569891.27886, 7537412670.156416, -19442598240.749287, 9639117718.943003, 16046447337.51881, 21539485886.46283, 860018280.4068651, 11900368167.51981, -17943555895.609413, 13767061255.638, -26207154000.491386, 6215248704.432179, -8263598104.881817, -1508304873.9813466, 5509875394.467278, -817548366.3749304, 1302063022.7398918, 690756507.6064987, -13080674516.674078, -4682473692.262861, -23789443642.977974, 1894557229.2571669, -10708769126.303778, -33534839547.289726, 6311815797.287072, -55159052629.029526, 8137764006.312557, -21624213081.73983, -9457092126.53535, 7655684818.756123, -13685143783.134968, 3347336348.2950134, -4228051656.5995045]]
P4->P5
T_min:200 K    T_max:3000 K    P_min:0.0001 atm    P_max:100 atm
[[4520464192.444516, 23171894310.729027, 15081462869.217686, 3205848787.166689, 10560998621.152237, 6367512360.445086, -107729997.28562188, 10820631344.943245, -1349811060.9018545, 4453119022.641946, 4482358702.125307, 8352200317.21393, 10299614463.333782, 559392756.0857973, 5817255761.444997, -24142642264.565956, 16220404418.708107, -35994089910.29671, 7949999278.858344, -11851447645.587809, -8903156554.256454, 10399725407.359922, -11867443129.70544, 3723086238.9786673, -2964286575.371001, 3222150281.663706, -6430878494.792261, 3446058759.606006, -1825142090.973032, 223908477.98095417, -1715745816.163975, 17490677216.257378, 2642131155.2895255, 3491340861.7356644, 4357876971.471008, -3003712497.5154953, 4609975167.977537, -3653246746.860524, 1453348986.2221708, -649534249.3375306, 25271145797.292065, -11608809535.547562, 39385691395.21373, -7359801892.944635, 14114545597.9247, -1048918211.0066032, 1780755263.7165833, -1221339476.3412075, 538133949.6742592, -172421265.33311844, -56698510598.44693, 23051232666.462284, -89319062231.67288, 15976166178.997307, -32620551633.225513, -16750641676.319649, 12751289751.279747, -24496856537.693623, 5784045749.768006, -7746214861.373547, -46907113341.08066, 6706962425.282202, -77829464569.40683, 11002726113.712685, -30922351228.326103, 7230685028.165436, -20332926216.301468, 5854732295.583586, -5152794951.223199, -1375952732.5817661, -15278273354.581688, 5391578372.149472, -24329345791.716763, 4158159822.8083315, -9051072437.134865]]
R->P4
T_min:200 K    T_max:3000 K    P_min:0.0001 atm    P_max:100 atm
[[1010140393.2741576, 1387789760.1927571, 2163734436.614737, 37500370.0082432, 1153594029.7072835, -163032850.4696535, 954009857.3652666, 25719387.96824646, 204943069.5044086, 188752238.96423924, 20011206.959876478, 858029506.1149359, 307211853.35345525, 149503893.39319783, 287200646.40489066, -148158525.65574333, 1040294413.636492, 78539262.3500798, 217289818.2590184, 226697788.01269653, -2409273223.095889, 323740908.0102464, -4004130117.8381853, 561413096.5178764, -1594856894.7084467, 79526349.85567197, -629554958.999432, -64806655.1061535, -129379585.0425918, -144333004.93169594, -154001281.92919725, 352875678.07889855, -150216264.48041558, 95384194.63536417, 3785017.46660921, -193607350.3361631, 1142910319.6006956, 33722185.98628998, 245166487.70558035, 227329536.33113337, 4049931134.76188, -1968146544.602082, 6277626949.512178, -1198771068.948117, 2227695814.7539964, 1787688829.301531, 282284645.02362704, 3137382470.694209, -322982944.3649633, 1349693641.3939695, -1945527577.2190857, 1546659067.7133422, -2824330058.724427, 683553805.6156518, -878802481.505023, -311325646.482378, 687341783.496289, -311956997.3385594, 188165342.85603455, -631350.8561685085, -4065984355.097459, 238644083.54331076, -6855468387.1288185, 892346917.932662, -2789484032.031445, 2942834084.4581976, -3369255290.3458877, 3944367908.6917763, -1218397612.0846236, 1001533824.2335619, -3357392642.500495, -332507936.13385624, -5829296603.028438, 641982613.676336, -2471903960.5279756]]
R->P5
T_min:200 K    T_max:3000 K    P_min:0.0001 atm    P_max:100 atm
[[3750330655.5761886, 16357128375.639858, 11599550502.712357, 2146149360.3010278, 7849219833.794146, 4493732797.537639, 562433611.618999, 7839637198.041747, -838242097.6299725, 3345904402.807085, 3277648791.501421, 6164644178.554584, 7549636849.533996, 419298846.25293946, 4271988058.11042, -16700522825.69832, 11566610934.360838, -24788482863.20721, 5561380378.133871, -8087960037.462349, -7474764574.100642, 7613526734.815153, -10319219199.942183, 2925570612.9714146, -2844454625.819274, 2155513599.758708, -4652817788.191501, 2193656350.85696, -1283788435.310579, 38142751.10586184, -1707080343.6577132, 11988916981.629791, 905774896.9325409, 2504086539.8656883, 2612855240.591564, -2356765187.3026, 3573491536.1945705, -2880270466.981762, 1132517985.086217, -523505279.67955613, 19555382704.277336, -8766323287.128962, 30546551987.005352, -5656342421.463543, 10991169282.72742, -748764243.1867714, 810875569.9393501, -1018354850.6812749, 301696405.1558552, -269590607.49467087, -40002464671.44054, 16186840162.171537, -63041564986.98736, 11257955576.925732, -23039100315.547096, -11892577422.903732, 8991832002.13947, -17411724650.885185, 4095562941.0528784, -5519147227.981363, -33555726710.64735, 4945257606.1354475, -55629614885.76137, 7897358414.9168005, -22073888175.114117, 6662777390.220486, -15184418102.741957, 6525294036.43244, -4111957412.692978, -137483353.78801537, -11104135566.702097, 3533039158.3648524, -17805093045.31078, 2953067552.046552, -6700957478.608572]]
P2->P3
T_min:200 K    T_max:3000 K    P_min:0.0001 atm    P_max:100 atm
[[1537142187.9881036, 1682973773.34159, 3156085465.3800964, -19746929.545851648, 1618943256.997022, -1388979152.653915, -486578031.99450886, -2522711750.436408, 203079238.1553458, -1133732591.3686366, -1209771248.857915, 610141660.2424347, -1868140185.7996793, 362071208.939206, -658368936.7309628, -25890716.877330244, 1421937471.2732646, 408444776.23200774, 260099219.35152656, 434335493.15641993, -516411722.1044531, -1769171420.1289244, -1443446056.983938, -208977680.25112414, -927034334.8083353, 731171032.1594586, -974167360.3972343, 936389738.2252036, -327268125.114725, 205218706.13203388, 2912976651.3152413, 1727690062.441246, 5515750926.937576, -299223264.8007219, 2602774275.6645145, 1171111306.9987948, 1840905778.6206565, 2582367240.8529425, 85024443.33336163, 1411255933.875152, 1552991661.1709414, -2591217211.01952, 1822693053.0522332, -788627229.3293967, 269701391.8898008, 7253126811.046048, 3893577409.4340925, 13603925969.05095, -818172298.768359, 6350799158.007271, -1149792148.9491606, 3969585946.3599715, -696630488.3684883, 951262688.170979, 453161660.5804777, 1201509842.6329007, 1277644107.4174008, 2454910857.6448536, -22215632.2163921, 1253401015.0112062, -7582349347.963176, -1258214781.3886669, -13326366309.133139, 1358995548.5942378, -5744016961.170718, 357363063.94075775, -5367177558.767482, -1099083652.5284858, -1036010289.5391055, -1456446716.4695668, -9345382647.71573, -125050893.25530434, -15971201387.97437, 1930353627.175923, -6625818740.258847]]
P2->P5
T_min:200 K    T_max:3000 K    P_min:0.0001 atm    P_max:100 atm
[[4355793669.169294, 20528745122.656803, 13959468090.687473, 2766831629.1842704, 9603674399.41965, 5760388079.879027, 411915858.2666445, 9951041031.096222, -1129874243.0248904, 4190652960.4097185, 4155188522.63599, 7602010242.4374275, 9503101692.623783, 493386436.4946461, 5347913170.199586, -21249948463.572315, 14445586800.73728, -31627712053.927616, 7027665165.617594, -10377763590.227085, -8786663439.464025, 9580888104.141527, -11929477011.734797, 3552079148.1593246, -3142813572.1985765, 2734715612.5476265, -5751000270.265402, 2831507032.870167, -1601514950.846757, 96791420.35933411, -2085142713.6625676, 15203393621.124722, 1284398982.0255814, 3158842622.0498123, 3369541695.705147, -2927266597.7259674, 4227289650.9906263, -3644729874.728064, 1368830906.6542416, -717463276.9947526, 23694395819.555073, -10602422706.680584, 37018068733.015884, -6850075976.055376, 13323672913.46373, -1404766554.950407, 1004033980.5401573, -2075185403.3515835, 473367920.4615288, -670418848.3998337, -50419019816.967834, 20217037874.80777, -79516277535.8707, 14156398854.839287, -29097257718.90255, -15049728519.343788, 11270424974.201694, -22068587861.741554, 5163389720.370251, -7018859342.397411, -41632209507.85959, 6212638651.704976, -68994488058.36108, 9811975156.197632, -27362278550.501476, 7582204448.90988, -18390364597.82122, 7072268224.415904, -4878305764.261959, -509936224.49391365, -13250536107.940447, 4607185891.887014, -21122251907.507046, 3593960810.4069824, -7871715799.566419]]
P2->P4
T_min:200 K    T_max:3000 K    P_min:0.0001 atm    P_max:100 atm
[[306137141.03969526, 1402012204.2760234, 968122360.362508, 187151875.59396255, 661985197.4500816, -442411705.53202724, -215574251.85116962, -822808750.6300597, 53831131.924155414, -380397038.4081592, -409250817.54937476, 414712728.58093476, -565667230.6833261, 159795419.20251524, -156416412.81953958, -506927761.88915664, 911288533.4394233, -574127816.3516824, 269149176.6682246, -67200054.36793987, -368267926.15455645, -522780256.1332055, -794192363.483279, -16686456.10079183, -425924437.2328878, 368574029.779822, -528766151.59589404, 460022580.80177, -171724447.92578197, 91448551.096501, 1173959152.585425, 1072630742.3905957, 2342691525.9411664, -53179628.77919054, 1168732373.3979354, 425848234.67854095, 844206591.3100019, 994656752.1976792, 62226875.10512853, 568808517.5379026, 1115527878.2153587, -1289505603.0687203, 1491248770.5905344, -464062471.3755568, 375720892.381779, 2963037356.121837, 1647224580.8774629, 5575480187.388975, -324096147.02436703, 2612442831.2683845, -1622386677.2947488, 2102039801.2092862, -2096691062.048398, 715508929.5642378, -474304384.7540803, 156320417.7976817, 784230566.2346026, 516093809.79324174, 107803141.69397709, 359773391.99485636, -4060883019.5534773, -386114813.2921549, -7045623442.92687, 779377756.005112, -2984740423.3737984, 261320360.55333644, -2603014945.2583675, -383019079.6663742, -520840909.8825854, -644339440.2198855, -4147915069.227635, 63443851.52409613, -7050902163.753934, 878085783.9605681, -2902987094.526305]]
P2->P6
T_min:200 K    T_max:3000 K    P_min:0.0001 atm    P_max:100 atm
[[8392238704.444457, -2402940193.4699593, 13541721705.529554, -2183989924.8698134, 5149482973.335725, 525870815.027081, -13865401679.331402, -3516681193.402152, -2593373610.993474, -4042551994.7911158, -2238296567.483073, -2778498410.8687096, -4700056966.238104, -29968362.01326418, -2461760398.539892, -13868061700.855984, 3324721973.110904, -22583158533.706173, 3493287492.186834, -8715096832.711042, 22037542235.335167, -4440575290.10892, 36154797216.33977, -5400195677.2158165, 14117254981.079388, 4049345653.727255, -283600494.57035923, 6812794854.766001, -896922533.8619299, 2763449201.0760574, 12567342231.571287, 13905034465.482576, 25849752359.279755, -135402538.25231552, 13282410127.726162, 5190334451.669804, -3758004599.040921, 7652026991.580841, -1757651606.9635525, 2461692539.9193687, -27618929529.57476, 6438191928.385987, -45033770968.77313, 6924248648.361763, -17414841439.194614, 6451048339.957905, 13377428022.560156, 15255163673.858486, 1048117700.9977131, 8804115333.90214, -17156521118.178177, 11750135953.515247, -25507425758.194214, 5689534841.42593, -8350904640.015171, -2110227099.4102163, 4877021873.117295, -2045094043.9784644, 1314483800.5057812, 65133055.43214321, -10517207276.704762, -3707650244.1510143, -19109139856.75203, 1533516103.0347471, -8591932580.046999, -30377232717.683647, 6962566256.717295, -49569045995.210686, 7594529141.72901, -19191813277.526993, -5987344575.079488, 7102193727.185535, -7946312185.55144, 2523181715.424364, -1958967610.471819]]
