==============================
colrel_FactorOne
P3->P4
T_min:200.0 K    T_max:3000.0 K    P_min:0.0001 atm    P_max:10.0 atm
[[-26.14082845731426, -1.1646123389946754, 0.06482517698334309, 7.712196568427648, 1.3095512226320836, 0.012680458426574349, 1.2176978741098858, 0.28278970381681656, -0.17172721874140695, 0.5513620636755946, -0.4968689956343125, 0.05518469036491417, 0.21167419252132946, -0.15867283476050884, 0.1077420844863868, -0.010256107681181504, 0.24089501103576214, -0.04190009111638057, -0.011595501692421326, 0.13638766552944195, -0.0788878859658299, 0.09759049407875076, -0.1435033264485569, 0.033928716578276834, 0.04781013313034938, -0.09203039167362641, 0.04937601984803813, -0.06675714915956274, 0.09150278795088276, -0.025773970094427667, -0.03006331587833062, 0.0434173863967566, -0.024831213328515168, 0.02250384769271926, -0.03374844349217963, 0.010536519372565766, 0.035395297957869894, -0.047230394515223095, 0.020670048981382645, -0.02303736247368402, 0.037471513135164294, -0.012230489967464687, -0.006665908414527291, 0.012199214760174366, -0.007133583724969436]]
P3->P5
T_min:200.0 K    T_max:3000.0 K    P_min:0.0001 atm    P_max:10.0 atm
[[-26.038723983718583, 0.0031879619241363955, -0.002463771432675142, 12.076606309765983, -0.004261528821561962, 0.003280809997867214, 0.03002332058354766, 0.0011913351088797851, -0.0009295814271209046, 0.04470141732610136, 0.00023271850993060068, -0.00018588928252214872, 0.04846955511795755, 1.2353090903130329e-06, -6.816567443471291e-06, 0.03525153210791168, -1.4602847379205385e-06, -2.706054218221728e-06, 0.02074581293935563, -4.075822143911912e-07, -3.117882978771575e-06, 0.010569715127560499, 4.570491090407254e-07, -2.407747642450468e-06, 0.004861948142637705, -1.5876607832984415e-06, 1.9364472823502594e-07, 0.0018754368838971851, -4.7118385938176494e-06, 3.2706534905590785e-06, 0.0007904939139180049, -3.196764503537832e-06, 2.560391788466588e-06, 0.00017149204408685985, -2.938548233939701e-06, 2.9332923276737734e-06, 0.0001714399354218067, 6.503203409897109e-07, 6.393714974933795e-08, 4.6683645900695e-06, 6.171024261186266e-07, 3.742607461206839e-07, 9.694842633090227e-05, 4.012896645567548e-06, -2.359909821868363e-06]]
W3->P5
T_min:200.0 K    T_max:3000.0 K    P_min:0.0001 atm    P_max:10.0 atm
[[-5.707866357153334, 3.2728894925212613, 1.0260386717813845, 13.64453378632193, -0.9521729636797823, -0.8870455861612012, -0.7762517348797439, 1.192665015682395, -0.41807051512120375, 0.1633163553651809, 0.12135776668385179, -0.07233047364777882, 0.46130892946813196, -0.28688327606428327, 0.04540247993833507, 0.16295639792197508, 0.010954424335703376, -0.03169337306382399, 0.06444944475049483, -0.004307335270551481, -0.026445246232668897, 0.10152676604677995, -0.1487862496135423, 0.01971537893711435, 0.029194222159197064, -0.08359603233551678, 0.0011839256691150545, -0.0009202561919998778, -0.06774462477275811, -0.0016225246869370383, 0.03251401625656689, -0.10560700218049986, 0.04318037870663188, -0.05037065136465673, 0.004941669640840035, 0.0014371953017754734, 0.006651054217771642, -0.04154891186363739, 0.0386389815478467, -0.02516460817617379, 0.0050029658277471285, 0.0042693443197224425, 0.026474731528166706, -0.03581457309936087, 0.027685366333720603]]
P1->P4
T_min:200.0 K    T_max:3000.0 K    P_min:0.0001 atm    P_max:10.0 atm
[[-16.203338812809466, 0.05957662368291322, -0.1422069521253886, 0.708114354572788, -0.07017595224949451, 0.19905479428841094, 0.4571481597821132, -0.004152017103611161, -0.049975407993266135, 0.1510424222679563, 0.021622014997972082, -0.019385104112326242, 0.1017975672248904, -0.002364406166295923, 0.009662060119739142, 0.1067818200949646, -0.004904805094043263, 0.004677496263539256, 0.07742209923260163, -0.0005175069258677501, -0.0014871873621603695, 0.03693267689383842, 0.0007399790436868844, -0.0010209590917990106, 0.009229675997743188, 0.00018224287052273354, 0.0004009741754850459, -0.0049084939112922134, -0.00038071979178962596, 0.0005205183895242105, -0.005890011841336321, -7.138306933152588e-05, -7.170981322913724e-05, -0.007435447420713955, -9.217284944688303e-05, 1.5750127010193002e-05, -0.0021068293885015623, 0.0003206022593539997, -0.00017225867863979085, -0.0024447960227830137, 4.377346204402865e-05, 2.802278686535272e-05, 0.0015027645706554606, 0.0002540240102314989, -0.00019557875796308663]]
P4->P5
T_min:200.0 K    T_max:3000.0 K    P_min:0.0001 atm    P_max:10.0 atm
[[-34.00842940309862, 0.0036460381570915246, -0.002818761783024213, 19.582022039474985, -0.0049348040357306625, 0.0038151512533288676, 0.16297792477913436, 0.001199894940903154, -0.0009287029888057952, 0.12027448860658449, 0.00020642742672101054, -0.00016030019210470814, 0.08666407718550037, -2.2767528571855363e-05, 1.7604904139270796e-05, 0.052208290868606864, -2.4365866544882617e-05, 1.836826774443158e-05, 0.027151608312354223, -1.0823875888567313e-05, 7.696631464441841e-06, 0.012613543170968477, -3.2416498457969334e-06, 2.0223666275351737e-06, 0.005456235305591615, -2.5816545140684574e-06, 1.0164166001657845e-06, 0.0020800541868088575, -7.719500784793506e-07, 6.098573830901687e-07, 0.0010327251887641796, -4.743526173457664e-06, 2.632702964787766e-06, 0.0003358532385019536, 8.34615921624081e-08, 4.3412467345588815e-07, 0.00039187082434741986, -5.861920304249063e-06, 3.6741266098304196e-06, 7.970523651224228e-05, 2.352886046245151e-06, -1.0524580673190063e-06, 0.00020057973020969557, -4.865341049340831e-06, 2.966939829323868e-06]]
P5->W3
T_min:200.0 K    T_max:3000.0 K    P_min:0.0001 atm    P_max:10.0 atm
[[-18.578879029005236, 3.274576888943862, 1.0256768650101775, 1.675924115324233, -0.9495082418477249, -0.8875578255978473, -0.48481693091583405, 1.195637256756885, -0.4187234533891567, 0.32459368020612867, 0.12343235321655191, -0.0727377944973983, 0.5307208804611768, -0.28483239222834666, 0.04496044557617276, 0.19109467546210562, 0.012242251596706524, -0.03193775137517845, 0.07556478463886436, -0.0033016623268586173, -0.02665147313233172, 0.1060955715247449, -0.14820347171808188, 0.019597014843929218, 0.03131667640981503, -0.08342879932240771, 0.0011687278861554073, -2.2140486187564436e-05, -0.06755849669859097, -0.0016631702324877609, 0.03330410384200809, -0.1058944810415158, 0.04327885881620644, -0.05011376806417113, 0.004941660810762867, 0.0014340496672680496, 0.0072056192503821065, -0.04201859920286349, 0.0387812518122898, -0.025078702146187633, 0.0049614228400701385, 0.004275087544601415, 0.026826364429351567, -0.036181347978987095, 0.027800035852956706]]
W3->P4
T_min:200.0 K    T_max:3000.0 K    P_min:0.0001 atm    P_max:10.0 atm
[[1.0448158413072155, 0.5402140416099981, 0.09765583694870406, 3.4589776409614483, 0.9994628586036716, 0.08502658328239646, 0.03435655073612345, 0.7784462542052779, -0.16740322822841422, -0.14201522735283692, 0.4205465569140505, -0.2183212162372937, 0.21058605413674922, 0.07130282925321262, -0.13120572840113398, 0.27933978707464624, -0.15918731259052854, 0.004555601813270966, 0.1636496146024462, -0.23198791732170446, 0.057387468857505924, 0.087103159447719, -0.21862975258492795, 0.06723211477699735, 0.056808978193024, -0.17419855062407635, 0.060489204806203775, 0.020957837616990778, -0.11025807822420759, 0.03406442936513173, 0.01238253049854758, -0.04824153630520984, 0.028973694086651756, -0.024672047598130655, 0.010152947992839468, 0.0003714750453588722, -0.009958625823364889, 0.028548087965856273, 0.010077120019100822, -0.022969212673643526, 0.030788759658078552, -0.006833333411516919, 0.0070441068969948175, 0.008709970111760286, 0.010256338816819087]]
W3->P1
T_min:200.0 K    T_max:3000.0 K    P_min:0.0001 atm    P_max:10.0 atm
[[2.7586420129627713, 2.353729126955367, -0.26070498129006553, 6.193778747665886, -0.2531824400462096, 0.15637733924583966, -0.3130192609928684, -0.2997198255980354, 0.00045669322898635645, 0.10324281129598561, -0.13625366725230892, -0.015410834670018607, 0.1686857095300868, -0.08669051968420405, -0.015266917426313177, 0.08441493650850122, -0.05685657084822135, 0.014504817927671195, 0.004586053205765138, -0.05256139290036478, 0.02153971384511908, -0.0366445217401771, -0.04663038318119535, 0.02627239980504955, -0.03169966640219405, -0.042001644406840094, 0.026378234469362816, 0.007448399845310468, -0.05128567403007171, 0.013323595441226752, 0.024081202215005666, -0.042275313102646546, 0.02248513503920258, 0.04273921051267278, -0.047298202783517644, 0.009398424723998546, 0.02041661228500639, -0.019877003368423, 0.023075680868372108, 0.01885404156206215, -0.01632227807321099, 0.005181875433858653, -0.003920031741896015, 0.00575588164623258, 0.013524299163401516]]
W3->P3
T_min:200.0 K    T_max:3000.0 K    P_min:0.0001 atm    P_max:10.0 atm
[[0.17794118376421397, 0.6631427237830794, 0.026987692436604368, 4.089325597207682, 1.0940188326447409, 0.10162739974284062, -0.4126232362748581, 0.7655815903636297, -0.10638927616777172, 0.04995867154536387, 0.46065298812945066, -0.251458510209864, 0.44403864075715954, -0.12083069187684399, -0.13297446221117695, 0.3901167936389794, -0.35997901910631686, 0.029770628023018122, 0.23497633478974134, -0.4042694392058674, 0.1403795707188808, 0.035990319912833614, -0.18150319427873, 0.10951198952889074, -0.09656253615643716, 0.04978246531999753, 0.015815182588348995, -0.05260207513791164, 0.016103664524507455, -0.01332648021362323, -0.04218916316359963, 0.04589965841835507, -0.02529292751463733, 0.08619771620226506, -0.14185448537899936, 0.041630392714560815, 0.016168809332541487, -0.004136864868234895, 0.022321943895251807, 0.058972778122444953, -0.08441760246276696, 0.04086425588761973, -0.04272168749465722, 0.08112629211408609, -0.01246364138515232]]
P1->P3
T_min:200.0 K    T_max:3000.0 K    P_min:0.0001 atm    P_max:10.0 atm
[[-15.056834245079486, -0.09772867962903137, 0.11133503613139988, 0.5248784042082739, 0.14571421885707042, -0.17831306434738575, 1.0802950772111357, -0.042758595396501925, 0.08205660348917619, 0.18934369979813623, -0.02860895017287647, -0.004533027181394262, 0.05824182561685686, 0.03592808853000457, -0.01988512792421351, 0.05500579912630495, -0.012936887004806146, 0.010705034728370904, 0.021251195125497425, -0.0016277022932001098, 7.297542791000967e-05, 0.008081474325050792, 0.0028419726006701927, -0.0021691690942136515, 0.004819060939330935, -0.0013954477955824623, 0.0009441339908216407, 0.0015827275580193529, 0.0005341909358720111, -9.946577946993536e-05, 0.001016211184748911, 0.000507565767548256, -0.0003120886836799058, 0.0010869469494855573, -0.0005594908904008175, 0.00034030748037918584, 0.0008064151202436637, -0.0005384841408628237, -4.8700911807931016e-05, -0.0004022488128666058, 0.0010931639676215064, -0.000178728846569039, 0.0005447607204254641, -0.0005986034116655711, 0.00018848876324141004]]
P1->W3
T_min:200.0 K    T_max:3000.0 K    P_min:0.0001 atm    P_max:10.0 atm
[[-14.729826213463777, 2.3554194159220043, -0.2610678389935527, -1.2027792864515316, -0.25051696739324175, 0.1558640834957995, 0.12492182598455649, -0.2967509339253117, -0.00019406839238891554, 0.2902188809606928, -0.13417719214834983, -0.01581919758913863, 0.2405258431427699, -0.0846391427236506, -0.01570848921179302, 0.11199668522731741, -0.05557245595963641, 0.014262415501137556, 0.015306565754540634, -0.051556116743575846, 0.021333314489801643, -0.032209027733334096, -0.04605116205317078, 0.026156398457356962, -0.029609032740253553, -0.041835784656308425, 0.026363045191543748, 0.008341350724344046, -0.051097065288021375, 0.013282037429123419, 0.024879205604905807, -0.04257003209322458, 0.022586920926324448, 0.042995591908666614, -0.047293420269008866, 0.009393638647240915, 0.02097465289008403, -0.02034969777239137, 0.023219144762343952, 0.018938558250207148, -0.016360743209188382, 0.005186579385929378, -0.0035664526729913847, 0.005386545627376999, 0.013640126973886446]]
P4->W3
T_min:200.0 K    T_max:3000.0 K    P_min:0.0001 atm    P_max:10.0 atm
[[-32.27619504151218, 0.5419024250705844, 0.09729412633150135, 11.221620471936811, 1.0021270963599456, 0.08451339226978405, 0.4374465969125459, 0.781421511481459, -0.16805643397660494, 0.03822500096735748, 0.42261957467228933, -0.21872863761851014, 0.28337850004764353, 0.07335345550433883, -0.1316468312384264, 0.3082985720332299, -0.157902849917296, 0.0043126492712793904, 0.17506882647108157, -0.23098550767414663, 0.05718247481321173, 0.09180441587490765, -0.2180488548285904, 0.06711530874948463, 0.058981982059213664, -0.1740322709643834, 0.06047366861483032, 0.02186550833169342, -0.11006802709820769, 0.03402265509777379, 0.013175797831357583, -0.048536727892388484, 0.029075019586088702, -0.02442456205950447, 0.010161038913408282, 0.00036544088222937384, -0.009402490405701578, 0.028072026403018258, 0.01022202347166544, -0.02288617359704242, 0.030749276533856354, -0.006828420383437594, 0.007397368125411677, 0.0083402189502138, 0.010372383657820772]]
P3->W3
T_min:200.0 K    T_max:3000.0 K    P_min:0.0001 atm    P_max:10.0 atm
[[-24.64443656132585, 0.6648310588511355, 0.02662602935393902, 4.541394053548529, 1.0966858625226787, 0.10111300418729853, -0.03615148081742375, 0.7685510582189875, -0.10703997588450809, 0.21020292442517466, 0.46272824643865296, -0.2518667413250126, 0.5044739502031604, -0.11878430652723165, -0.13341401573746106, 0.41232568447848, -0.3586945523642837, 0.029527877669995924, 0.24301272873144894, -0.4032615875852744, 0.1401718003626667, 0.039036555643638504, -0.18092543931072064, 0.10939650868424966, -0.09522083677006714, 0.04994925101615278, 0.01579956360489751, -0.052102978285569215, 0.016290174633583922, -0.013366877525145959, -0.041628457270546065, 0.0456070851898126, -0.025192262894469, 0.08634660585632867, -0.1418520954478349, 0.04162682601558453, 0.016644438515765303, -0.0046075946043709496, 0.02246448331163455, 0.05903882143187098, -0.0844611855203224, 0.04087138589129271, -0.04239874511192598, 0.08075913699005217, -0.012348942120271648]]
P1->P5
T_min:200.0 K    T_max:3000.0 K    P_min:0.0001 atm    P_max:10.0 atm
[[-15.132787546101891, -0.0022459804176606646, 0.0017684010719572758, 3.628688708680146, 0.0018668982387662735, -0.0014438064645784742, -0.20436294816772319, 0.001871031866052966, -0.001434351039184988, -0.08351701081910194, 0.0005568810155713184, -0.0004369914023735018, -0.016339749172412963, 0.0003809536029058275, -0.00030306642158437006, 0.006603800891577508, 0.0001424862101629031, -0.0001360009919296683, 0.01024357016332041, 0.0001784926904863819, -0.0001709772875741383, 0.007829517247224792, 0.00012500651171673847, -0.0001370660272137088, 0.00485114792541575, 2.204147660338475e-05, -6.526194407477172e-05, 0.0025004161349671534, 7.755285039615044e-05, -0.00010493480677690739, 0.0011953167987224262, -0.0001325211447400055, 5.333181065521721e-05, 0.0004321071787758268, 1.68718928948528e-05, -4.6673825522127685e-05, 0.0001260286355335945, -0.00020988682061095468, 0.0001287636796701794, 2.3736163627311978e-05, -3.3640825166075308e-06, -1.1337910409893817e-05, -2.0058104896481434e-05, -0.00016512291009904237, 0.00011576682585536343]]
