==============================
B7_Energy_1
P3->P4
T_min:200.0 K    T_max:3000.0 K    P_min:0.0001 atm    P_max:10.0 atm
[[-26.083119558608608, -1.1712665208321449, 0.06921947585696281, 7.761155935202619, 1.3138201671211907, 0.006858334762916344, 1.2675836013783865, 0.28738276478837943, -0.16985216434700776, 0.5809072932896695, -0.4952294182247029, 0.05423818444566727, 0.21954659768920548, -0.1633135716450391, 0.10733747206493321, -0.015930650990413495, 0.23763212014863017, -0.03992189207501138, -0.02108294570199813, 0.1404322334705522, -0.0789120745557636, 0.09053272387318279, -0.13952919255827365, 0.03148898773511873, 0.04800002943994912, -0.09503636601686816, 0.049701706428050815, -0.06121669319685926, 0.08654686943447606, -0.02300449953964882, -0.031432196466244976, 0.0484932064014338, -0.026671311980021553, 0.02479015699238595, -0.03344837282607204, 0.010187172585107608, 0.03485896817028614, -0.0471717373336076, 0.020305183186884176, -0.02001340561873295, 0.0335951247344013, -0.010249610072869324, -0.010085814243907946, 0.01543339069857447, -0.008531348978243767]]
P3->P5
T_min:200.0 K    T_max:3000.0 K    P_min:0.0001 atm    P_max:10.0 atm
[[-26.040613646026454, 0.0029080991930028333, -0.002248010760256744, 12.0724703094914, -0.003905693316271119, 0.0030077765937326782, 0.027433057670362238, 0.0011162670642357445, -0.0008710004730834725, 0.043370427233174684, 0.000216290578337731, -0.0001719188202096074, 0.04806690082530828, -3.5580322878008146e-06, -2.7983678400480128e-06, 0.035301442062219794, -6.967841476343984e-07, -3.0424565373453085e-06, 0.02086405899133596, -1.118027432047359e-06, -2.7628255154832035e-06, 0.010604625624705363, 1.7073249005245375e-06, -3.1412779073700686e-06, 0.004818399883390918, -1.0345831292016158e-06, -9.612169313718253e-07, 0.0018007919267547256, -7.542547327475412e-06, 4.787687065851759e-06, 0.0007351120420613437, 8.796471772637289e-07, -3.360910532471048e-07, 0.000136965166808256, -4.6094533529108e-06, 3.7044526873562488e-06, 0.00016752241266667646, 3.3904949161413467e-06, -1.7653605349694714e-06, 3.2957761523601404e-06, -2.275072537146321e-06, 1.5429904084285523e-06, 0.00010544793372790414, 5.682850793400354e-06, -3.284661999517886e-06]]
W3->P5
T_min:200.0 K    T_max:3000.0 K    P_min:0.0001 atm    P_max:10.0 atm
[[-6.252439480977434, 3.538056192984328, 1.091103175056629, 14.03524526801216, -1.2036260303450401, -0.9478268206790376, -0.659776828137056, 1.1094962861113529, -0.3887679795966118, 0.02615104119008614, 0.36589814119958486, -0.15654552819334483, 0.4847800702951952, -0.30286722733061144, 0.04974983359205756, 0.2916230285089092, -0.16579475952727046, 0.025616729568412693, -0.0001438497534255959, 0.08007685408072225, -0.057814659796054664, 0.058318321407787574, -0.0978728061912964, 0.001215392653738028, 0.09424203943298383, -0.18265023189321777, 0.03414343930045944, -0.007647832837079357, -0.06515639573167305, -0.0035037875465143216, 0.007765714285495083, -0.06692692653611235, 0.027948837566866478, -0.02871996013196502, -0.028508902493776314, 0.015354056359718676, 0.011485587830390455, -0.04022619316943064, 0.037749963168626124, -0.028950466545903882, 0.010122329219457079, 0.004253874409304855, 0.03424618112867168, -0.0402669850655677, 0.0292346979535801]]
P1->P4
T_min:200.0 K    T_max:3000.0 K    P_min:0.0001 atm    P_max:10.0 atm
[[-16.165484592074883, 0.05691003392050084, -0.13844567122780793, 0.7591331037791978, -0.06761617908682115, 0.19461988645209896, 0.5046877199789023, -0.0033439768720381785, -0.04974727075763418, 0.18377056770413866, 0.020400937896860778, -0.01836076598214872, 0.11636350471928858, -0.0022883443094281956, 0.009522113413139757, 0.1097693085795398, -0.0046266576850227965, 0.004447728533870187, 0.07341635003651127, -0.0003741597344156206, -0.0015768103866739887, 0.030802868701197347, 0.0007971423733077525, -0.0010648898359493129, 0.0042779413140313655, 0.0002121604012257685, 0.0003622046804345792, -0.007887517830219955, -0.0002926573304129284, 0.0004479960734039579, -0.005934260707283884, -8.685997887902735e-05, -6.722102183692262e-05, -0.006763301461486217, -6.47826147193419e-05, -1.608902920796279e-05, -0.00022061073094778615, 0.00022327349362199928, -0.00011655333087708579, -0.0015786588355040892, 4.4794584146753306e-05, 2.4441025600871712e-05, 0.002513814078339714, 0.00018371586212375797, -0.00014397545930974767]]
P4->P5
T_min:200.0 K    T_max:3000.0 K    P_min:0.0001 atm    P_max:10.0 atm
[[-34.01044323202458, 0.0033489454397486185, -0.0025898824540226922, 19.57763793120065, -0.004544695396261153, 0.0035143138225572656, 0.16031457896215734, 0.001124049497711181, -0.0008700123012080391, 0.1189928982380671, 0.00018983263191710918, -0.00014739331038080879, 0.08634538423822503, -2.3406377775772645e-05, 1.849130150045488e-05, 0.052309985242960086, -2.3102073220884356e-05, 1.711632297064102e-05, 0.027263868618073915, -7.1681965671612185e-06, 5.409739292351953e-06, 0.012613424462366327, -2.7136774883693547e-06, 1.6940374562530339e-06, 0.005376680842983924, -8.361646320616667e-07, -5.6156806931782436e-09, 0.0019861210423504604, -2.132483426292715e-06, 8.740387812258181e-07, 0.0009780476170844637, -1.4896706924444296e-06, 9.178127383283441e-07, 0.0003095138104560874, -1.410077253981965e-06, 1.1100596618801897e-06, 0.0003966590567855445, -1.9049877260510629e-06, 1.133784317495436e-06, 8.367732482080401e-05, 1.201910187612268e-07, 2.05007188218132e-07, 0.00021020130918811568, -1.4781417945271148e-06, 8.898346717086139e-07]]
P5->W3
T_min:200.0 K    T_max:3000.0 K    P_min:0.0001 atm    P_max:10.0 atm
[[-19.106300160606285, 3.5397346228878215, 1.0907452573614351, 2.074187068721355, -1.200911264555897, -0.9483459469951492, -0.36768480218426675, 1.1124549780953454, -0.38941446098616406, 0.18638049844773677, 0.3680159769441103, -0.15695946788600415, 0.552896467045391, -0.30081959419520965, 0.049309766788282326, 0.3187330208057524, -0.16447691846726256, 0.02536634106831668, 0.010388049351359683, 0.08109585671894332, -0.05802486507800272, 0.06261699714995318, -0.09727038520113533, 0.0010919382745342493, 0.09625238825833525, -0.18245072777414992, 0.03411927005235645, -0.006768405899709861, -0.06496334868925986, -0.003547045505279279, 0.008515103848320976, -0.06716747344889885, 0.028036719387478194, -0.028466368190781886, -0.028496407072813167, 0.015346172652614294, 0.011990512899364696, -0.04064268868905398, 0.03788152225727524, -0.028869924408387773, 0.010089282068218453, 0.0042564591013283075, 0.034556176030135416, -0.040591088152991076, 0.02933987374935596]]
W3->P4
T_min:200.0 K    T_max:3000.0 K    P_min:0.0001 atm    P_max:10.0 atm
[[1.0161731557254734, 0.537108729490219, 0.09659153264290715, 3.4388282419959735, 0.9939035695435503, 0.0862099259809443, 0.026897405465514095, 0.7827506919587682, -0.16388697922152554, -0.13940083352039553, 0.43030022817897945, -0.21429213819780032, 0.20929014611252808, 0.08459001372949061, -0.1312310461456048, 0.2799076667882078, -0.15230304980587087, 0.002865859567845648, 0.16510498803317336, -0.23262757018434158, 0.055793826075958376, 0.09144309035907458, -0.2253198698415561, 0.06717486415088231, 0.0634676207381223, -0.1833417427504206, 0.061925335274971995, 0.026176194562493264, -0.11792410984994985, 0.036080278551404485, 0.019689897983075272, -0.05552209421043391, 0.03215016474839473, -0.021587908734838967, 0.006700881784905826, 0.0028018318287103675, -0.005030439678615178, 0.025551524633615545, 0.012564551765901719, -0.02253729805438432, 0.03089523065977583, -0.005964787325787152, 0.00972320087027838, 0.007642152562902922, 0.011109604540538534]]
W3->P1
T_min:200.0 K    T_max:3000.0 K    P_min:0.0001 atm    P_max:10.0 atm
[[2.718176283435906, 2.3540199539755426, -0.25749787308027383, 6.183059653830335, -0.2522828578700453, 0.15406755648733556, -0.3161630619786245, -0.290914606376793, -0.00455666866778963, 0.10891849717208661, -0.13707670220423318, -0.015186215636745713, 0.1686941365398474, -0.08389631114603334, -0.015749598695925307, 0.08345283320127532, -0.05592016961600931, 0.014321909170506795, 0.00178583862241815, -0.05091780477956177, 0.02042036787019861, -0.03773396935459527, -0.04670845669057352, 0.025252133554079667, -0.030221845516342476, -0.04374915114081957, 0.025964548411741572, 0.008108396540001664, -0.05079953198109128, 0.012525297788071236, 0.027361415024889545, -0.04442996286907076, 0.022901279973262467, 0.0432272238828204, -0.046594182572176714, 0.00902262075000551, 0.02406843705645189, -0.023468600875259423, 0.024246763794628652, 0.01917577087709608, -0.016444007207515852, 0.0052796688681231215, -0.0012764590162597828, 0.002737194667463784, 0.014600817308825472]]
W3->P3
T_min:200.0 K    T_max:3000.0 K    P_min:0.0001 atm    P_max:10.0 atm
[[0.14992623448062756, 0.6624322178261326, 0.027940077253895593, 4.069421908434823, 1.0765813460651374, 0.10367962354980347, -0.43097944346133504, 0.7802541983650328, -0.10966100205064243, 0.05688331573272321, 0.4654592868187437, -0.24389160999727705, 0.4339767625998342, -0.089714747426551, -0.14112518439847455, 0.3875863704111607, -0.34788063292696747, 0.02249511942037092, 0.23697892034266357, -0.4085314513269101, 0.13614451932318042, 0.04712188518307381, -0.20319400861073653, 0.11465736589836738, -0.08293593518585719, 0.026038070701209004, 0.025581839355863067, -0.05115860581253912, 0.013449807681510063, -0.011423157046980416, -0.04041699990767204, 0.04667289624885487, -0.02441861605802842, 0.07856036441260728, -0.12763603949838973, 0.03500409663832447, 0.02129239250032448, -0.008205382157132008, 0.024124970245956757, 0.05829910046796982, -0.08216893066345565, 0.03924954230524258, -0.03472719946203911, 0.07084326593029773, -0.007491277564437796]]
P1->P3
T_min:200.0 K    T_max:3000.0 K    P_min:0.0001 atm    P_max:10.0 atm
[[-15.066412795420591, -0.09759225829452098, 0.10630751110363829, 0.5411557315203386, 0.14551343371100675, -0.17066320453784475, 1.0727402803680943, -0.042753602191747564, 0.07938630288700466, 0.19060261298446843, -0.02861727348623984, -0.005249614751249461, 0.059215690678290966, 0.03636836128946669, -0.018930139339209905, 0.054763794559233574, -0.013769262569961683, 0.010811304961897973, 0.020644908150718098, -0.0009211617270774414, -0.0004271822068739768, 0.008471584314076349, 0.0025294675592226223, -0.001945421786735535, 0.004752333812728852, -0.001344623142280728, 0.0009312270822565765, 0.0015351602618273459, 0.000577214493511837, -0.00010716334243404415, 0.0010469460941061022, 0.00048244764810032666, -0.00030651553875559205, 0.0011800313990291663, -0.0006808986483963934, 0.0003723377759761805, 0.0006128239281768412, -0.0002446427252950754, -0.000166632228078529, -0.0002239011885069352, 0.0008226259714343724, -4.9864472731901044e-05, 0.0004827106329930558, -0.0005180656183722382, 0.00014351525706149043]]
P1->W3
T_min:200.0 K    T_max:3000.0 K    P_min:0.0001 atm    P_max:10.0 atm
[[-14.753135263552236, 2.3556946718096143, -0.2578538438122192, -1.205951666819138, -0.24956074439927517, 0.15354495089007628, 0.12243688640308385, -0.28796152969979266, -0.005200249541327593, 0.2948442847167951, -0.1349535699550095, -0.015602319802164782, 0.23924289933031068, -0.08185464514792329, -0.01618683091844014, 0.11000155283212637, -0.05459898568975309, 0.01407005118411195, 0.011925823618022116, -0.04990344096196264, 0.020212895226675544, -0.03357161930954562, -0.04610523226680303, 0.02512791237277469, -0.028244771618826315, -0.04354879144734894, 0.025940371192662858, 0.00898670723719064, -0.05060992159126148, 0.012483389863892688, 0.028112057235288774, -0.04466819064056863, 0.022988455598480003, 0.04348770251254422, -0.0465877703201997, 0.009017446883764461, 0.024567601791591995, -0.023874732492367438, 0.0243732825766011, 0.019262962202930403, -0.016485689457161543, 0.005286211367508556, -0.0009697617710635766, 0.002418250007472366, 0.0147036295887611]]
P4->W3
T_min:200.0 K    T_max:3000.0 K    P_min:0.0001 atm    P_max:10.0 atm
[[-32.28768656886907, 0.5387891235547917, 0.0962323033877192, 11.209027823635171, 0.9966109232037274, 0.08569502016299656, 0.43064324453461167, 0.7857135524003939, -0.16453626348110728, 0.03979215951086148, 0.43241595207041345, -0.21470471311370667, 0.2807862894025624, 0.08663769715995362, -0.13167156376695568, 0.3078375266252405, -0.15098733783195084, 0.002616473232517809, 0.17594165238293838, -0.2316130540790208, 0.05558622734781057, 0.09587271595572305, -0.22471723878060273, 0.06705097416419187, 0.06553027906025231, -0.18314508836382376, 0.06190322321636116, 0.027062632098361683, -0.11772408182988978, 0.03603341104094324, 0.020441810220612266, -0.05576860019816705, 0.03224106902342684, -0.021342795037332395, 0.006719159592988591, 0.002790929771736335, -0.004528478840504648, 0.02513556774160618, 0.01269583688011665, -0.022459763816361476, 0.030864142693089, -0.005963414112107505, 0.010035238314410428, 0.007314827650734503, 0.011216610302845615]]
P3->W3
T_min:200.0 K    T_max:3000.0 K    P_min:0.0001 atm    P_max:10.0 atm
[[-24.65529988847206, 0.6641121889914827, 0.02758104566723804, 4.529042701264855, 1.0792970734312688, 0.10316089899369595, -0.05385306620247634, 0.7832138326694557, -0.11030865530085049, 0.21607763080841944, 0.46758075156364554, -0.2443067231970718, 0.49311376505800153, -0.08766790227762983, -0.14156565561125192, 0.40876514401558905, -0.34656353600213696, 0.022245373981611416, 0.244432295604406, -0.4075104996984346, 0.13593359033822794, 0.049895902909182915, -0.20259367056543487, 0.11453470511685399, -0.08170927518715271, 0.026241897252322288, 0.025556465286281596, -0.050680147739436916, 0.013646027100140772, -0.011468478706336273, -0.039898998311439386, 0.04643031740765153, -0.024329559452353548, 0.07870474340364934, -0.12761960713860038, 0.034993801122446364, 0.02171747559263758, -0.008621675709717277, 0.02425684638576969, 0.05835919692598585, -0.08220303112542444, 0.039252308196829386, -0.03444634283004662, 0.07051928941831656, -0.007385813667897558]]
P1->P5
T_min:200.0 K    T_max:3000.0 K    P_min:0.0001 atm    P_max:10.0 atm
[[-15.134607623878837, -0.0021064542876243486, 0.0016618584373095623, 3.6256927703992994, 0.0017623051982928535, -0.0013594801018158255, -0.2065942129491417, 0.0017602280576904392, -0.001343150607210475, -0.08492886673529308, 0.000533691489942049, -0.0004153122315320123, -0.016991507902482522, 0.0003742765170373452, -0.00029291516367615004, 0.006420062604489398, 0.00014942297975543457, -0.00013911622058081205, 0.010274078581961046, 0.00018691996628637352, -0.00017419453493908543, 0.007900302443184614, 0.00013012308460585214, -0.00014022699674229105, 0.004882805556004975, 3.346884421623765e-05, -7.361892428318623e-05, 0.0025018435799870763, 8.30679027290489e-05, -0.00010846948371604628, 0.001160244396432038, -0.00011586916009475267, 3.961022753722258e-05, 0.0004094489322366384, 2.048179507011416e-05, -4.971640222919503e-05, 9.205175004956517e-05, -0.00019558238127506756, 0.00011554106558034195, 1.617307666909698e-05, -4.340077255570269e-06, -1.1422384251458799e-05, -3.446666911140143e-05, -0.0001583324445555059, 0.00010786426506168236]]
