==============================
colrel_FactorOne
P3->P4
T_min:200.0 K    T_max:3000.0 K    P_min:0.0001 atm    P_max:10.0 atm
[[-26.15659428184425, -1.1561050198233558, 0.06276934937988476, 7.730009914536122, 1.3037228234669882, 0.014457467795884384, 1.2195831691882923, 0.2762600451192779, -0.17141689341242652, 0.5490071525149637, -0.49766329963172673, 0.05686028356115131, 0.20734346889332347, -0.15037756572656089, 0.10562643093516524, -0.009132324805696205, 0.2406975832916749, -0.04284946998595632, -0.008401404526919664, 0.13067341573050292, -0.07738140709259078, 0.09798321227221457, -0.14458281211819446, 0.03516464102375008, 0.04534530517667201, -0.08791289785996027, 0.048158149313798006, -0.06809324937938861, 0.09360753168707887, -0.02724433142444799, -0.02694690554324034, 0.03865452755736416, -0.022972117038341452, 0.022130076158358183, -0.033260553773883185, 0.010527258826611752, 0.03474576455776749, -0.04618040320660355, 0.020460388684423254, -0.02446344320735674, 0.03954788296460682, -0.013370571393299039, -0.00475703108916233, 0.009390381893581375, -0.005939172687922941]]
P3->P5
T_min:200.0 K    T_max:3000.0 K    P_min:0.0001 atm    P_max:10.0 atm
[[-26.03891413884545, 0.003392865526253175, -0.0026229649912487656, 12.07686521507473, -0.004539761006882779, 0.0034980697432198645, 0.029960212551542454, 0.0012575443859393167, -0.0009835729849946274, 0.04468450030031623, 0.00025228531958708904, -0.0001992683846692989, 0.04847439751359699, -4.794753797677807e-06, -2.9493487846738755e-06, 0.0352513319833281, -6.403612576528611e-07, -2.839194382266523e-06, 0.020747359704600447, -2.8409699976170426e-06, -1.912751022530188e-06, 0.010570335097786796, 3.442644241101628e-08, -1.9860464506275234e-06, 0.004859089799293961, 2.0292133267101556e-06, -1.8647044905274723e-06, 0.001880614613950786, -1.1650505516236178e-05, 6.9565205541405965e-06, 0.0007829061633808271, 7.186951852635691e-06, -2.699403450403948e-06, 0.00017803599533686398, -1.2009232630844502e-05, 7.327648251405641e-06, 0.00016562210273834933, 8.65803588092139e-06, -3.861108186238932e-06, 9.572053880760192e-06, -6.4421363651832905e-06, 3.6604984523339836e-06, 9.407268428084546e-05, 7.82125484577652e-06, -4.507208472073907e-06]]
W3->P5
T_min:200.0 K    T_max:3000.0 K    P_min:0.0001 atm    P_max:10.0 atm
[[-5.677808905664022, 3.298417182061737, 1.0353434571234825, 13.618425582790428, -0.9805380639057969, -0.8922501986991535, -0.7813860064223432, 1.192487656072579, -0.42469178160797166, 0.16427405069151793, 0.1197108267721801, -0.07271049697964563, 0.453433855009107, -0.2800632492991541, 0.04412082180824319, 0.17090072306215068, -4.279929954725544e-05, -0.02782752780926285, 0.06743976039176039, -0.009868005388401404, -0.024353199620824457, 0.10024268118076603, -0.1479267350847743, 0.019984188978305808, 0.032208338678217624, -0.08699634580120454, 0.0027723735920267317, -0.0005613914553066517, -0.06900712102096575, -0.0006917970728741239, 0.03673373776165116, -0.10722285715957175, 0.043459769092216695, -0.04919631060255881, 0.0038066491822642294, 0.0020362609661442603, 0.010081205820018384, -0.04060968936080092, 0.03787285495175039, -0.026599171216022396, 0.007601151636696743, 0.003510170171499825, 0.031044209325132525, -0.03802846432791434, 0.028100572387465723]]
P1->P4
T_min:200.0 K    T_max:3000.0 K    P_min:0.0001 atm    P_max:10.0 atm
[[-16.207269280518368, 0.05944955988376349, -0.1452232952350282, 0.7131884602777174, -0.06917256338319223, 0.20289036285379192, 0.4564948348520216, -0.005630138564209556, -0.050359046330074445, 0.15023943227798445, 0.022198867425672286, -0.020075965983388854, 0.10195960182243094, -0.0021715864249289307, 0.009783839090397123, 0.10694576127764041, -0.005000654627920128, 0.00482645046748924, 0.07744281701837712, -0.0006239607085001638, -0.0014683889579588131, 0.03692225625702881, 0.0007201626650564551, -0.001037486571657984, 0.009226142497332593, 0.00020543461536023973, 0.00039653091975516046, -0.004911316266988643, -0.00036292044748814347, 0.0005261266097651428, -0.005897760816113324, -6.553341554615872e-05, -7.678857811517209e-05, -0.007435119716280038, -9.355102789682744e-05, 1.2779990848910417e-05, -0.002116232800213519, 0.00032871564805565795, -0.0001847366188010643, -0.0024557387328103483, 5.7205322115622734e-05, 2.3406793742412864e-05, 0.0014918945865899538, 0.0002617138094370092, -0.00020338450344959777]]
P4->P5
T_min:200.0 K    T_max:3000.0 K    P_min:0.0001 atm    P_max:10.0 atm
[[-34.00865522663463, 0.0038896559330412472, -0.0030072904463992137, 19.582326493059206, -0.005262638010208965, 0.004069623697849791, 0.1629062326711085, 0.0012760353404348954, -0.0009891787258437294, 0.12025827283007212, 0.00022548756456975183, -0.00017292963936036453, 0.08666648953477227, -2.5869015593017135e-05, 1.917243752500583e-05, 0.05220975954152746, -2.5921942019272878e-05, 1.9755792874245303e-05, 0.02715200312925376, -1.1086586287737563e-05, 7.982210890076128e-06, 0.012613476605755116, -3.3725282952565584e-06, 2.04159631728774e-06, 0.0054559856465148295, -2.118342149799491e-06, 1.136051759815972e-06, 0.002079496476376902, -2.359721986126753e-07, -4.4959401942038326e-07, 0.0010308058262705063, -1.755107427367444e-06, 1.762001180540844e-06, 0.00033659719146214, -1.2949853562890887e-06, 5.9950888384636e-07, 0.0003898131299566809, -2.625684398951799e-06, 2.447227836314946e-06, 8.188098276364466e-05, -1.1142568445380934e-06, 3.130978087375819e-07, 0.0001974150201614005, -3.3891525425589237e-07, 7.117364488740856e-07]]
P5->W3
T_min:200.0 K    T_max:3000.0 K    P_min:0.0001 atm    P_max:10.0 atm
[[-18.53142636923339, 3.300053701663363, 1.034991812418102, 1.6573346638485396, -0.9778938726610357, -0.8927571947274247, -0.48924777757839805, 1.1953631707632708, -0.4253236877886175, 0.3245663357501992, 0.1217679501203262, -0.07311285367457149, 0.5216126245453995, -0.2780769276558173, 0.04369333352197622, 0.19805408903786534, 0.0012337292801500915, -0.028067605044751733, 0.07800525647321516, -0.008882523044040065, -0.02455480495495288, 0.10456752399372718, -0.14735234704561254, 0.019869546317801492, 0.034232893038852165, -0.0868120281151318, 0.00275418972634807, 0.00032788471994123756, -0.06882529135036568, -0.0007305017886319199, 0.037482616381809025, -0.10746269180708927, 0.043550251587357786, -0.048938906217763645, 0.003813375564314111, 0.0020315662168763873, 0.010577006786130685, -0.04101484371485401, 0.03800265015830818, -0.026515060135295726, 0.007562457907258417, 0.0035156717622954036, 0.03134588379727262, -0.03834171599913488, 0.028203551671588407]]
W3->P4
T_min:200.0 K    T_max:3000.0 K    P_min:0.0001 atm    P_max:10.0 atm
[[1.0331245433998428, 0.5426583389215311, 0.09875508956843512, 3.4619157100151634, 1.0030712630122924, 0.08472754789290747, 0.035601410267664, 0.7761106159411304, -0.16838227493970906, -0.13972732552340622, 0.4153948328614695, -0.2199696869882759, 0.21191613251749783, 0.06401502075529288, -0.1297881499614671, 0.28262117010137094, -0.16478262412427916, 0.006857213562202495, 0.16483114279364064, -0.2347970463391976, 0.05972826573532735, 0.08671287611261168, -0.2182879316570605, 0.06845704982721516, 0.05652068211074469, -0.1724628083199147, 0.06076881676497282, 0.02054012545749091, -0.10966196182694067, 0.03456100253304227, 0.014757048961932306, -0.04823857052561909, 0.028717185054770913, -0.02346901009880574, 0.00892537202582543, 0.0007828645861335024, -0.006907036191348563, 0.02840478963571616, 0.009427789654442537, -0.02241780420188685, 0.030417801573496384, -0.006782121126470415, 0.00880802739220957, 0.009306166444170177, 0.009537501730226747]]
W3->P1
T_min:200.0 K    T_max:3000.0 K    P_min:0.0001 atm    P_max:10.0 atm
[[2.7583033934414805, 2.3488363627389135, -0.26391847749400876, 6.187626584258458, -0.25018861137981213, 0.1585658534336851, -0.3157320231378978, -0.30494511886009973, 0.002395155271680162, 0.10217919150575772, -0.13739502827306513, -0.016044620342343153, 0.16654893519987726, -0.08689902892785309, -0.015290742418456418, 0.0840292527091517, -0.056077317303761004, 0.014406105907349791, 0.004962222680851871, -0.05317321712839797, 0.022119420138613156, -0.03523382613780182, -0.04811560519380504, 0.02705305992459276, -0.029882648841454307, -0.04326955006733457, 0.026989507937513153, 0.008130767760045595, -0.05254123428169075, 0.01410782752332233, 0.02583256331405503, -0.042497244246851154, 0.022571933076823286, 0.043417415658066526, -0.04833489907084262, 0.009904316666603005, 0.022604865276804293, -0.01983165108973986, 0.022776718259778336, 0.019354832433885027, -0.01686241860079434, 0.005384250418052481, -0.0025775924941034063, 0.006339656004485042, 0.013074228254772488]]
W3->P3
T_min:200.0 K    T_max:3000.0 K    P_min:0.0001 atm    P_max:10.0 atm
[[0.1701231908302717, 0.6622990994676519, 0.028420435417208408, 4.096466418990378, 1.0909968150830673, 0.10203950311081621, -0.41311713610698403, 0.7630826913933191, -0.10684349454143537, 0.044364862034390544, 0.4635508517902582, -0.2553118924537214, 0.4400013241408307, -0.1228732051560719, -0.132641717750207, 0.39235136960316286, -0.36486842858718427, 0.031858579393563756, 0.23885770317332897, -0.40985421444432096, 0.1436968208371, 0.03782330407154095, -0.18307015518484093, 0.11109046813614092, -0.09699538139696304, 0.05204791543013924, 0.015235793645879726, -0.05366793935745375, 0.017327741157543954, -0.013341379523987014, -0.04068604256470937, 0.04640657012494529, -0.025962336396199104, 0.08813007636040421, -0.14455467185621518, 0.04303584197835172, 0.018953210545301538, -0.004411991127754903, 0.021726264057781424, 0.059721024825809106, -0.08516305325155518, 0.04131250906160773, -0.04183298486619746, 0.08275051176713234, -0.013841853133582153]]
P1->P3
T_min:200.0 K    T_max:3000.0 K    P_min:0.0001 atm    P_max:10.0 atm
[[-15.052998980704434, -0.10635173523869476, 0.11534433039444461, 0.518480271248166, 0.15964806439390591, -0.1849361347105069, 1.0837459769904882, -0.04951655229095878, 0.08554270105255306, 0.18858965501276714, -0.027636316017159306, -0.005276511972585539, 0.05784003011909816, 0.03689882908439163, -0.020266982326763407, 0.05534095983070697, -0.01350309543657454, 0.01102703848923205, 0.02121348452080235, -0.0016202593429027713, 3.0119342783156586e-05, 0.008028263430808457, 0.002940317743193452, -0.0022185883160312065, 0.004855427065955966, -0.001451218655414522, 0.0009765714230201663, 0.0015693362739939711, 0.000553435902936502, -0.00010571697656952153, 0.001009770431548482, 0.0005210562403620462, -0.0003186094482696362, 0.0010905816242324378, -0.0005663410911983592, 0.00034181995986414096, 0.0008171363378279167, -0.0005557175042959039, -4.4086724913402835e-05, -0.00040987746513686317, 0.0011042657267884071, -0.000180042656679946, 0.0005426109726312142, -0.0005944739441669901, 0.00018750868725965895]]
P1->W3
T_min:200.0 K    T_max:3000.0 K    P_min:0.0001 atm    P_max:10.0 atm
[[-14.712965068429806, 2.3504720443453744, -0.2642698761761463, -1.2013031394095222, -0.24754024653436718, 0.1580569689802923, 0.12295179316544995, -0.30207258790730307, 0.001764407640498127, 0.28817140873769226, -0.1353336042607475, -0.016449195305930163, 0.23715949858093355, -0.08491785195654034, -0.015715584109391768, 0.11062060315578204, -0.054796809521844216, 0.014164242638681544, 0.015132474475042434, -0.05218769888551575, 0.021917788823856255, -0.031045559525546454, -0.04753986630974474, 0.026937957850050598, -0.02789634093542839, -0.043077403551786485, 0.02696775098526018, 0.00902112641994441, -0.052366053493445225, 0.014071839335149803, 0.02658080644291588, -0.042731939821597946, 0.022660057188464058, 0.043680478268139894, -0.048332777565543494, 0.009901504353557637, 0.023098856918271085, -0.0202316566692676, 0.022904270237631592, 0.019440487840493622, -0.016902630134728338, 0.005390228817760275, -0.0022767280483318637, 0.00602803586971035, 0.013176572377065888]]
P4->W3
T_min:200.0 K    T_max:3000.0 K    P_min:0.0001 atm    P_max:10.0 atm
[[-32.27068461778143, 0.5442894007371075, 0.0984061750685147, 11.23218420356905, 1.0057223521420955, 0.08421692074456788, 0.43943928953870875, 0.7789823177012661, -0.16901225609083556, 0.03952663113820096, 0.4174564243128229, -0.2203741263039867, 0.2834780177503947, 0.065996770503677, -0.13021337990386064, 0.31058880268357053, -0.16350066466316243, 0.006614693515819598, 0.17569993886206256, -0.23381387596784037, 0.05952783042447898, 0.09116683282029434, -0.21771085257265316, 0.06834091995933378, 0.05859499522036072, -0.1722781838120767, 0.06075058992708671, 0.021443388127002794, -0.10948294925796576, 0.03452333374724106, 0.015502774918596593, -0.048476485700322515, 0.028806531085881777, -0.02321545696855627, 0.008931744459080744, 0.0007781987922826911, -0.006416976651375419, 0.02800372728635117, 0.009555758144515222, -0.022335136913219675, 0.030379409256879385, -0.006777033238965491, 0.009107703604563155, 0.008995338842269216, 0.009639592859644082]]
P3->W3
T_min:200.0 K    T_max:3000.0 K    P_min:0.0001 atm    P_max:10.0 atm
[[-24.635052775124542, 0.6639303199417741, 0.028071128821816876, 4.556164274860707, 1.0936444777145091, 0.10153099563504354, -0.035901737273933164, 0.7659553639445164, -0.10747442353297834, 0.20362566356434725, 0.46560997035165735, -0.25571499126545105, 0.499201590340251, -0.12088864894974424, -0.13306863255012763, 0.4135733592979265, -0.36359290224588153, 0.03161918091038866, 0.24634705278134703, -0.40887036161426094, 0.14349574577714816, 0.040621040506691866, -0.1824945341639694, 0.11097519816667112, -0.09575621976548535, 0.05223832088676122, 0.01521515637646547, -0.0531758233528049, 0.017507374735538858, -0.01337950971886147, -0.040172396167881035, 0.04616989377275579, -0.025873244913849576, 0.08828032791039525, -0.14454652643970287, 0.04302975865669036, 0.01937009382624838, -0.004818532612248202, 0.021857096819923066, 0.0597828223407622, -0.08519988356305039, 0.04131646506786173, -0.04155980094761545, 0.08243635577576693, -0.0137381542260307]]
P1->P5
T_min:200.0 K    T_max:3000.0 K    P_min:0.0001 atm    P_max:10.0 atm
[[-15.132630714351695, -0.002415210337693763, 0.0018990674155515727, 3.628585264747379, 0.0019782954632612563, -0.0015302037398794485, -0.20443418647090292, 0.0019436744563192394, -0.0014947061952300352, -0.08354217747522116, 0.0005843728269490879, -0.0004578509620647065, -0.016332112896628545, 0.0003693552464588988, -0.00029738982917743706, 0.006607152742732637, 0.00013665107083096707, -0.00013383207277332446, 0.01024915558898305, 0.00016931011035164835, -0.0001667118754278477, 0.007835142242412954, 0.00011555389124023436, -0.00013352603170602327, 0.004851305452576262, 1.9098045756356284e-05, -6.55250512736032e-05, 0.0025089260443273117, 6.42587083409868e-05, -9.888409375307595e-05, 0.0011890133197926022, -0.00012627632444667169, 4.8034400029324445e-05, 0.0004387566108229162, 6.572298964401377e-06, -4.211168261263194e-05, 0.0001141318055947399, -0.00019508521627787845, 0.00011954925923686501, 2.733681806527993e-05, -8.842442837733733e-06, -9.054849178990294e-06, -2.9948010940293493e-05, -0.00015253070768584924, 0.00010779085041861069]]
