==============================
colrel_Epsilons
P3->P4
[[0.0, 0.0, 0.0, 0.0, 0.0, 0.0, 0.0, 0.0, 0.0, 0.0, 0.0, 0.0, 0.0, 0.0, 0.0, 0.0, 0.0, 0.0, 0.0, 0.0, 0.0, 0.0, 0.0, 0.0, 0.0, 0.0, 0.0, 0.0, 0.0, 0.0, 0.0, 0.0, 0.0, 0.0, 0.0, 0.0, 0.0, 0.0, 0.0, 0.0, 0.0, 0.0, 0.0, 0.0, 0.0]]
P3->P5
[[0.0, 0.0, 0.0, 0.0, 0.0, 0.0, 0.0, 0.0, 0.0, 0.0, 0.0, 0.0, 0.0, 0.0, 0.0, 0.0, 0.0, 0.0, 0.0, 0.0, 0.0, 0.0, 0.0, 0.0, 0.0, 0.0, 0.0, 0.0, 0.0, 0.0, 0.0, 0.0, 0.0, 0.0, 0.0, 0.0, 0.0, 0.0, 0.0, 0.0, 0.0, 0.0, 0.0, 0.0, 0.0]]
P1->P4
[[0.0, 0.0, 0.0, 0.0, 0.0, 0.0, 0.0, 0.0, 0.0, 0.0, 0.0, 0.0, 0.0, 0.0, 0.0, 0.0, 0.0, 0.0, 0.0, 0.0, 0.0, 0.0, 0.0, 0.0, 0.0, 0.0, 0.0, 0.0, 0.0, 0.0, 0.0, 0.0, 0.0, 0.0, 0.0, 0.0, 0.0, 0.0, 0.0, 0.0, 0.0, 0.0, 0.0, 0.0, 0.0]]
P4->P5
[[0.0, 0.0, 0.0, 0.0, 0.0, 0.0, 0.0, 0.0, 0.0, 0.0, 0.0, 0.0, 0.0, 0.0, 0.0, 0.0, 0.0, 0.0, 0.0, 0.0, 0.0, 0.0, 0.0, 0.0, 0.0, 0.0, 0.0, 0.0, 0.0, 0.0, 0.0, 0.0, 0.0, 0.0, 0.0, 0.0, 0.0, 0.0, 0.0, 0.0, 0.0, 0.0, 0.0, 0.0, 0.0]]
P5->W3
[[0.0, 0.0, 0.0, 0.0, 0.0, 0.0, 0.0, 0.0, 0.0, 0.0, 0.0, 0.0, 0.0, 0.0, 0.0, 0.0, 0.0, 0.0, 0.0, 0.0, 0.0, 0.0, 0.0, 0.0, 0.0, 0.0, 0.0, 0.0, 0.0, 0.0, 0.0, 0.0, 0.0, 0.0, 0.0, 0.0, 0.0, 0.0, 0.0, 0.0, 0.0, 0.0, 0.0, 0.0, 0.0]]
P2->W3
[[0.0, 0.0, 0.0, 0.0, 0.0, 0.0, 0.0, 0.0, 0.0, 0.0, 0.0, 0.0, 0.0, 0.0, 0.0, 0.0, 0.0, 0.0, 0.0, 0.0, 0.0, 0.0, 0.0, 0.0, 0.0, 0.0, 0.0, 0.0, 0.0, 0.0, 0.0, 0.0, 0.0, 0.0, 0.0, 0.0, 0.0, 0.0, 0.0, 0.0, 0.0, 0.0, 0.0, 0.0, 0.0]]
P1->P2
[[0.0, 0.0, 0.0, 0.0, 0.0, 0.0, 0.0, 0.0, 0.0, 0.0, 0.0, 0.0, 0.0, 0.0, 0.0, 0.0, 0.0, 0.0, 0.0, 0.0, 0.0, 0.0, 0.0, 0.0, 0.0, 0.0, 0.0, 0.0, 0.0, 0.0, 0.0, 0.0, 0.0, 0.0, 0.0, 0.0, 0.0, 0.0, 0.0, 0.0, 0.0, 0.0, 0.0, 0.0, 0.0]]
P1->P3
[[0.0, 0.0, 0.0, 0.0, 0.0, 0.0, 0.0, 0.0, 0.0, 0.0, 0.0, 0.0, 0.0, 0.0, 0.0, 0.0, 0.0, 0.0, 0.0, 0.0, 0.0, 0.0, 0.0, 0.0, 0.0, 0.0, 0.0, 0.0, 0.0, 0.0, 0.0, 0.0, 0.0, 0.0, 0.0, 0.0, 0.0, 0.0, 0.0, 0.0, 0.0, 0.0, 0.0, 0.0, 0.0]]
P2->P3
[[0.0, 0.0, 0.0, 0.0, 0.0, 0.0, 0.0, 0.0, 0.0, 0.0, 0.0, 0.0, 0.0, 0.0, 0.0, 0.0, 0.0, 0.0, 0.0, 0.0, 0.0, 0.0, 0.0, 0.0, 0.0, 0.0, 0.0, 0.0, 0.0, 0.0, 0.0, 0.0, 0.0, 0.0, 0.0, 0.0, 0.0, 0.0, 0.0, 0.0, 0.0, 0.0, 0.0, 0.0, 0.0]]
P1->W3
[[0.0, 0.0, 0.0, 0.0, 0.0, 0.0, 0.0, 0.0, 0.0, 0.0, 0.0, 0.0, 0.0, 0.0, 0.0, 0.0, 0.0, 0.0, 0.0, 0.0, 0.0, 0.0, 0.0, 0.0, 0.0, 0.0, 0.0, 0.0, 0.0, 0.0, 0.0, 0.0, 0.0, 0.0, 0.0, 0.0, 0.0, 0.0, 0.0, 0.0, 0.0, 0.0, 0.0, 0.0, 0.0]]
P2->P4
[[0.0, 0.0, 0.0, 0.0, 0.0, 0.0, 0.0, 0.0, 0.0, 0.0, 0.0, 0.0, 0.0, 0.0, 0.0, 0.0, 0.0, 0.0, 0.0, 0.0, 0.0, 0.0, 0.0, 0.0, 0.0, 0.0, 0.0, 0.0, 0.0, 0.0, 0.0, 0.0, 0.0, 0.0, 0.0, 0.0, 0.0, 0.0, 0.0, 0.0, 0.0, 0.0, 0.0, 0.0, 0.0]]
P3->W3
[[0.0, 0.0, 0.0, 0.0, 0.0, 0.0, 0.0, 0.0, 0.0, 0.0, 0.0, 0.0, 0.0, 0.0, 0.0, 0.0, 0.0, 0.0, 0.0, 0.0, 0.0, 0.0, 0.0, 0.0, 0.0, 0.0, 0.0, 0.0, 0.0, 0.0, 0.0, 0.0, 0.0, 0.0, 0.0, 0.0, 0.0, 0.0, 0.0, 0.0, 0.0, 0.0, 0.0, 0.0, 0.0]]
P1->P5
[[0.0, 0.0, 0.0, 0.0, 0.0, 0.0, 0.0, 0.0, 0.0, 0.0, 0.0, 0.0, 0.0, 0.0, 0.0, 0.0, 0.0, 0.0, 0.0, 0.0, 0.0, 0.0, 0.0, 0.0, 0.0, 0.0, 0.0, 0.0, 0.0, 0.0, 0.0, 0.0, 0.0, 0.0, 0.0, 0.0, 0.0, 0.0, 0.0, 0.0, 0.0, 0.0, 0.0, 0.0, 0.0]]
P2->P5
[[0.0, 0.0, 0.0, 0.0, 0.0, 0.0, 0.0, 0.0, 0.0, 0.0, 0.0, 0.0, 0.0, 0.0, 0.0, 0.0, 0.0, 0.0, 0.0, 0.0, 0.0, 0.0, 0.0, 0.0, 0.0, 0.0, 0.0, 0.0, 0.0, 0.0, 0.0, 0.0, 0.0, 0.0, 0.0, 0.0, 0.0, 0.0, 0.0, 0.0, 0.0, 0.0, 0.0, 0.0, 0.0]]
P4->W3
[[0.0, 0.0, 0.0, 0.0, 0.0, 0.0, 0.0, 0.0, 0.0, 0.0, 0.0, 0.0, 0.0, 0.0, 0.0, 0.0, 0.0, 0.0, 0.0, 0.0, 0.0, 0.0, 0.0, 0.0, 0.0, 0.0, 0.0, 0.0, 0.0, 0.0, 0.0, 0.0, 0.0, 0.0, 0.0, 0.0, 0.0, 0.0, 0.0, 0.0, 0.0, 0.0, 0.0, 0.0, 0.0]]
==============================
B13_Energy_1
P3->P4
[[0.0, 0.0, 0.0, 0.0, 0.0, 0.0, 0.0, 0.0, 0.0, 0.0, 0.0, 0.0, 0.0, 0.0, 0.0, 0.0, 0.0, 0.0, 0.0, 0.0, 0.0, 0.0, 0.0, 0.0, 0.0, 0.0, 0.0, 0.0, 0.0, 0.0, 0.0, 0.0, 0.0, 0.0, 0.0, 0.0, 0.0, 0.0, 0.0, 0.0, 0.0, 0.0, 0.0, 0.0, 0.0]]
P3->P5
[[0.0, 0.0, 0.0, 0.0, 0.0, 0.0, 0.0, 0.0, 0.0, 0.0, 0.0, 0.0, 0.0, 0.0, 0.0, 0.0, 0.0, 0.0, 0.0, 0.0, 0.0, 0.0, 0.0, 0.0, 0.0, 0.0, 0.0, 0.0, 0.0, 0.0, 0.0, 0.0, 0.0, 0.0, 0.0, 0.0, 0.0, 0.0, 0.0, 0.0, 0.0, 0.0, 0.0, 0.0, 0.0]]
P1->P4
[[0.0, 0.0, 0.0, 0.0, 0.0, 0.0, 0.0, 0.0, 0.0, 0.0, 0.0, 0.0, 0.0, 0.0, 0.0, 0.0, 0.0, 0.0, 0.0, 0.0, 0.0, 0.0, 0.0, 0.0, 0.0, 0.0, 0.0, 0.0, 0.0, 0.0, 0.0, 0.0, 0.0, 0.0, 0.0, 0.0, 0.0, 0.0, 0.0, 0.0, 0.0, 0.0, 0.0, 0.0, 0.0]]
P4->P5
[[0.0, 0.0, 0.0, 0.0, 0.0, 0.0, 0.0, 0.0, 0.0, 0.0, 0.0, 0.0, 0.0, 0.0, 0.0, 0.0, 0.0, 0.0, 0.0, 0.0, 0.0, 0.0, 0.0, 0.0, 0.0, 0.0, 0.0, 0.0, 0.0, 0.0, 0.0, 0.0, 0.0, 0.0, 0.0, 0.0, 0.0, 0.0, 0.0, 0.0, 0.0, 0.0, 0.0, 0.0, 0.0]]
P5->W3
[[1.3516610465715183e-08, 5.761266442592353e-16, -2.2118102969975635e-16, -2.6188858317477046e-08, -1.5016583125732212e-15, 8.58546213575245e-16, 2.3680038342415203e-08, 1.3373980204256813e-15, -7.340313805987533e-16, -1.988055927223151e-08, -1.2314135971411982e-15, 6.703939945025851e-16, 1.5309991357031438e-08, 1.114363642221579e-15, -6.1501049110283e-16, -1.0483934038453349e-08, -1.0537000777438222e-15, 6.110208587188709e-16, 5.955221203381469e-09, 8.794554750127035e-16, -5.189729468489319e-16, -2.2328630667612636e-09, -7.311202729796476e-16, 4.260891255939675e-16, -5.349099924748654e-10, 5.969117434378949e-16, -3.598955988514943e-16, 2.156608668043253e-09, -4.182864691413575e-16, 2.464555375735402e-16, -2.763334513632516e-09, 2.2240368449983226e-16, -1.2715759984905543e-16, 2.6437111790020087e-09, -1.0913611105302581e-16, 8.789599518356511e-17, -2.0139381328590583e-09, 3.153972495616848e-17, -2.0678230864475804e-17, 1.1950789722197834e-09, 1.482437729470769e-17, -9.031680299047019e-18, -5.254643876153092e-10, -1.8344415874401086e-17, -1.6305534253129973e-17]]
P2->W3
[[-0.0007691282729816578, -4.063041898908106e-16, 3.3708748930251086e-16, 0.0006875202800242337, -5.066955955308314e-16, 5.429046666820329e-16, -3.1526471631375877e-05, 3.3853923214759716e-16, -4.715594658223654e-16, -5.9762886426744025e-06, 5.208850552283367e-16, -4.125612572129028e-16, 5.492700660541089e-05, -2.6967745502947627e-16, 5.16254706255962e-17, 7.31809951968376e-05, 5.199831955088424e-16, -4.454419484649696e-16, 2.9822201079943762e-05, -1.2252444299153088e-16, -1.4982562331092523e-18, -8.889309263516533e-06, -1.0452889370572326e-16, 1.5022971276034738e-16, -2.0345808199946535e-05, -1.9835585504387592e-16, 2.1481084023568792e-17, -2.2878444400211878e-05, 1.3923748591579045e-16, -5.600267620561109e-17, -9.479105278664316e-06, -6.070888325061152e-16, 2.731025862805529e-16, -1.6265331594474065e-05, 9.405917245412652e-16, -4.13992857607939e-16, 3.6466003146835785e-06, -8.970977281047084e-16, 4.577600962236741e-16, -6.67624001051456e-06, 6.859648481282962e-16, -2.982318232632849e-16, 1.2178294645627822e-05, -5.070248525120474e-16, 2.6848191156811967e-16]]
P1->P2
[[0.0, 0.0, 0.0, 0.0, 0.0, 0.0, 0.0, 0.0, 0.0, 0.0, 0.0, 0.0, 0.0, 0.0, 0.0, 0.0, 0.0, 0.0, 0.0, 0.0, 0.0, 0.0, 0.0, 0.0, 0.0, 0.0, 0.0, 0.0, 0.0, 0.0, 0.0, 0.0, 0.0, 0.0, 0.0, 0.0, 0.0, 0.0, 0.0, 0.0, 0.0, 0.0, 0.0, 0.0, 0.0]]
P1->P3
[[0.0, 0.0, 0.0, 0.0, 0.0, 0.0, 0.0, 0.0, 0.0, 0.0, 0.0, 0.0, 0.0, 0.0, 0.0, 0.0, 0.0, 0.0, 0.0, 0.0, 0.0, 0.0, 0.0, 0.0, 0.0, 0.0, 0.0, 0.0, 0.0, 0.0, 0.0, 0.0, 0.0, 0.0, 0.0, 0.0, 0.0, 0.0, 0.0, 0.0, 0.0, 0.0, 0.0, 0.0, 0.0]]
P2->P3
[[-0.0007042807956325516, -7.618203560452699e-17, -4.449030995612081e-16, 0.0007086852691751624, 2.507051456634415e-15, -8.502340650952861e-16, 0.00010384673275724152, -1.6893425311480341e-15, 6.052877152077712e-16, -1.4408344940101718e-05, 2.8991715472056624e-15, -1.6654400340958125e-15, -8.433248181136016e-05, -2.2457003315478545e-15, 1.3525873709288398e-15, -4.8437387947006175e-05, 1.3450733143186395e-15, -6.76525747962665e-16, -1.6816263912554844e-05, -1.7725152916405596e-15, 1.083522896300309e-15, 3.1475036156388944e-05, 2.1601695227587892e-15, -1.326755896438797e-15, 4.823659753169712e-05, -1.9059355513614816e-15, 1.1803376669201902e-15, 5.680822359363742e-06, 1.6930694396185341e-15, -1.0273075904190648e-15, -8.835756376576597e-06, -1.039503293294175e-15, 5.43408776002949e-16, -4.280773505728376e-05, 1.8276488403676903e-16, -1.0332509660071585e-16, 1.5145302471185603e-06, 3.304151728249198e-16, -1.768934711936207e-16, 9.090331300853661e-08, -4.719621978375858e-16, 3.1548989054396983e-16, 3.174822107555601e-05, 4.467492009546543e-16, -3.126618510917357e-16]]
P1->W3
[[5.430536558814041e-09, 3.7456167505559104e-16, -2.5657100929597967e-16, -9.628933753100459e-09, -7.392963271265938e-16, 4.010871400183741e-16, 6.743214060315069e-09, 5.941667710806822e-16, -3.494322382524076e-16, -2.9730909060216854e-09, -5.477401380888562e-16, 3.046813292521955e-16, -5.983046116552941e-10, 4.8829065833944e-16, -2.6082350076051346e-16, 2.661722972274897e-09, -4.609664628262479e-16, 2.6572931776549494e-16, -2.6889849582325364e-09, 3.8794855070558726e-16, -2.2755826954127335e-16, 1.1283440887278947e-09, -3.3493853564186406e-16, 1.7638387640050737e-16, 1.9091291614351935e-09, 2.284185041822603e-16, -1.3235408425844874e-16, -4.866499148144469e-09, -1.745355791554027e-16, 1.2630335254951297e-16, 6.892713726936323e-09, 1.2846885879686492e-16, -6.834048590606777e-17, -7.648990494256723e-09, -2.929340336714823e-17, 7.041421272276528e-18, 6.652912471111034e-09, -4.1375082532322242e-19, -9.420512385279089e-18, -4.425475535645624e-09, 5.186830692996698e-18, -4.828674749907845e-18, 2.1951263560825235e-09, -3.656679574949839e-17, 5.212416245126885e-17]]
P2->P4
[[-0.0001381465361679413, 2.2854610681358097e-15, -1.5919990877979973e-15, 0.00015252580437473518, -4.058845911834874e-15, 2.2787078858236184e-15, -2.2419227417125953e-05, 3.3700022021194325e-15, -1.816988300444825e-15, 1.6672348152028205e-05, -3.874290913595433e-15, 2.4615811437344283e-15, -3.0270811874560716e-06, 3.1762555537542376e-15, -1.949893099708407e-15, -9.305305203577687e-06, -2.3160332012482052e-15, 1.0609000590460478e-15, -5.811494290227523e-06, 2.932911986939471e-15, -1.5657397493582334e-15, -1.78089340760705e-06, -2.541176031205631e-15, 1.4168531300602904e-15, 4.084970191314417e-06, 2.3045535476328297e-15, -1.3778529473179849e-15, 2.0975916709799575e-06, -1.6371930079164858e-15, 1.0503059176392344e-15, 2.0951024748618217e-06, 9.80293732513136e-16, -5.610307824015879e-16, -3.5688568054463687e-06, -3.240692907022341e-16, 6.307149114151087e-17, -2.547388377980178e-07, -9.904736983466875e-17, 1.9184781921739096e-16, -2.339178315314469e-06, 2.5417216095543155e-16, -2.4321324699638076e-16, 2.5027259302928875e-06, -1.0341737869355182e-16, 1.8615447611996965e-16]]
P3->W3
[[1.9463639143295196e-07, -1.282397599342871e-15, 9.725458144071982e-16, -3.6728965858697073e-07, 1.3496792145940922e-15, -9.44609708138146e-16, 3.095817824957346e-07, -1.3007007413025763e-15, 8.611636103128624e-16, -2.3287670817935849e-07, 9.958053117737275e-16, -5.443586716156665e-16, 1.5548595011741578e-07, -8.636650498898506e-16, 4.431855699609971e-16, -9.164609183162912e-08, 1.1105220360931792e-15, -7.580466159111047e-16, 4.7654743510444136e-08, -7.561375666161182e-16, 4.302266083681994e-16, -2.2449098613227994e-08, 7.097514642611147e-16, -4.100357657647294e-16, 1.2443382410090883e-08, -7.129769344081672e-16, 4.835575105894017e-16, -9.24998640641552e-09, 4.472070792477791e-16, -2.5158686242812914e-16, 7.913956810934118e-09, -2.7996887151354615e-16, 1.3988087500771729e-16, -7.51732069803374e-09, 3.440136764195108e-17, -5.4216662291212524e-18, 7.034949429162527e-09, 7.183859879668184e-17, -3.39059283785033e-17, -5.895419432625977e-09, -1.74646984133334e-16, 8.243885174800982e-17, 4.073134418827757e-09, 6.746669109087684e-17, -3.425125801780609e-17]]
P1->P5
[[0.0, 0.0, 0.0, 0.0, 0.0, 0.0, 0.0, 0.0, 0.0, 0.0, 0.0, 0.0, 0.0, 0.0, 0.0, 0.0, 0.0, 0.0, 0.0, 0.0, 0.0, 0.0, 0.0, 0.0, 0.0, 0.0, 0.0, 0.0, 0.0, 0.0, 0.0, 0.0, 0.0, 0.0, 0.0, 0.0, 0.0, 0.0, 0.0, 0.0, 0.0, 0.0, 0.0, 0.0, 0.0]]
P2->P5
[[-2.6702651437856227e-05, 2.7679472936311473e-15, -1.6089095119540081e-15, 1.9269793570046747e-05, -5.80701127649361e-15, 3.0646362936935417e-15, 5.256645603626132e-06, 6.201091932797214e-15, -3.573693837727714e-15, 1.0196552199217667e-06, -4.816296359010406e-15, 2.8999448982101202e-15, -4.0835867536178434e-07, 4.0559430423378094e-15, -2.4128208927326247e-15, -7.712038756810824e-07, -2.558514268056369e-15, 1.1711972489206133e-15, -6.274867429031428e-07, 2.651875367497833e-15, -1.375648881073428e-15, -3.8872997507591673e-07, -2.185487066228407e-15, 1.3949339066729362e-15, -1.9620852623831177e-07, 1.1576551531354709e-15, -6.448306234593937e-16, -5.612077414366429e-08, -5.673773845400097e-17, 4.463824943556638e-17, -1.0769445858207138e-08, -8.245534982942442e-16, 3.8415055257826406e-16, 3.8631857362577564e-08, 1.4400250434827682e-15, -8.663153361916855e-16, -1.5233886261315058e-09, -1.7068462959903299e-15, 9.91201713461121e-16, 2.188898147457363e-08, 1.2979428669711098e-15, -6.819475872353396e-16, -1.3953201422135681e-08, -9.10604021543009e-16, 5.651404547878049e-16]]
P4->W3
[[0.0, 0.0, 0.0, 0.0, 0.0, 0.0, 0.0, 0.0, 0.0, 0.0, 0.0, 0.0, 0.0, 0.0, 0.0, 0.0, 0.0, 0.0, 0.0, 0.0, 0.0, 0.0, 0.0, 0.0, 0.0, 0.0, 0.0, 0.0, 0.0, 0.0, 0.0, 0.0, 0.0, 0.0, 0.0, 0.0, 0.0, 0.0, 0.0, 0.0, 0.0, 0.0, 0.0, 0.0, 0.0]]
==============================
colrel_Factor
P3->P4
[[-0.24908751423732875, -6.523174072974263e-13, 3.392431808082869e-13, 0.3426034875657395, 1.3917438611485174e-12, -7.490078795259013e-13, -0.057271956246048424, -1.034843138485437e-12, 5.302128480277771e-13, -0.07371944489009125, 1.0465249650314345e-12, -6.106863435526828e-13, 0.025554317358595677, -9.53602328060405e-13, 5.828415614460854e-13, 0.029739894045945663, 7.9397241132022e-13, -4.3629791570132703e-13, -0.012434905374084385, -7.108020881917344e-13, 3.895699820458411e-13, -0.014812683124837007, 6.66810311072695e-13, -3.8858396507666515e-13, 0.0063942743810762506, -5.569767195348589e-13, 3.2165874920741204e-13, 0.008561184936194004, 3.820767760232804e-13, -2.170322860710866e-13, -0.005335040904712158, -1.5903597885231208e-13, 5.154431897395529e-14, -0.0020685599728382667, -7.220123547354676e-14, 3.898201210047319e-14, 0.00044941118327172964, 1.675899313817319e-13, -9.561839401605425e-14, 0.0034008993274437602, -1.649237182798733e-13, 8.035869662257765e-14, -0.0024741561199435346, 1.2676545419521359e-13, -6.905854782199087e-14]]
P3->P5
[[-0.00020034286439804945, 1.1648525130311183e-13, 2.2260486278045255e-14, 0.00024440791284909555, -3.7214932748047015e-13, 1.5183750272533935e-13, -7.727095465712272e-05, 7.182837134309983e-13, -4.1462374020079523e-13, -2.006738283485184e-05, -6.000246243890669e-13, 2.399566614695333e-13, -8.177995617662986e-06, 4.5146614964715435e-13, -1.2675170338209026e-13, -5.0956810324353055e-06, -4.5165335339829677e-13, 1.9367275453152397e-13, -7.19959851120047e-06, 5.095123366948763e-13, -3.124461909748219e-13, -6.578254342389982e-06, -3.604988365224885e-13, 2.0902632449750706e-13, -4.5441440139070367e-07, 2.929859525960278e-13, -1.8464123465437032e-13, -8.411916117499418e-06, -2.2266346891525562e-13, 1.1994763341179352e-13, 3.2953435049720905e-06, 2.545931097935462e-13, -1.4922289093382056e-13, -4.1282151066224465e-06, -3.167742968642383e-13, 1.694760026600089e-13, -1.1966155319333312e-07, 3.057824340132339e-13, -1.9528699567333644e-13, -3.746881706470417e-07, -2.1227733503087206e-13, 1.2410121567607802e-13, -3.433883993032171e-06, 1.406026648709927e-13, -8.58623057406654e-14]]
P1->P4
[[-0.05360137192287977, -5.023426462446698e-15, -1.5259048890082987e-14, 0.07837939520910735, 6.13076701755974e-14, -3.8052074489710245e-14, -0.025488134980271072, -5.882439053092106e-14, 3.150760523815072e-14, -0.004272993867442348, 4.3598920334701607e-14, -3.084130158224898e-14, 0.0044909074729516775, -4.206005068086355e-14, 2.008243798531666e-14, 0.0011175008607960785, 2.881068623494898e-14, -8.330641184096098e-15, -0.0010742598467514159, -1.7021600440108107e-14, -4.809986580510699e-15, -0.00030268280831095314, 1.5333638167743018e-14, -2.0832841287499427e-14, 0.00038499213595284833, -5.809140993843401e-15, -6.221025826688734e-15, 0.00016958197795640637, 3.619822605339632e-15, -8.489999712803077e-15, -6.275063461411483e-05, 1.3692155237229485e-14, -8.914511802266151e-15, -7.6467055747493e-06, -3.2000982721888287e-15, 1.3921202330110403e-15, 2.451545614685316e-05, 5.9339981644497436e-15, -5.3233793990131976e-15, -3.173024006190565e-05, -8.793228468140381e-15, -4.672829445295488e-15, -3.334825357732771e-05, 7.48110702191013e-15, -4.799557530651941e-15]]
P4->P5
[[-0.00021254072252999503, -6.429985871931774e-13, 4.286986622736599e-13, 0.0002848915058381267, 5.230738246190636e-13, -3.884901577001038e-13, -6.65032654261777e-05, -1.962903489575869e-13, 6.330553484273264e-14, -1.1424851952057754e-05, 2.17316476437323e-13, -1.6052974725814343e-13, 9.950598657308732e-08, -2.6446467554778046e-13, 2.1498624040008452e-13, 1.8458023352357836e-06, 1.2283664384828088e-13, -1.5674328052707555e-13, -1.8219043737105179e-06, 9.794155611509751e-14, -8.585529326277308e-14, 1.6358566482488987e-06, -1.740029604725119e-13, 7.266865033982863e-14, 2.5909113092838216e-06, 2.3570982809155847e-13, -7.839435208639599e-14, -1.7240802962586305e-06, -1.8693570988992824e-13, 1.3051048600266513e-13, 3.5027681333276244e-06, 1.674390321004313e-13, -9.931071378738758e-14, -4.5633565284597314e-06, -1.0652364323705865e-13, 7.085002215960053e-14, 2.697896203011032e-06, 9.344858176193e-14, -5.592717362010133e-14, 2.0823738139016232e-07, -2.0741558534295806e-14, 2.5272532217401458e-14, -7.786347224028744e-07, 7.65848159631619e-15, 9.778990410679432e-15]]
P5->W3
[[4.93542091601035, 1.0774885745537846e-13, -5.155506520389265e-14, -3.464440423875926, -2.720238162139282e-13, 1.6120240773082761e-13, -0.5380213405491636, 2.7295431200799094e-13, -1.7075467393443398e-13, -0.18412190019651767, -2.1250807797043854e-13, 1.186728211040921e-13, -0.26950563051851645, 2.0594118286029152e-13, -1.2375185554006978e-13, -0.07663385424702306, -1.7236750411132051e-13, 8.892861020137404e-14, 0.08023035319598668, 1.4860401931509786e-13, -8.576953695171909e-14, 0.028060430394310113, -1.2594510907046015e-13, 8.331710310874717e-14, 0.021968755737188653, 8.438774642794628e-14, -4.5135203808824744e-14, 0.02883476293059718, -6.408711342507623e-14, 4.828929587050087e-14, 0.009820852805831486, 5.3233134296223835e-14, -4.062748192821479e-14, 0.007757191904733596, -4.1266425349791e-14, 3.095352469509204e-14, 0.0015761371148850284, 3.7964056129188114e-14, -2.2886226685983262e-14, 0.005626285799851167, -2.5278761922780128e-14, 2.0354630570800363e-14, -0.007062287215474315, 1.8555509114232448e-14, -1.8908088363174615e-14]]
P2->W3
[[0.0697110511792362, -6.336797670889285e-13, 3.871021576187656e-13, 0.1584593659105577, 7.657663035482925e-13, -4.090033775005097e-13, 0.12305576001861838, -8.526074710702645e-13, 5.131193936104835e-13, 0.066878311498872, 7.612145526202444e-13, -4.683931832860728e-13, 0.03909098190519117, -5.431881942242636e-13, 2.685124980533002e-13, 0.010275019839686218, 5.506337009432731e-13, -3.385274223457282e-13, -0.020379025184033634, -3.9800731509142105e-13, 2.0364615028395057e-13, -0.02780449199255015, 2.4236367689504376e-13, -1.0033846496281058e-13, -0.015734953886947806, -2.807639418798739e-13, 1.3718591442117113e-13, -0.0066845093000405965, 1.2621756684229391e-13, -6.01255061073081e-14, 0.0008670825154236411, -2.1843889254748832e-13, 1.4433717499885857e-13, 0.0008741320431058175, 2.4431531740613613e-13, -1.1550604138407432e-13, 0.005127409329545038, -1.7650104212715545e-13, 9.956404712989397e-14, 0.0009455506380057791, 1.144689440167359e-13, -4.9415084493865373e-14, 0.002698226118410584, -9.34203243587692e-14, 4.90189767424163e-14]]
P1->P2
[[0.015069372845866716, 1.7239817192860554e-13, -1.122833213239583e-13, -0.02372261983663645, -3.2165428724570593e-13, 1.849017959527741e-13, 0.006393679844632212, 3.1572057391678843e-13, -1.809387406949488e-13, 0.0033163149661750565, -2.894325008966499e-13, 1.6830979917046518e-13, -0.0008978005380081123, 2.651094487637816e-13, -1.5476900097987186e-13, -0.0016179348071864517, -2.40631418913568e-13, 1.3597175387444492e-13, -0.0005613087426749103, 1.992322776944773e-13, -1.0932272951887689e-13, 0.0004397437992840031, -1.6274990354762947e-13, 1.0056585143397527e-13, 0.0005765490204868786, 1.3275511365803482e-13, -7.701218582221475e-14, 2.9107596134034248e-05, -9.968428128018893e-14, 7.018573387365729e-14, -0.00024428733753456187, 6.447625821805379e-14, -4.1438038183355525e-14, -0.0002100649312379409, -4.409358936105782e-14, 1.941656573529802e-14, 5.7194420513977076e-05, 1.3266709470598729e-14, -7.39091665991736e-15, 5.867535690026596e-05, -4.0116419011663464e-16, 2.7854572452919817e-15, 9.189626593966713e-05, 8.762358983602567e-17, 5.554961151530567e-15]]
P1->P3
[[-0.021418502302044375, 1.0541915242931622e-13, -6.461578577529246e-14, 0.03129027152269795, -1.7066637683375816e-13, 1.0639381406824452e-13, -0.009972282861738693, 1.562208791536036e-13, -8.898057035024093e-14, -0.001926217053096707, -1.6561352744710187e-13, 9.980672153884475e-14, 0.0017292303640806081, 1.5698758965214204e-13, -9.437615074097264e-14, 0.0005837773962081419, -1.2580375580365286e-13, 7.861842123666745e-14, -0.0005690330694836271, 1.1825053852804995e-13, -6.886586801120843e-14, -0.0001727716794280873, -1.2399036022204036e-13, 8.02843021672215e-14, 0.00011985091290879242, 8.069467492923677e-14, -4.326645311185016e-14, 6.166600268395228e-05, -9.475756874847163e-14, 5.5147287734783985e-14, -6.020033675267819e-05, 5.6162690607005683e-14, -3.457275639739508e-14, 1.3338453502528167e-05, -5.785662531001738e-14, 3.715530190502798e-14, -3.0978857229960126e-05, 6.414733252644145e-14, -3.398663315898997e-14, 2.704771727039684e-05, -4.3567033039747295e-14, 2.903340763842342e-14, -6.972799696620314e-06, 1.6046972362828487e-14, -1.6227864694786747e-14]]
P2->P3
[[-0.4389592303402928, -6.429985871931774e-13, 3.438453132823194e-13, 0.4528038967341879, 1.3457840625519232e-12, -7.23821058078239e-13, 0.05021844114582081, -1.3303075792291972e-12, 6.552550729926233e-13, -0.0009840830077526954, 1.4645556978330908e-12, -8.439984900915502e-13, -0.05257430942503428, -1.2485993763221854e-12, 7.934967115382892e-13, -0.037816441847100375, 8.140972237482373e-13, -4.3204568660223337e-13, -0.009359508009627284, -7.098736730403501e-13, 4.061920682363176e-13, 0.02640347199986035, 6.784567598034225e-13, -4.2915177131233705e-13, 0.03281329254945329, -5.348988612345982e-13, 3.1746256111833267e-13, 0.00037861208020619006, 4.0104966649692915e-13, -2.5690601899802285e-13, -0.009687212193102479, -2.345847144591841e-13, 1.2376593502973038e-13, -0.026829395574724593, 1.3282895372194327e-13, -7.429084139206143e-14, 0.0030645966237602493, -1.5276997303556913e-15, 4.7762905237163014e-14, 0.001726779119197246, -6.109097679455625e-14, -4.85100192646813e-15, 0.020005487432762807, 1.5736897411083027e-14, 2.0789675169632892e-14]]
P1->W3
[[0.43003993342684227, -6.814387201232043e-14, 2.426518344696152e-14, 0.033492008720125574, 2.0666093241436658e-13, -1.259580450832915e-13, -0.09574473428593623, -2.2633534755078628e-13, 1.3264246504582717e-13, -0.06197506261106294, 2.2252981646824072e-13, -1.302124915357458e-13, -0.034799074076019385, -2.1942444262265125e-13, 1.3196706234552797e-13, 0.007850990967581245, 1.834930580805998e-13, -1.0803994863073131e-13, 0.014443731270568942, -1.557509709989711e-13, 9.491159867056139e-14, 0.009270325918355901, 1.1819868341069039e-13, -6.222182861369051e-14, -0.0008958216580579461, -1.0038222769049612e-13, 6.250049690082576e-14, -0.017914834577005948, 7.845746283752591e-14, -3.068365731107774e-14, -0.00600983164579262, -7.903178749687879e-14, 5.3522587335992536e-14, -0.011964264697106722, 7.567249515209041e-14, -5.2036784179769085e-14, 0.00945571153705707, -5.737642704666937e-14, 2.8436936563641817e-14, -0.0009561400549779757, 4.252361629053222e-14, -1.614574690035525e-14, 0.011863524510619243, -3.145900827829847e-14, 2.3165647484919515e-14]]
P2->P4
[[-0.4178786650011808, 3.354775237529621e-13, -2.105635651655978e-13, 0.36841644749983893, -3.271274718404801e-13, 1.2981468727862969e-14, 0.1302122213649885, 2.548068020916847e-13, -1.6234382500617113e-15, 0.018775514328209748, -7.134585603713815e-13, 4.4440622347993275e-13, -0.0855776777892524, 5.954504649370148e-13, -3.1510175315423066e-13, -0.061470259887752905, -4.1684231278202824e-13, 1.863676920146874e-13, -0.0007329438586113036, 5.686160401813347e-13, -3.107779954957144e-13, 0.043855413422266024, -5.152487687281757e-13, 2.752444826638344e-13, 0.04006143571613188, 5.404213283637258e-13, -2.903591590477674e-13, -0.004783507201396298, -4.928029838910522e-13, 3.0865430563682406e-13, -0.020645790645739452, 3.587883536443487e-13, -2.5073103860471443e-13, -0.029238982380477768, -1.8846832276897188e-13, 7.90611076454871e-14, 0.005680733524328765, 6.410941474363553e-14, -6.29174291993095e-14, 0.009878098715425568, -2.62830029548977e-14, 4.533863211788348e-14, 0.020968605786013658, -9.508633514594485e-15, 3.45387542693891e-14]]
P3->W3
[[0.20359002822770092, -8.573314495909032e-13, 4.84854680773499e-13, 0.3662320883029476, 1.6619127686278747e-12, -9.607351547576935e-13, 0.09167842650694243, -1.5919824258233675e-12, 9.170771287554185e-13, -0.054180207006723165, 1.4641685731413698e-12, -7.891437345314527e-13, -0.1334668818012088, -1.317613319293519e-12, 7.333561273694727e-13, -0.07958866584475943, 1.2306834751634404e-12, -7.33556810018786e-13, -0.03537578537502677, -1.0404695751258757e-12, 5.836439351600349e-13, 0.014951960562951139, 8.629460737324841e-13, -4.891129168370473e-13, 0.03981175684015892, -7.003435228400269e-13, 4.1232519158542603e-13, 0.006428887344440826, 5.063303809480577e-13, -2.990153865820647e-13, 0.01219915274808679, -3.7209020121423237e-13, 2.1152038743734149e-13, -0.03062268414016161, 1.781651836917301e-13, -9.977533085760168e-14, 0.007494773915853837, -7.833377417791002e-14, 5.402192714184684e-14, -0.018490016553565164, 5.787122185763718e-16, 4.874854278337956e-15, 0.021394489849106767, -4.891030913239402e-15, 1.3793641178626848e-14]]
P1->P5
[[-0.0001543154970538883, 1.444417116158587e-13, -7.652257291560516e-14, -0.0005741515593092553, -2.5509828540688995e-13, 1.476008806863919e-13, -0.0005810219466910883, 3.037376841791095e-13, -1.9274116702538571e-13, -0.0004340999511814775, -3.0436958376919244e-13, 1.8022003235340664e-13, -0.000398407672135981, 3.164693118444613e-13, -2.014535294001553e-13, -0.0003048602714744697, -3.4079257262962326e-13, 2.0934117473264357e-13, -0.0002543146427511723, 2.430995308268306e-13, -1.3878121415292384e-13, -0.00018819604885592266, -1.8822639141894532e-13, 1.125972067739682e-13, -0.00011713864883175982, 1.4537291373567158e-13, -7.961177682114156e-14, -9.292087795892786e-05, -1.2125569115796722e-13, 6.915115992221914e-14, -1.558448986426005e-05, 1.0409823474736973e-13, -4.5944846324977544e-14, -2.8497943404591086e-05, -1.2732557647535235e-13, 6.101175196618678e-14, 3.912524032139327e-05, 1.2201467576957774e-13, -7.169187297346878e-14, -1.947189861352517e-06, -8.764005943649483e-14, 4.539840906330351e-14, 3.928360809153117e-05, 5.040590629214083e-14, -2.3106708393256228e-14]]
P2->P5
[[0.0005116852265818139, 1.0903019521971268e-12, -7.660759946662264e-13, -0.0007233548275604019, -1.8312669759480556e-12, 1.0310064687892281e-12, -0.0015356905317793297, 1.5654336535614447e-12, -8.000638776508965e-13, -0.0005546479297565841, -1.3899835168316711e-12, 7.681553025763947e-13, 0.0002957008873579919, 1.1187417495106045e-12, -6.38529012562319e-13, -0.0002376571375883706, -8.396523086778083e-13, 4.0840898320108005e-13, -0.0006233727102597252, 9.504491942157721e-13, -5.220052003519926e-13, -0.0004190267375217387, -9.392508187862525e-13, 5.630907680514174e-13, -8.514031181015523e-05, 6.184350731453998e-13, -4.047994109389983e-13, 2.413437189030717e-05, -3.556094900022554e-13, 2.4768179938306134e-13, -0.00017064509517423774, -2.896856983831733e-15, -2.450142876842895e-14, -0.00013625325273193797, 2.7976919574807796e-13, -1.6192454379023353e-13, -0.00014367592623641903, -3.6227889214529977e-13, 1.8876139093234588e-13, 4.0949007622997e-05, 3.0889569810915975e-13, -1.850696915154306e-13, -2.9474937840117465e-05, -2.610469336779831e-13, 1.7773232437283705e-13]]
P4->W3
[[0.1867050447781268, 8.433532194345298e-13, -6.588860287520096e-13, 0.2948375593928823, -1.0745470901123885e-12, 8.205979322114063e-13, 0.0994304982233923, 1.337973760879958e-12, -1.0674112730293019e-12, -0.019846130049215073, -6.703799655499649e-13, 4.082495585304273e-13, -0.06366531383091657, 5.89618150792116e-13, -3.9959258219698916e-13, -0.04633297241474736, -3.276817326068407e-13, 2.1219010072017622e-13, -0.034138192802344494, 3.0162044862829305e-13, -1.678005165495307e-13, -0.02335575430029156, -2.1563435361822305e-13, 1.4611170712353153e-13, -0.01352847356544299, 1.5349166185726803e-13, -7.684371806286208e-14, -0.009967049489927594, -9.24478834777068e-14, 6.01404927030751e-14, 0.005734100105320745, 4.2923139655573236e-14, -1.5544642087758548e-14, 0.004445728923570711, -2.1401977276104415e-14, 2.7631001334798643e-14, 0.01506363775888232, -5.994322992484584e-15, 5.933120899738655e-15, 0.004580830034838531, 1.427308167833e-14, 4.817252912063511e-15, 0.008816079015424135, -2.7768722911379206e-14, 1.3517117641147725e-15]]
==============================
W1a_Energy_1
P3->P4
[[0.0, 0.0, 0.0, 0.0, 0.0, 0.0, 0.0, 0.0, 0.0, 0.0, 0.0, 0.0, 0.0, 0.0, 0.0, 0.0, 0.0, 0.0, 0.0, 0.0, 0.0, 0.0, 0.0, 0.0, 0.0, 0.0, 0.0, 0.0, 0.0, 0.0, 0.0, 0.0, 0.0, 0.0, 0.0, 0.0, 0.0, 0.0, 0.0, 0.0, 0.0, 0.0, 0.0, 0.0, 0.0]]
P3->P5
[[0.0, 0.0, 0.0, 0.0, 0.0, 0.0, 0.0, 0.0, 0.0, 0.0, 0.0, 0.0, 0.0, 0.0, 0.0, 0.0, 0.0, 0.0, 0.0, 0.0, 0.0, 0.0, 0.0, 0.0, 0.0, 0.0, 0.0, 0.0, 0.0, 0.0, 0.0, 0.0, 0.0, 0.0, 0.0, 0.0, 0.0, 0.0, 0.0, 0.0, 0.0, 0.0, 0.0, 0.0, 0.0]]
P1->P4
[[0.0, 0.0, 0.0, 0.0, 0.0, 0.0, 0.0, 0.0, 0.0, 0.0, 0.0, 0.0, 0.0, 0.0, 0.0, 0.0, 0.0, 0.0, 0.0, 0.0, 0.0, 0.0, 0.0, 0.0, 0.0, 0.0, 0.0, 0.0, 0.0, 0.0, 0.0, 0.0, 0.0, 0.0, 0.0, 0.0, 0.0, 0.0, 0.0, 0.0, 0.0, 0.0, 0.0, 0.0, 0.0]]
P4->P5
[[0.0, 0.0, 0.0, 0.0, 0.0, 0.0, 0.0, 0.0, 0.0, 0.0, 0.0, 0.0, 0.0, 0.0, 0.0, 0.0, 0.0, 0.0, 0.0, 0.0, 0.0, 0.0, 0.0, 0.0, 0.0, 0.0, 0.0, 0.0, 0.0, 0.0, 0.0, 0.0, 0.0, 0.0, 0.0, 0.0, 0.0, 0.0, 0.0, 0.0, 0.0, 0.0, 0.0, 0.0, 0.0]]
P5->W3
[[0.0, 0.0, 0.0, 0.0, 0.0, 0.0, 0.0, 0.0, 0.0, 0.0, 0.0, 0.0, 0.0, 0.0, 0.0, 0.0, 0.0, 0.0, 0.0, 0.0, 0.0, 0.0, 0.0, 0.0, 0.0, 0.0, 0.0, 0.0, 0.0, 0.0, 0.0, 0.0, 0.0, 0.0, 0.0, 0.0, 0.0, 0.0, 0.0, 0.0, 0.0, 0.0, 0.0, 0.0, 0.0]]
P2->W3
[[5.703220038286117e-06, 7.364263441770942e-16, -2.308776847077592e-16, 2.3960722142577745e-05, -1.7665960519832867e-15, 8.789241117910843e-16, -2.6212593087171377e-05, 1.5232970428878688e-15, -8.503102252926588e-16, -3.222028618813279e-05, -8.536836831630345e-16, 2.337623956866758e-16, -5.4135479483917715e-05, 7.919848917816744e-16, -2.906035132203293e-16, -1.9485873009285272e-05, -5.232135269962411e-16, 1.0442309821916146e-16, 1.0830709041264058e-05, 9.754795953417078e-16, -6.247986509956473e-16, 3.432519197403552e-05, -9.045237549252393e-16, 6.390596344735248e-16, 2.9179704125344215e-05, 5.270807757909448e-16, -4.3700525170491113e-16, -8.626334560027533e-06, -3.3720116900093665e-17, 1.0025676318757589e-16, -1.6463703180612135e-05, -4.013502508944744e-16, 2.0619970066861913e-16, -2.805071835095928e-05, 9.500334427139428e-16, -4.71754299190767e-16, 6.281193576685044e-06, -1.028568182417514e-15, 5.322295143063951e-16, 5.299790857376049e-06, 8.066321563532636e-16, -3.9520233198495184e-16, 2.005519089344783e-05, -5.064916956571964e-16, 2.683260007833022e-16]]
P1->P2
[[-4.0012198307727596e-05, 3.2536077706100066e-17, -4.472834904872463e-17, 5.782280293808468e-05, -1.6250024742401695e-16, 8.272143420478178e-17, -1.3476369743767092e-05, 1.4903777910229296e-16, -7.078589087676539e-17, -1.0046812306798928e-05, -1.564334072691177e-16, 8.679094786544735e-17, 3.2232365030534455e-06, 1.400183229735335e-16, -8.749975385186922e-17, 3.907779502679386e-06, -1.3740860500491226e-16, 8.170959287754537e-17, -3.3964449233020746e-07, 8.443431363834429e-17, -2.806448721388417e-17, -2.7176972796935093e-06, -9.107839863660578e-17, 5.4822127178689726e-17, -4.321776390027622e-07, 6.845066682126567e-17, -4.0914442142250664e-17, 2.712689688976788e-06, -4.1107418953126895e-17, 5.861777631980838e-17, -6.873889783762433e-07, -8.877079211102449e-19, 1.591016515833985e-17, -1.3370163086962598e-06, -1.3981544541632205e-17, -2.3367413885945914e-18, -2.094172337504716e-06, -1.3350083564874065e-17, -1.2128154950087338e-17, 2.476875410216672e-06, 2.2945704693426326e-17, -1.398920203542593e-17, 6.927924147594929e-07, -3.747760108573842e-18, 2.0469439177561072e-17]]
P1->P3
[[0.0, 0.0, 0.0, 0.0, 0.0, 0.0, 0.0, 0.0, 0.0, 0.0, 0.0, 0.0, 0.0, 0.0, 0.0, 0.0, 0.0, 0.0, 0.0, 0.0, 0.0, 0.0, 0.0, 0.0, 0.0, 0.0, 0.0, 0.0, 0.0, 0.0, 0.0, 0.0, 0.0, 0.0, 0.0, 0.0, 0.0, 0.0, 0.0, 0.0, 0.0, 0.0, 0.0, 0.0, 0.0]]
P2->P3
[[-2.9786149357266914e-06, 1.1427305340679049e-15, -5.576517461747036e-16, -1.3606040380365862e-05, -2.2867225276283143e-15, 1.5474425951405074e-15, 2.735558033257791e-05, 1.8350544293662805e-15, -1.2428952548625175e-15, -6.678517171385748e-07, -9.176648865614422e-16, 7.508879412661207e-16, -9.365913866473177e-06, 9.164579210576413e-16, -5.399794990957298e-16, -1.786037522068879e-05, -1.0893249088021274e-15, 6.063885231754474e-16, 8.141731331906953e-06, 7.508737996174505e-16, -4.3824749390019796e-16, 1.7555561102969328e-05, -3.1673874679724984e-16, 1.6713383565012607e-16, 1.37846700959577e-06, -7.496528830205252e-17, 1.6094225926858394e-16, -8.356405966813545e-06, 4.2944020669054583e-16, -3.5799626102797395e-16, -1.806568300625207e-05, -7.059704168715617e-16, 4.468318757322674e-16, 1.0339227497593769e-05, 7.956706068059326e-16, -4.816275321817793e-16, 4.669683102993426e-06, -7.025984757098545e-16, 4.3930196951106367e-16, 8.833943987980722e-06, 5.071088858734835e-16, -2.9811179012260397e-16, -1.2142213479653322e-05, -2.461203291035095e-16, 1.4348587205218266e-16]]
P1->W3
[[0.0, 0.0, 0.0, 0.0, 0.0, 0.0, 0.0, 0.0, 0.0, 0.0, 0.0, 0.0, 0.0, 0.0, 0.0, 0.0, 0.0, 0.0, 0.0, 0.0, 0.0, 0.0, 0.0, 0.0, 0.0, 0.0, 0.0, 0.0, 0.0, 0.0, 0.0, 0.0, 0.0, 0.0, 0.0, 0.0, 0.0, 0.0, 0.0, 0.0, 0.0, 0.0, 0.0, 0.0, 0.0]]
P2->P4
[[7.815650610688331e-06, 2.3870371156085123e-15, -1.3208577107719317e-15, -5.2192759573588995e-05, -3.539905886465667e-15, 1.4717349126032726e-15, 6.792429242645955e-05, 2.890167013709244e-15, -1.2338030639757141e-15, 4.939359347642504e-06, -2.8258315555932914e-15, 1.5319102738866893e-15, -2.1868831875400438e-05, 2.3847361945037987e-15, -1.3123499874561633e-15, -5.323839254505134e-05, -1.8218504004306093e-15, 9.01914327928734e-16, 2.1977442738573203e-05, 2.2086055160776773e-15, -1.269898558787677e-15, 5.121909630981011e-05, -2.0587824365300275e-15, 1.2168309034074286e-15, 3.9539087844668e-06, 1.7384550908824685e-15, -9.20350879926186e-16, -2.435475964635551e-05, -1.2215568741517466e-15, 7.614885743529875e-16, -4.9694900180482003e-05, 6.523476400624802e-16, -3.831168855697819e-16, 2.9629834598098006e-05, -3.107708077643575e-17, 1.0748608976983606e-17, 1.308717730524113e-05, -4.832065478608246e-16, 2.575271544840907e-16, 2.476090121871501e-05, 4.5451840970936e-16, -2.4741221331435724e-16, -3.3023297052245424e-05, -2.321135543919969e-16, 1.1127773273691376e-16]]
P3->W3
[[0.0, 0.0, 0.0, 0.0, 0.0, 0.0, 0.0, 0.0, 0.0, 0.0, 0.0, 0.0, 0.0, 0.0, 0.0, 0.0, 0.0, 0.0, 0.0, 0.0, 0.0, 0.0, 0.0, 0.0, 0.0, 0.0, 0.0, 0.0, 0.0, 0.0, 0.0, 0.0, 0.0, 0.0, 0.0, 0.0, 0.0, 0.0, 0.0, 0.0, 0.0, 0.0, 0.0, 0.0, 0.0]]
P1->P5
[[0.0, 0.0, 0.0, 0.0, 0.0, 0.0, 0.0, 0.0, 0.0, 0.0, 0.0, 0.0, 0.0, 0.0, 0.0, 0.0, 0.0, 0.0, 0.0, 0.0, 0.0, 0.0, 0.0, 0.0, 0.0, 0.0, 0.0, 0.0, 0.0, 0.0, 0.0, 0.0, 0.0, 0.0, 0.0, 0.0, 0.0, 0.0, 0.0, 0.0, 0.0, 0.0, 0.0, 0.0, 0.0]]
P2->P5
[[1.7455424899194593e-07, 1.1935185578042561e-15, -4.912945005333653e-16, -9.73924203613305e-07, -1.4005155912035516e-15, 1.5212269317358274e-16, 2.9421254454141986e-07, 1.358511767440025e-15, 2.7938678285282276e-17, -8.210060035106486e-07, -2.107651415958621e-15, 1.0469317308335664e-15, 3.470925526656807e-08, 1.8574501584868017e-15, -8.883980190889617e-16, -6.470579544430971e-07, -1.2290286026587437e-15, 6.242263826303554e-16, -2.7076663004001594e-07, 1.59623183699804e-15, -9.288652183081978e-16, -3.0226863663632545e-07, -1.0477158951086807e-15, 5.8884417621015e-16, -5.271893729621859e-07, 3.4591789919602264e-16, -2.0040428480590672e-16, -4.8475136222205415e-08, -7.437709052716401e-17, 8.783458556750323e-17, -7.63059738348735e-07, -3.830495716181843e-17, -6.69706434342108e-17, 7.110023998968565e-08, 2.641979663859031e-16, -1.4904441337108839e-16, -8.575739231120806e-07, -3.138859263858392e-16, 2.0567767936441267e-16, 5.5494196253162e-08, 1.7662631208224024e-16, -3.725825250692752e-17, -7.105640308884179e-07, -2.857861563929138e-16, 2.17774417456867e-16]]
P4->W3
[[0.0, 0.0, 0.0, 0.0, 0.0, 0.0, 0.0, 0.0, 0.0, 0.0, 0.0, 0.0, 0.0, 0.0, 0.0, 0.0, 0.0, 0.0, 0.0, 0.0, 0.0, 0.0, 0.0, 0.0, 0.0, 0.0, 0.0, 0.0, 0.0, 0.0, 0.0, 0.0, 0.0, 0.0, 0.0, 0.0, 0.0, 0.0, 0.0, 0.0, 0.0, 0.0, 0.0, 0.0, 0.0]]
==============================
colrel_Power
P3->P4
[[0.06014256021249054, -7.505107646466058e-13, 3.8155709342048326e-13, -0.10897460691271732, 1.2555249177378325e-12, -6.413200034189667e-13, 0.07190376186715808, -1.2515114264558304e-12, 6.861618055478831e-13, -0.020188683373768, 1.2195617077372672e-12, -6.637974914554266e-13, -0.012145267528291537, -1.2051468979734727e-12, 7.075386154567204e-13, 0.00938620518447647, 1.0519955677740127e-12, -5.385143146136694e-13, 0.004554427041512099, -9.775034711293768e-13, 5.212173557706045e-13, -0.00507132992944942, 8.570669788355175e-13, -5.115776920214153e-13, -0.002166979261615243, -7.384299522973009e-13, 4.3287781140642267e-13, 0.003234669593538903, 6.329130185154836e-13, -3.6975777556189293e-13, 0.0003170451344250251, -5.298712508514939e-13, 2.676518462378192e-13, -0.0008875867403087862, 4.052824417928312e-13, -2.580630717075144e-13, -0.001098395405044236, -2.95134374844222e-13, 1.7625421991906681e-13, 0.0014470145014394524, 1.900191138437157e-13, -1.189379237449236e-13, -0.00023700818870148535, -6.90491761267478e-14, 4.0649168501142855e-14]]
P3->P5
[[1.2952489143458479e-05, 1.8207657603852567e-13, -1.0774906353928823e-13, -0.0001033269467320963, 2.1586581315630975e-13, -2.3267579019688553e-13, 2.1202360385684516e-05, 1.4940702135110312e-13, -6.246027800110277e-14, -3.486165420868437e-05, -8.020317960879472e-14, -4.918673262320433e-15, -2.922072714607593e-05, 1.4195177894349717e-13, -1.8889181734944797e-14, -1.7083668014949982e-05, -2.0894160458015666e-13, 1.5815251436379095e-13, -1.6829582161412282e-05, 1.0208514955416267e-13, -8.193775490004974e-14, -1.4426480652515727e-05, -3.8206852622217946e-14, 1.2706291040723848e-14, -4.939785995528023e-06, 3.242027834373738e-14, -1.040139333389369e-14, -1.3973428124010659e-05, -9.291596926747614e-14, 4.5443300880374216e-14, 8.209023512730299e-07, 1.3884634670681185e-13, -7.630256326965788e-14, -9.691947038863386e-06, -2.6602848544540595e-13, 1.396575029012431e-13, 2.4813135709013737e-06, 2.580484992189814e-13, -1.4200351966281586e-13, -4.529634120290528e-06, -2.1570495679517174e-13, 1.252871295268482e-13, -5.0407504387142e-07, 1.2500914369760025e-13, -5.200613775639834e-14]]
P1->P4
[[0.013537381621517852, -1.7569279364693102e-13, 9.106541823284447e-14, -0.025707996036796743, 3.118913011454256e-13, -1.8399956510587432e-13, 0.016980077607580135, -3.134206455172561e-13, 1.8437919396675503e-13, -0.006173410683732727, 2.777145116783845e-13, -1.5642696858717218e-13, -0.0010476009063940805, -2.5995586031428486e-13, 1.5114826290575834e-13, 0.001347296219472438, 2.0981031918235734e-13, -1.2160230342655262e-13, 0.0003239712022358454, -1.8839188727178165e-13, 9.311605502344783e-14, -0.00022898358949481612, 1.497734867910376e-13, -9.190168509543413e-14, 3.1218863591891965e-05, -1.2181672203733832e-13, 6.792243701444955e-14, 0.000236788546240721, 9.188355457991705e-14, -5.0897208385508184e-14, 5.927747617652003e-05, -6.42470615373944e-14, 3.4016741213345977e-14, 5.0896271005266766e-05, 2.9149653697384096e-14, -1.2640912515062086e-14, -6.368465519887264e-05, -9.052659971689026e-15, 1.1350161279987845e-15, 1.9490689498074566e-05, -4.6662025096942015e-15, -4.187175842551128e-15, -7.140380669188326e-05, 1.2825959379068885e-14, -1.0912555855354659e-15]]
P4->P5
[[4.228044090837102e-05, 2.3092638912203256e-13, -1.7946833801565607e-13, -9.454391893370939e-05, -3.484768090087759e-13, 3.504525331690742e-13, 6.739131126171083e-05, 7.821004440729337e-13, -7.192421304419775e-13, -1.8907116281358105e-05, -2.0865862000023632e-13, 1.9751073680927347e-13, -5.746709940412931e-06, 1.4185377946739507e-13, -6.673979836742063e-14, -2.367970417388454e-06, 5.947972451065789e-14, -3.656311178677022e-14, -1.3167427294347167e-07, 9.018560159515011e-14, -9.412711493496481e-14, 1.4733463403991676e-06, -9.888753866829879e-14, 4.785197684846046e-14, 1.0838587954919987e-06, 1.2262372172074565e-13, -3.748730094798484e-14, 1.1934537227703199e-06, -3.6084343489372554e-14, 2.0339063866465056e-14, -6.063674225275165e-07, -8.312964594959602e-15, -4.2544603260543616e-15, 1.1265586079007694e-06, -1.1900981554507248e-14, -3.816637166694936e-15, -6.07025662428904e-09, 6.2755508526674265e-15, -1.5306078666297157e-14, 3.8146433409954e-06, 9.875446230394979e-15, -6.574003501466334e-15, 5.21947568886817e-08, -2.55030949929231e-14, 4.261675617602838e-14]]
P5->W3
[[0.3600470006312406, 5.995204332975845e-14, -2.71443788688935e-14, 3.0588110198273966, -1.4187925742452056e-13, 7.113697632512746e-14, -1.1184853842053248, 1.0964314301629371e-13, -5.304872668072683e-14, -0.6052779344709469, -1.1362957359912619e-13, 7.274664283409674e-14, -0.36354520564563786, 1.0242674798792791e-13, -6.585326444402755e-14, -0.18344844452648612, -9.04342533156077e-14, 4.4012630513671026e-14, -0.046778940583760836, 9.333310974003196e-14, -4.75895729260415e-14, 0.03669441930566432, -8.948043448829027e-14, 5.563180066940085e-14, 0.05874762160560724, 7.582011333952789e-14, -3.513918467472348e-14, 0.02030359815479204, -7.293691086347274e-14, 4.793605654028984e-14, 0.04669717885151338, 6.545282051836625e-14, -4.0056674854928676e-14, 0.0035454934558584034, -6.100371540655572e-14, 4.7652989862387326e-14, 0.02103295255430626, 6.170750900845247e-14, -4.529522848718181e-14, -0.005491771266907877, -3.193127541824612e-14, 2.1648041554767252e-14, 0.0015482492108243647, 2.2156367337399363e-14, -1.5972959832791065e-14]]
P2->W3
[[0.1503638748418723, 3.2862601528904634e-13, -1.0601101042151449e-13, 0.2899026384973169, -1.1457838207794319e-12, 6.73189143103344e-13, 0.23210202594482365, 1.1185436295989724e-12, -5.997803115136281e-13, 0.17403197073871432, -9.32266930279303e-13, 4.750507038710714e-13, 0.0929020319897067, 9.18154338009693e-13, -5.339511779419131e-13, 0.03897693104378708, -6.386903664483153e-13, 2.4381623837217443e-13, -0.006977705103380638, 7.654939350176364e-13, -4.668471567697517e-13, -0.027173529687580245, -6.727805789516342e-13, 3.7645613063934687e-13, -0.024982281347616098, 4.730156878877688e-13, -2.9224181605132463e-13, -0.017786239214070618, -3.1675211154510707e-13, 1.761615496922662e-13, -0.001811059870618064, 1.638966906176637e-13, -1.2441044256968718e-13, -0.0017863133316593088, 3.261596776336454e-14, 2.339146566129581e-14, 0.00786083369864925, -9.211978685937484e-14, 4.254160203606675e-14, 0.0012019073720473741, 6.839089319885555e-14, -2.7271423529340545e-14, 0.006183478459424081, -9.249156464114009e-14, 5.1306959502345965e-14]]
P1->P2
[[-0.004811627796570406, -1.2434497875801753e-13, 6.62632384652166e-14, 0.00593860855093338, 2.0887336433419836e-13, -1.125607642191378e-13, -0.005150408607670354, -2.1249512259095513e-13, 1.2215359411571568e-13, 0.0019800575235612294, 2.0892117326514695e-13, -1.2131005115602236e-13, 0.0005700637927846808, -1.8695340594297544e-13, 1.0695698201329848e-13, -0.0009717150563630372, 1.6595276472326736e-13, -9.734734051752919e-14, -0.0008652224654069618, -1.5467130283591305e-13, 9.635212733751229e-14, -5.6186911662589774e-05, 1.3152920888622e-13, -7.10532391679062e-14, 0.0003518732082241627, -9.937961718839969e-14, 5.47216438987055e-14, 0.0001489881088890155, 7.915487717865693e-14, -3.425678079618147e-14, -7.332447166373025e-05, -6.487007142177488e-14, 3.95438657501661e-14, -0.00021432523694185775, 5.0911789704728916e-14, -2.9314134018124765e-14, -2.68930958336044e-05, -4.485448406557348e-14, 2.037471718006139e-14, 1.0701392781483016e-05, 3.0221859804630105e-14, -1.5143026751622408e-14, 9.902076711321703e-05, -1.0165545297007033e-14, 1.0318035751491831e-14]]
P1->P3
[[0.005522650907003879, -1.1143863609675009e-13, 7.736931878853462e-14, -0.010415589148140558, 2.1222680429205813e-13, -1.211965284236024e-13, 0.0068863557715337365, -2.2852380982749415e-13, 1.3722457602699137e-13, -0.0025588203274723442, 1.8193644673562885e-13, -1.0858189416287972e-13, -0.0004885553264326326, -1.7535289224550458e-13, 9.383327645417664e-14, 0.00045034011137513874, 1.8027865773652714e-13, -9.966037960134716e-14, 7.648679043858325e-05, -1.3487482462860249e-13, 8.047292557017095e-14, -0.00021710572308000775, 1.0844049715318064e-13, -5.695555439077578e-14, -6.491991410796736e-05, -8.402766158013853e-14, 4.6563215343213224e-14, 2.7223377660687276e-05, 5.063490866701997e-14, -2.5606005300653663e-14, 1.5613740863250347e-06, -3.6774166106690325e-14, 3.148944541887175e-14, -2.1293410591371152e-05, 4.040197229302726e-14, -2.0111685091716385e-14, -1.2906548655048505e-05, -1.786805766274264e-14, 7.694621326563283e-15, 1.5865394488662546e-06, 1.0579407555234872e-14, -2.085643706204371e-15, -4.7761077526370095e-06, -1.034459476736962e-14, 1.4787586017446793e-15]]
P2->P3
[[0.034077746938052655, -2.398081733190338e-13, 1.0527720869512802e-13, -0.15769648761725819, 7.887227473959542e-13, -3.453042818089226e-13, 0.14327136813855446, -7.334840680665716e-13, 2.5800844925029814e-13, 0.0412624312819021, 1.004974759811385e-12, -5.175523146180993e-13, -0.04194526758036554, -9.531344466136637e-13, 5.24477766432242e-13, -0.034790731224333335, 6.814013457801345e-13, -3.5367578959814206e-13, -0.016572998460203103, -7.039631742956222e-13, 4.0195745564390636e-13, 0.015240624565332761, 7.502677464286145e-13, -4.85543654313558e-13, 0.02944800332563672, -6.154574922958302e-13, 3.765150942721524e-13, 0.0023359570404921787, 5.466013175383284e-13, -3.4141867180779053e-13, -0.00036929733454094116, -4.832569949309044e-13, 2.6401415833698197e-13, -0.02689494107710147, 4.078499811228203e-13, -2.1602452739434066e-13, 0.003535310311505533, -2.523449379867511e-13, 1.46021576148812e-13, -0.004874929742532744, 1.220589137259317e-13, -8.213568661306791e-14, 0.018809486626054292, -3.370695301374442e-14, 2.168777294163975e-14]]
P1->W3
[[0.20732924379240458, -1.6653345369377348e-15, 1.6966771778489675e-14, 0.4676855063766805, -1.5781853077839002e-14, -5.415659489455255e-15, 0.04999791699689343, 2.2740436590644965e-14, -8.808538712442746e-15, -0.031712023137842604, -3.93604742370915e-15, -6.100320784004526e-15, -0.0493844365060675, 1.0429203983795463e-14, -1.4887432210347433e-15, -0.003904101568570073, -3.625805878659101e-14, 1.9196187758428234e-14, 0.0061299600493071316, 3.766601530979977e-14, -2.7510844209007385e-14, 0.006943364359940363, -2.3436229800281026e-14, 1.3561354336066437e-14, 0.0008223024566753057, 1.624118775893662e-14, -9.396556573914927e-15, -0.021383148462672252, -2.0600683123495416e-14, 1.573211132352813e-14, -0.005464622351855197, 2.200333488421626e-14, -1.2253048940475975e-14, -0.01901865305109572, 5.4172308214257136e-15, -3.5259320181030184e-15, 0.012129554577858595, -4.107647438365843e-15, 4.2266650278426096e-15, -0.003617450217316756, 9.391820012831225e-16, -2.335618908507552e-16, 0.01742777449251852, -1.4487025811400314e-14, 1.6955652903978078e-14]]
P2->P4
[[0.010203839441018658, 1.1457501614131615e-12, -6.350435533688805e-13, -0.14100246287959806, -1.8586654467444784e-12, 9.076161878384862e-13, 0.14634036270149975, 1.600563129315581e-12, -7.062131470987759e-13, 0.06140387403453795, -1.8781812593700813e-12, 1.1186328648612907e-12, -0.048281305984554934, 1.5716338939986862e-12, -8.977153867163185e-13, -0.05314133084083163, -1.3569886304368638e-12, 7.937951022359924e-13, -0.018419107457265105, 1.2903600695488788e-12, -7.39860543242042e-13, 0.02647002630296741, -1.126500688936593e-12, 6.248919233786656e-13, 0.03694594545137706, 9.769797616988604e-13, -5.468666357949948e-13, 0.0018053973704952597, -7.361512757840106e-13, 4.415216542981806e-13, -0.008744744967434867, 5.133761028966441e-13, -3.2670990005576514e-13, -0.02950798576277329, -2.4715373548704714e-13, 1.0855136467776678e-13, 0.0037151447020063177, 3.838309581237853e-14, -2.5995685404163498e-14, 0.0013621977952300857, 6.610971397970387e-14, -3.2000605200806564e-14, 0.020602082517393455, -4.3381563346988556e-14, 5.851688330802852e-14]]
P3->W3
[[0.3039023072195235, -6.23945339839338e-13, 3.637090754868234e-13, 0.5604605474228386, 1.097338931083516e-12, -6.043465209898706e-13, 0.25440041544545544, -1.0397726247709998e-12, 5.532717643032257e-13, 0.05916169150507411, 1.022326544452253e-12, -5.777406993685622e-13, -0.12146126921212419, -9.035806537458721e-13, 5.00222547744118e-13, -0.10455460141252981, 8.659285651559699e-13, -5.124076653331322e-13, -0.06889593293666592, -7.236049808204049e-13, 4.2167628911465737e-13, -0.007207801289100396, 6.443998119956644e-13, -3.8175562666757656e-13, 0.03395268173639346, -5.35858865313422e-13, 3.099384141122649e-13, 0.008475968345420734, 3.9574644859600003e-13, -2.433195084037955e-13, 0.023428102947385763, -2.5488794536775e-13, 1.6115381151466338e-13, -0.029482264375753343, 1.135883599878635e-13, -5.607184266531e-14, 0.012453196593046972, -3.2406327944266506e-14, 3.0383091935668744e-14, -0.021608540982556337, -1.9199105983664732e-14, 4.8833173210978825e-15, 0.02568689792965528, 1.4530203293440795e-14, -8.529737864175005e-15]]
P1->P5
[[-0.0006304211908059187, 1.9984014443252818e-14, -2.6771010492136925e-15, -0.0010694291434587555, 3.5899358596666235e-15, -2.496719362426324e-14, -0.0012300397295764154, 2.0827476993321154e-14, -6.104606587583384e-15, -0.0010104092617987948, -6.229241557759894e-14, 4.129372815186995e-14, -0.0009446761921984292, 9.697319098469451e-14, -7.540726074324727e-14, -0.0007271920362588065, -1.0647284113629503e-13, 6.933353947736021e-14, -0.0006086118075078126, 2.699770171161701e-14, -8.77606778088565e-15, -0.0004617175759003781, -3.918925434604887e-15, 2.115401360311937e-15, -0.00030551389372412106, -1.5788146525132415e-14, 1.9755901732781663e-14, -0.0002466154176489297, 2.659688425668588e-14, -9.51559386217999e-15, -7.341126993873218e-05, -3.688504195616924e-14, 1.806225562009169e-14, -9.356209834981825e-05, 2.270842835625475e-14, -1.7865638135215884e-14, 5.581552003083284e-05, -1.8566624460845244e-14, 6.2896470778823105e-15, -2.1113591029108873e-05, 6.913510388557256e-15, -9.500650098409508e-15, 7.291256530623548e-05, 2.3561621941302473e-15, 5.022625449325216e-15]]
P2->P5
[[-0.0004411143396509942, 3.1086244689504383e-13, 1.3393322390383838e-13, -0.001246013276769986, -1.2227105657513983e-12, 4.1239176590903095e-13, -0.0013378691648824326, 1.084142942163734e-12, -2.8352529228266764e-13, -0.0013432127051048182, -1.6390752067272121e-12, 9.251264700732435e-13, -0.0007818431475746512, 1.6114643562196435e-12, -9.948369074483721e-13, -0.000736386650241061, -1.0716518049438449e-12, 5.075012571365086e-13, -0.0007574153053696575, 1.0608180356331154e-12, -5.876721986961769e-13, -0.0007176069885617836, -6.280541471443692e-13, 3.9351907203012276e-13, -0.0005312225987066238, 2.5850736912061157e-13, -1.5886794776784505e-13, -0.00026825323858666733, -4.620415743131438e-14, 7.670090439001362e-14, -0.0003371163856711115, -7.283482383548021e-14, 4.5745556500071265e-14, -0.00018747286749625294, 1.1570735689657396e-13, -5.5631258881226874e-14, -0.00028809724120197264, -8.598970664742502e-14, 3.601883179051727e-14, -5.556146052737056e-05, -3.478902612682211e-15, 1.3979440846600791e-14, -0.00013086509934804604, -6.099009262830104e-14, 6.856162997315931e-14]]
P4->W3
[[0.2706265198534652, 1.1546319456101628e-13, -1.0484987477542359e-13, 0.4864803198659473, 4.707937521208502e-14, 4.323089031831251e-15, 0.26157172936534967, 3.502759402477237e-14, -7.321396658926946e-14, 0.09277960244457928, 1.336797150251148e-13, -4.159201073019518e-14, -0.04173828505053656, -1.4856436451812583e-13, 8.101835071952536e-14, -0.06270174844482446, 1.5377623226614228e-13, -2.6883765156865476e-14, -0.0660155155169273, -1.2869798591274786e-13, 9.405964451304751e-14, -0.048608084988710776, 1.2462358739278899e-13, -4.000998541022511e-14, -0.026248094385472945, -1.1828645216332284e-13, 6.606375822288343e-14, -0.020880726440115904, 6.618247729880238e-14, -1.3645969837211475e-14, 0.009999287553085316, -2.9371904586687836e-14, 2.8023823256111345e-14, 0.0015542890350333724, -1.130815755612872e-14, -6.955074123798046e-15, 0.0266458077524134, 6.999898670037973e-14, -5.050097412166148e-14, 0.0049986483064817485, -4.504236912410497e-14, 3.5249404422251754e-14, 0.018921436425797, 3.158960712237303e-14, -2.4266464678801843e-14]]
