0	0
50	1.951049393E+04
100	3.394983325E+04
150	5.535302506E+04
200	8.551916800E+04
250	1.261529861E+05
300	1.790871187E+05
350	2.459496903E+05
400	3.281440371E+05
450	4.263240932E+05
500	5.408762964E+05
550	6.692237098E+05
600	8.128514481E+05
650	9.729868997E+05
700	1.150549386E+06
750	1.346446355E+06
800	1.559514514E+06
850	1.787249331E+06
900	2.032225489E+06
950	2.296141654E+06
1000	2.579508432E+06
1050	2.883082886E+06
1100	3.208234411E+06
1150	3.555033208E+06
1200	3.924336052E+06
1250	4.316413282E+06
1300	4.732135802E+06
1350	5.171645330E+06
1400	5.635837050E+06
1450	6.125481311E+06
1500	6.641254294E+06
1550	7.183794972E+06
1600	7.743796704E+06
1650	8.324138284E+06
1700	8.931397556E+06
1750	9.560992355E+06
1800	1.021084470E+07
1850	1.088760364E+07
1900	1.159236350E+07
1950	1.232495331E+07
2000	1.308608204E+07
2050	1.387348333E+07
2100	1.468874741E+07
2150	1.552857229E+07
2200	1.639794545E+07
2250	1.729771967E+07
2300	1.822833827E+07
2350	1.919066149E+07
2400	2.018521070E+07
2450	2.121241019E+07
2500	2.227282788E+07
2550	2.336702773E+07
2600	2.449553143E+07
2650	2.565927779E+07
2700	2.685881208E+07
2750	2.809393117E+07
2800	2.936221724E+07
2850	3.066766690E+07
2900	3.201088716E+07
2950	3.339218398E+07
3000	3.481189964E+07
3050	3.627055167E+07
3100	3.776860961E+07
3150	3.930673015E+07
3200	4.088566527E+07
3250	4.250577852E+07
3300	4.416762919E+07
3350	4.587179634E+07
3400	4.761890157E+07
3450	4.940940632E+07
3500	5.124372575E+07
3550	5.312224586E+07
3600	5.504536162E+07
3650	5.701411567E+07
3700	5.903015924E+07
3750	6.112607973E+07
3800	6.326101541E+07
3850	6.545618304E+07
3900	6.771714227E+07
3950	7.004730701E+07
4000	7.245009027E+07
4050	7.492954082E+07
4100	7.748903324E+07
4150	8.013101569E+07
4200	8.285661420E+07
4250	8.566300777E+07
4300	8.855097113E+07
4350	9.152365948E+07
4400	9.458345810E+07
4450	9.773247176E+07
4500	1.009701712E+08
4550	1.042925148E+08
4600	1.077021312E+08
4650	1.112031483E+08
4700	1.147973369E+08
4750	1.184864379E+08
4800	1.222730665E+08
4850	1.261583219E+08
4900	1.301435358E+08
4950	1.342300084E+08
5000	1.384191936E+08
5050	1.427120270E+08
5100	1.471101397E+08
5150	1.516152117E+08
5200	1.562289992E+08
5250	1.609525457E+08
5300	1.657739302E+08
5350	1.706686053E+08
5400	1.755667614E+08
5450	1.805527182E+08
5500	1.856312816E+08
5550	1.908141447E+08
5600	1.961070911E+08
5650	2.015105989E+08
5700	2.070256056E+08
5750	2.126419117E+08
5800	2.183563502E+08
5850	2.241753303E+08
5900	2.301044883E+08
5950	2.361477467E+08
6000	2.423045124E+08
6050	2.485370652E+08
6100	2.548879782E+08
6150	2.613581587E+08
6200	2.679490981E+08
6250	2.746617191E+08
6300	2.814972843E+08
6350	2.884575770E+08
6400	2.955443339E+08
6450	3.027573066E+08
6500	3.100933569E+08
6550	3.175567177E+08
6600	3.251509417E+08
6650	3.328769679E+08
6700	3.407353375E+08
6750	3.487275371E+08
6800	3.568539551E+08
6850	3.651162220E+08
6900	3.735160397E+08
6950	3.820541442E+08
7000	3.907316529E+08
7050	3.995500271E+08
7100	4.085100540E+08
7150	4.176134721E+08
7200	4.268608235E+08
7250	4.362532236E+08
7300	4.457907480E+08
7350	4.554761645E+08
7400	4.653120506E+08
7450	4.753399281E+08
7500	4.855101585E+08
7550	4.958494410E+08
7600	5.063666262E+08
7650	5.170674918E+08
7700	5.279301261E+08
7750	5.389874125E+08
7800	5.502457873E+08
7850	5.617087830E+08
7900	5.733800543E+08
7950	5.852572959E+08
8000	5.973391879E+08
8050	6.096294122E+08
8100	6.221337423E+08
8150	6.348542320E+08
8200	6.477933429E+08
8250	6.609452950E+08
8300	6.743108630E+08
8350	6.878957574E+08
8400	7.017053952E+08
8450	7.157409695E+08
8500	7.300072435E+08
8550	7.445065993E+08
8600	7.592403737E+08
8650	7.742106683E+08
8700	7.894199618E+08
8750	8.048699558E+08
8800	8.205640111E+08
8850	8.365025384E+08
8900	8.526903843E+08
8950	8.691281054E+08
9000	8.858068846E+08
9050	9.026818092E+08
9100	9.196394955E+08
9150	9.367588958E+08
9200	9.540962901E+08
9250	9.716661430E+08
9300	9.894858184E+08
9350	1.007557089E+09
9400	1.025880475E+09
9450	1.044442982E+09
9500	1.063233920E+09
9550	1.082263236E+09
9600	1.101537069E+09
9650	1.121067065E+09
9700	1.140851440E+09
9750	1.160837269E+09
9800	1.181059873E+09
9850	1.201546137E+09
9900	1.222298424E+09
9950	1.243317236E+09
10000	1.264606943E+09
10050	1.286167021E+09
10100	1.308001801E+09
10150	1.330111670E+09
10200	1.352493190E+09
10250	1.375148344E+09
10300	1.398085861E+09
10350	1.421304809E+09
10400	1.444809723E+09
10450	1.468599468E+09
10500	1.492677083E+09
10550	1.517042411E+09
10600	1.541701799E+09
10650	1.566652651E+09
10700	1.591899126E+09
10750	1.617441855E+09
10800	1.643284078E+09
10850	1.669426031E+09
10900	1.695870385E+09
10950	1.722617830E+09
11000	1.749652161E+09
11050	1.776991407E+09
11100	1.804643190E+09
11150	1.832649734E+09
11200	1.860964125E+09
11250	1.889611434E+09
11300	1.918600293E+09
11350	1.947946524E+09
11400	1.977621443E+09
11450	2.007650653E+09
11500	2.038057182E+09
11550	2.068848785E+09
11600	2.100029965E+09
11650	2.131601708E+09
11700	2.163558730E+09
11750	2.195905537E+09
11800	2.228649068E+09
11850	2.261794301E+09
11900	2.295345274E+09
11950	2.329298578E+09
12000	2.363644078E+09
12050	2.398398013E+09
12100	2.433564383E+09
12150	2.469145251E+09
12200	2.505147314E+09
12250	2.541572868E+09
12300	2.578426800E+09
12350	2.615709399E+09
12400	2.653385954E+09
12450	2.691476987E+09
12500	2.730010186E+09
12550	2.768981666E+09
12600	2.808399085E+09
12650	2.848265069E+09
12700	2.888578832E+09
12750	2.929279163E+09
12800	2.970244619E+09
12850	3.011453876E+09
12900	3.053058053E+09
12950	3.095074715E+09
13000	3.137538082E+09
13050	3.180450267E+09
13100	3.223813774E+09
13150	3.267618588E+09
13200	3.311840074E+09
13250	3.356484791E+09
13300	3.401565787E+09
13350	3.447100373E+09
13400	3.493089258E+09
13450	3.539484187E+09
13500	3.586269927E+09
13550	3.633519971E+09
13600	3.681236450E+09
13650	3.729424110E+09
13700	3.778083172E+09
13750	3.827219367E+09
13800	3.876833451E+09
13850	3.926930307E+09
13900	3.977508013E+09
13950	4.028558857E+09
14000	4.080099734E+09
14050	4.132130138E+09
14100	4.184656138E+09
14150	4.237675150E+09
14200	4.291191638E+09
14250	4.345209314E+09
14300	4.399729632E+09
14350	4.454748605E+09
14400	4.510091044E+09
14450	4.565946329E+09
14500	4.622311359E+09
14550	4.679188985E+09
14600	4.736584994E+09
14650	4.794497473E+09
14700	4.852905716E+09
14750	4.911821512E+09
14800	4.971264904E+09
14850	5.031239196E+09
14900	5.091828598E+09
14950	5.152928932E+09
15000	5.214590838E+09
15050	5.276834836E+09
15100	5.339646810E+09
15150	5.403007757E+09
15200	5.466981108E+09
15250	5.531573839E+09
15300	5.596796741E+09
15350	5.662646239E+09
15400	5.729119978E+09
15450	5.796225810E+09
15500	5.863957572E+09
15550	5.932338693E+09
15600	6.001367433E+09
15650	6.071038409E+09
15700	6.141343175E+09
15750	6.212298851E+09
15800	6.283914197E+09
15850	6.356185194E+09
15900	6.429122055E+09
15950	6.502730631E+09
16000	6.577018120E+09
16050	6.651981699E+09
16100	6.727568831E+09
16150	6.803797518E+09
16200	6.880701037E+09
16250	6.958297780E+09
16300	7.036588594E+09
16350	7.115587376E+09
16400	7.195286895E+09
16450	7.275652158E+09
16500	7.356549373E+09
16550	7.437766506E+09
16600	7.519612781E+09
16650	7.602112581E+09
16700	7.685299781E+09
16750	7.769190701E+09
16800	7.853789047E+09
16850	7.939086709E+09
16900	8.025056997E+09
16950	8.111678578E+09
17000	8.198989944E+09
17050	8.287008272E+09
17100	8.375740557E+09
17150	8.465071324E+09
17200	8.554925004E+09
17250	8.645495964E+09
17300	8.736791137E+09
17350	8.828811776E+09
17400	8.921567051E+09
17450	9.015051967E+09
17500	9.109282754E+09
17550	9.204252367E+09
17600	9.299962625E+09
17650	9.396421749E+09
17700	9.493626108E+09
17750	9.591576724E+09
17800	9.690296812E+09
17850	9.789765100E+09
17900	9.890003108E+09
17950	9.991013529E+09
18000	1.009278334E+10
18050	1.019532576E+10
18100	1.029837315E+10
18150	1.040210909E+10
18200	1.050660632E+10
18250	1.061190204E+10
18300	1.071797086E+10
18350	1.082483180E+10
18400	1.093246806E+10
18450	1.104085235E+10
18500	1.115003813E+10
18550	1.126003630E+10
18600	1.137091087E+10
18650	1.148257928E+10
18700	1.159509598E+10
18750	1.170845590E+10
18800	1.182270038E+10
18850	1.193773924E+10
18900	1.205366397E+10
18950	1.217050525E+10
19000	1.228826681E+10
19050	1.240695344E+10
19100	1.252656865E+10
19150	1.264709303E+10
19200	1.276855525E+10
19250	1.289094703E+10
19300	1.301428509E+10
19350	1.313858434E+10
19400	1.326380961E+10
19450	1.338996745E+10
19500	1.351709791E+10
19550	1.364517862E+10
19600	1.377422958E+10
19650	1.390425823E+10
19700	1.403526415E+10
19750	1.416724690E+10
19800	1.430018047E+10
19850	1.443401195E+10
19900	1.456879585E+10
19950	1.470457754E+10
20000	1.484137915E+10
20050	1.497917962E+10
20100	1.511799870E+10
20150	1.525781250E+10
20200	1.539847769E+10
20250	1.553971433E+10
20300	1.568178222E+10
20350	1.582478875E+10
20400	1.596878920E+10
20450	1.611378212E+10
20500	1.625980639E+10
20550	1.640684019E+10
20600	1.655485563E+10
20650	1.670383244E+10
20700	1.685380836E+10
20750	1.700477485E+10
20800	1.715677297E+10
20850	1.730967452E+10
20900	1.746331589E+10
20950	1.761790194E+10
21000	1.777353262E+10
21050	1.793019611E+10
21100	1.808792697E+10
21150	1.824666381E+10
21200	1.840639177E+10
21250	1.856718168E+10
21300	1.872904225E+10
21350	1.889193847E+10
21400	1.905591750E+10
21450	1.922096021E+10
21500	1.938708349E+10
21550	1.955427810E+10
21600	1.972257587E+10
21650	1.989194609E+10
21700	2.006240988E+10
21750	2.023397322E+10
21800	2.040640888E+10
21850	2.057961188E+10
21900	2.075394119E+10
21950	2.092934996E+10
22000	2.110588772E+10
22050	2.128354214E+10
22100	2.146229876E+10
22150	2.164211232E+10
22200	2.182304893E+10
22250	2.200512574E+10
22300	2.218840621E+10
22350	2.237282499E+10
22400	2.255841046E+10
22450	2.274517406E+10
22500	2.293314770E+10
22550	2.312227002E+10
22600	2.331258525E+10
22650	2.350416541E+10
22700	2.369699226E+10
22750	2.389110236E+10
22800	2.408649307E+10
22850	2.428314970E+10
22900	2.448107102E+10
22950	2.468029228E+10
23000	2.488081313E+10
23050	2.508263796E+10
23100	2.528575682E+10
23150	2.549017097E+10
23200	2.569589987E+10
23250	2.590292903E+10
23300	2.611130303E+10
23350	2.632099065E+10
23400	2.653202821E+10
23450	2.674439792E+10
23500	2.695812825E+10
23550	2.717303105E+10
23600	2.738924025E+10
23650	2.760681333E+10
23700	2.782574097E+10
23750	2.804607603E+10
23800	2.826776455E+10
23850	2.849082863E+10
23900	2.871514653E+10
23950	2.894041535E+10
24000	2.916670811E+10
24050	2.939427004E+10
24100	2.962315501E+10
24150	2.985341007E+10
24200	3.008506064E+10
24250	3.031807927E+10
24300	3.055247985E+10
24350	3.078818241E+10
24400	3.102523178E+10
24450	3.126364029E+10
24500	3.150343618E+10
24550	3.174453599E+10
24600	3.198666989E+10
24650	3.222999697E+10
24700	3.247472391E+10
24750	3.272086349E+10
24800	3.296841555E+10
24850	3.321737093E+10
24900	3.346763161E+10
24950	3.371927108E+10
25000	3.397236120E+10
25050	3.422688736E+10
25100	3.448284658E+10
25150	3.474025415E+10
25200	3.499910356E+10
25250	3.525942037E+10
25300	3.552118625E+10
25350	3.578443633E+10
25400	3.604914613E+10
25450	3.631534494E+10
25500	3.658292950E+10
25550	3.685133772E+10
25600	3.712123608E+10
25650	3.739262195E+10
25700	3.766551311E+10
25750	3.793989495E+10
25800	3.821577598E+10
25850	3.849307810E+10
25900	3.877186197E+10
25950	3.905218497E+10
26000	3.933400949E+10
26050	3.961751147E+10
26100	3.990249663E+10
26150	4.018905729E+10
26200	4.047719566E+10
26250	4.076691133E+10
26300	4.105815950E+10
26350	4.135105201E+10
26400	4.164561936E+10
26450	4.194188036E+10
26500	4.223981188E+10
26550	4.253941822E+10
26600	4.284070764E+10
26650	4.314367938E+10
26700	4.344837507E+10
26750	4.375479100E+10
26800	4.406290398E+10
26850	4.437273293E+10
26900	4.468427134E+10
26950	4.499754519E+10
27000	4.531255503E+10
27050	4.562929843E+10
27100	4.594779338E+10
27150	4.626807621E+10
27200	4.659009337E+10
27250	4.691372676E+10
27300	4.723901448E+10
27350	4.756607143E+10
27400	4.789490337E+10
27450	4.822549191E+10
27500	4.855787911E+10
27550	4.889207686E+10
27600	4.922798520E+10
27650	4.956533809E+10
27700	4.990388775E+10
27750	5.024412282E+10
27800	5.058606607E+10
27850	5.092979447E+10
27900	5.127531054E+10
27950	5.162264464E+10
28000	5.197177929E+10
28050	5.232266356E+10
28100	5.267527433E+10
28150	5.302966766E+10
28200	5.338588605E+10
28250	5.374385707E+10
28300	5.410329286E+10
28350	5.446412179E+10
28400	5.482677166E+10
28450	5.519125312E+10
28500	5.555756865E+10
28550	5.592570549E+10
28600	5.629557882E+10
28650	5.666718932E+10
28700	5.704065910E+10
28750	5.741599550E+10
28800	5.779318136E+10
28850	5.817225277E+10
28900	5.855317872E+10
28950	5.893600619E+10
29000	5.932074325E+10
29050	5.970737804E+10
29100	6.009591948E+10
29150	6.048637410E+10
29200	6.087871360E+10
29250	6.127226190E+10
29300	6.166753925E+10
29350	6.206475643E+10
29400	6.246390053E+10
29450	6.286498777E+10
29500	6.326802236E+10
29550	6.367288973E+10
29600	6.407969929E+10
29650	6.448840877E+10
29700	6.489908981E+10
29750	6.531191485E+10
29800	6.572663976E+10
29850	6.614335087E+10
29900	6.656211838E+10
29950	6.698294870E+10
30000	6.740570504E+10
30050	6.783052822E+10
30100	6.825747668E+10
30150	6.868662505E+10
30200	6.911791019E+10
30250	6.955126513E+10
30300	6.998678329E+10
30350	7.042445237E+10
30400	7.086431973E+10
30450	7.130637065E+10
30500	7.175059008E+10
30550	7.219704259E+10
30600	7.264566307E+10
30650	7.309637110E+10
30700	7.354931343E+10
30750	7.400451426E+10
30800	7.446193319E+10
30850	7.492160775E+10
30900	7.538352089E+10
30950	7.584750639E+10
31000	7.631351060E+10
31050	7.678177758E+10
31100	7.725229741E+10
31150	7.772499287E+10
31200	7.819999527E+10
31250	7.867718250E+10
31300	7.915672899E+10
31350	7.963820804E+10
31400	8.012124749E+10
31450	8.060627369E+10
31500	8.109352436E+10
31550	8.158298322E+10
31600	8.207470474E+10
31650	8.256872239E+10
31700	8.306507394E+10
31750	8.356366701E+10
31800	8.406430084E+10
31850	8.456732705E+10
31900	8.507262307E+10
31950	8.558021398E+10
32000	8.608978141E+10
32050	8.660096194E+10
32100	8.711443946E+10
32150	8.763017231E+10
32200	8.814835488E+10
32250	8.866873738E+10
32300	8.919130507E+10
32350	8.971605565E+10
32400	9.024306282E+10
32450	9.077248335E+10
32500	9.130425081E+10
32550	9.183828478E+10
32600	9.237475694E+10
32650	9.291355154E+10
32700	9.345468290E+10
32750	9.399840575E+10
32800	9.454439845E+10
32850	9.509281094E+10
32900	9.564360038E+10
32950	9.619621435E+10
33000	9.675074454E+10
33050	9.730771110E+10
33100	9.786704833E+10
33150	9.842886270E+10
33200	9.899315744E+10
33250	9.955976898E+10
33300	1.001286763E+11
33350	1.007001809E+11
33400	1.012738922E+11
33450	1.018503455E+11
33500	1.024292316E+11
33550	1.030106674E+11
33600	1.035946266E+11
33650	1.041810113E+11
33700	1.047699545E+11
33750	1.053614065E+11
33800	1.059554634E+11
33850	1.065522902E+11
33900	1.071516499E+11
33950	1.077537904E+11
34000	1.083585089E+11
34050	1.089659032E+11
34100	1.095759234E+11
34150	1.101888429E+11
34200	1.108043093E+11
34250	1.114226022E+11
34300	1.120433800E+11
34350	1.126670401E+11
34400	1.132933661E+11
34450	1.139223142E+11
34500	1.145542565E+11
34550	1.151888520E+11
34600	1.158261512E+11
34650	1.164662050E+11
34700	1.171087845E+11
34750	1.177540015E+11
34800	1.184020592E+11
34850	1.190528101E+11
34900	1.197063081E+11
34950	1.203625973E+11
35000	1.210216454E+11
35050	1.216833924E+11
35100	1.223471561E+11
35150	1.230134078E+11
35200	1.236821558E+11
35250	1.243536373E+11
35300	1.250280030E+11
35350	1.257051586E+11
35400	1.263851646E+11
35450	1.270678827E+11
35500	1.277534401E+11
35550	1.284415856E+11
35600	1.291327135E+11
35650	1.298266357E+11
35700	1.305230173E+11
35750	1.312217017E+11
35800	1.319230857E+11
35850	1.326269557E+11
35900	1.333338388E+11
35950	1.340437304E+11
36000	1.347562628E+11
36050	1.354714260E+11
36100	1.361891754E+11
36150	1.369100026E+11
36200	1.376336118E+11
36250	1.383602348E+11
36300	1.390895801E+11
36350	1.398219033E+11
36400	1.405572324E+11
36450	1.412954084E+11
36500	1.420366564E+11
36550	1.427807606E+11
36600	1.435277716E+11
36650	1.442775161E+11
36700	1.450292514E+11
36750	1.457838075E+11
36800	1.465412983E+11
36850	1.473020252E+11
36900	1.480655414E+11
36950	1.488319786E+11
37000	1.496012881E+11
37050	1.503735498E+11
37100	1.511489846E+11
37150	1.519272291E+11
37200	1.527087450E+11
37250	1.534932714E+11
37300	1.542808595E+11
37350	1.550715051E+11
37400	1.558652033E+11
37450	1.566619283E+11
37500	1.574618508E+11
37550	1.582649941E+11
37600	1.590713644E+11
37650	1.598810627E+11
37700	1.606938290E+11
37750	1.615100361E+11
37800	1.623293723E+11
37850	1.631520312E+11
37900	1.639779479E+11
37950	1.648071585E+11
38000	1.656396312E+11
38050	1.664754470E+11
38100	1.673145352E+11
38150	1.681568543E+11
38200	1.690026041E+11
38250	1.698516689E+11
38300	1.707041169E+11
38350	1.715597798E+11
38400	1.724186256E+11
38450	1.732805996E+11
38500	1.741459424E+11
38550	1.750146131E+11
38600	1.758864513E+11
38650	1.767618163E+11
38700	1.776404956E+11
38750	1.785224815E+11
38800	1.794073369E+11
38850	1.802947111E+11
38900	1.811853444E+11
38950	1.820793633E+11
39000	1.829765178E+11
39050	1.838773967E+11
39100	1.847813358E+11
39150	1.856889514E+11
39200	1.865997503E+11
39250	1.875138694E+11
39300	1.884315127E+11
39350	1.893524182E+11
39400	1.902766762E+11
39450	1.912035773E+11
39500	1.921334702E+11
39550	1.930668634E+11
39600	1.940035507E+11
39650	1.949436891E+11
39700	1.958872435E+11
39750	1.968339296E+11
39800	1.977840480E+11
39850	1.987374899E+11
39900	1.996943496E+11
39950	2.006547815E+11
40000	2.016185990E+11
40050	2.025859397E+11
40100	2.035568665E+11
40150	2.045313192E+11
40200	2.055092810E+11
40250	2.064907544E+11
40300	2.074759214E+11
40350	2.084644931E+11
40400	2.094553934E+11
40450	2.104497351E+11
40500	2.114473607E+11
40550	2.124486818E+11
40600	2.134537617E+11
40650	2.144621859E+11
40700	2.154741219E+11
40750	2.164895650E+11
40800	2.175085154E+11
40850	2.185313255E+11
40900	2.195579081E+11
40950	2.205879215E+11
41000	2.216215857E+11
41050	2.226591620E+11
41100	2.237002706E+11
41150	2.247449893E+11
41200	2.257936063E+11
41250	2.268457299E+11
41300	2.279021272E+11
41350	2.289621481E+11
41400	2.300260980E+11
41450	2.310939385E+11
41500	2.321656088E+11
41550	2.332412309E+11
41600	2.343208312E+11
41650	2.354041199E+11
41700	2.364915804E+11
41750	2.375828086E+11
41800	2.386779481E+11
41850	2.397770810E+11
41900	2.408801071E+11
41950	2.419870968E+11
42000	2.430980807E+11
42050	2.442131038E+11
42100	2.453318461E+11
42150	2.464543442E+11
42200	2.475807772E+11
42250	2.487111697E+11
42300	2.498456309E+11
42350	2.509837295E+11
42400	2.521260313E+11
42450	2.532724918E+11
42500	2.544224345E+11
42550	2.555752405E+11
42600	2.567319195E+11
42650	2.578925285E+11
42700	2.590570862E+11
42750	2.602257781E+11
42800	2.613984297E+11
42850	2.625752105E+11
42900	2.637558628E+11
42950	2.649404464E+11
43000	2.661291047E+11
43050	2.673217868E+11
43100	2.685186363E+11
43150	2.697187126E+11
43200	2.709222832E+11
43250	2.721296607E+11
43300	2.733411989E+11
43350	2.745568663E+11
43400	2.757764664E+11
43450	2.770000567E+11
43500	2.782272331E+11
43550	2.794586490E+11
43600	2.806941618E+11
43650	2.819336701E+11
43700	2.831774029E+11
43750	2.844252135E+11
43800	2.856772905E+11
43850	2.869335222E+11
43900	2.881940076E+11
43950	2.894586139E+11
44000	2.907273819E+11
44050	2.920004061E+11
44100	2.932766495E+11
44150	2.945564598E+11
44200	2.958403226E+11
44250	2.971285939E+11
44300	2.984210065E+11
44350	2.997174908E+11
44400	3.010182802E+11
44450	3.023231197E+11
44500	3.036322399E+11
44550	3.049455430E+11
44600	3.062633932E+11
44650	3.075854801E+11
44700	3.089118366E+11
44750	3.102426484E+11
44800	3.115778179E+11
44850	3.129171434E+11
44900	3.142609254E+11
44950	3.156092646E+11
