==============================
B5_Energy_1
P3->P4
T_min:200.0 K    T_max:3000.0 K    P_min:0.0001 atm    P_max:10.0 atm
[[-26.14066848370626, -1.1429363592354156, 0.05010077938063645, 7.708749030509418, 1.2706201836271382, 0.03439342207447509, 1.209964884760039, 0.3031222442371626, -0.17664993815821628, 0.5533613608300118, -0.491671924412347, 0.04897763906379838, 0.21721713175490373, -0.16867361373394146, 0.11099772981212956, -0.0068613537439236325, 0.23538361174315445, -0.03771709296905365, -0.01680021216282053, 0.14576078763565042, -0.08192565474957958, 0.09536879188452109, -0.13998587398541315, 0.03109844066013245, 0.05140096885396524, -0.09836416689378577, 0.051564802935218625, -0.06448309408391582, 0.08780200883728875, -0.023276678978335772, -0.03438356905761452, 0.05006736169020352, -0.027594195161260455, 0.0226156148433111, -0.03383243267432662, 0.010297924638185445, 0.03665760948609648, -0.049080302690115256, 0.021131734544186983, -0.021241015438450302, 0.03484220177208956, -0.010682428428969538, -0.009171659228939713, 0.015912638851558285, -0.008751460291061532]]
P3->P5
T_min:200.0 K    T_max:3000.0 K    P_min:0.0001 atm    P_max:10.0 atm
[[-26.045059263435455, 0.0029937778114321745, -0.002314597143682331, 12.073267120095757, -0.004035993155842773, 0.0031112221786835973, 0.0317235135312635, 0.001159013793612978, -0.0009069602942007247, 0.04638941602110425, 0.00022082881753875545, -0.00017371305067991958, 0.04930627659073467, -1.1365756171928403e-05, 2.1117569455187156e-06, 0.035529105840766316, -3.8047578901708405e-06, -7.710266103425924e-07, 0.020777350861376494, 1.7968198903640847e-06, -3.9148335889706376e-06, 0.010535070205863882, -3.799663367025602e-06, -4.991507471654436e-07, 0.004819677930759693, 4.737668721536328e-06, -3.229259021562776e-06, 0.0018581178039132602, -1.1913134287119011e-05, 6.563110633172518e-06, 0.0007793081572888193, 2.7939553251639656e-06, -8.935854595377178e-07, 0.00017553985192302749, -1.0383967330005973e-05, 6.370780131632088e-06, 0.00016978045717486377, 6.661392247443275e-06, -3.0176555864192385e-06, 1.0688477043318928e-05, -6.381535759877872e-06, 3.667619513676954e-06, 9.547224831724168e-05, 8.368663476292095e-06, -4.4696304098437075e-06]]
W3->P5
T_min:200.0 K    T_max:3000.0 K    P_min:0.0001 atm    P_max:10.0 atm
[[-6.250787091160025, 3.6460783802855437, 1.0653000321133492, 14.063832131459563, -1.331843987525452, -0.9109233623463755, -0.6722596430528597, 1.119089482479717, -0.4039092336321423, 0.05053303997843809, 0.32399546493976294, -0.1414167513614376, 0.44555150820295036, -0.2517659232138332, 0.03452899936296939, 0.2912996288495491, -0.1654455152104485, 0.027944428996066275, 0.017568523813062512, 0.05690924151127756, -0.05024228050398958, 0.0658780644387858, -0.10780314575335562, 0.00417334080171372, 0.09173982745431704, -0.18011402276182115, 0.03414500604526282, -0.020176424439851584, -0.04883900279777712, -0.008651055747721846, 0.02638512700236255, -0.09394692283394947, 0.039106447482462475, -0.039987040076872406, -0.011968098496655281, 0.008862254510504635, 0.019128853459160034, -0.050117830281835814, 0.04170539554733213, -0.04655978649514694, 0.03585919112788129, -0.005764152911943492, 0.05339703696145521, -0.06729187202991442, 0.03989649124007394]]
P1->P4
T_min:200.0 K    T_max:3000.0 K    P_min:0.0001 atm    P_max:10.0 atm
[[-16.204829622753497, 0.0559835926063168, -0.14360290589592317, 0.702877013281994, -0.06470518834911707, 0.2009235855566404, 0.4563699882943619, -0.006244984701122644, -0.05022175110304898, 0.15127152365475513, 0.02155745604705833, -0.019782566932329642, 0.10285127615923959, -0.0020713223488443007, 0.009829591098101562, 0.1077407373812914, -0.004842955466423347, 0.004736010950861448, 0.07793666552317997, -0.000612879317228028, -0.0015049267208784765, 0.03709918809894236, 0.0006907982837968648, -0.0010264036965833595, 0.009183319678893683, 0.00021907781971006518, 0.0003931517687086019, -0.005083236691134316, -0.00033182497183271346, 0.00050400518737871, -0.0059779519583021724, -0.00010356236991866136, -5.727029718064017e-05, -0.007555334665500542, -9.38115403587395e-05, 1.3406879125916892e-05, -0.00210567133358335, 0.00030901206559635176, -0.00016981450072426802, -0.002498708256707559, 7.989093715561866e-05, 9.11252084036525e-06, 0.0015432938906226705, 0.0002444289891394154, -0.00019319563662399794]]
P4->P5
T_min:200.0 K    T_max:3000.0 K    P_min:0.0001 atm    P_max:10.0 atm
[[-33.999962628072055, 0.0034301598772943365, -0.0026512559007507673, 19.57335756321974, -0.00467139896654148, 0.0036110912323948415, 0.1623955565450246, 0.0011733900036255192, -0.000908088220581602, 0.12091015082936596, 0.00018690765055035498, -0.00014544252755102895, 0.08702875032229557, -2.6566396356347424e-05, 2.026565695100678e-05, 0.05231018761820223, -2.8006598629326755e-05, 2.040276680331524e-05, 0.02713512887582187, -7.044819938747911e-06, 5.353879661148601e-06, 0.01257473564000378, -1.6233709867901896e-06, 1.123441598239004e-06, 0.005428807091316645, -8.381474028492281e-07, 1.3722674597113573e-07, 0.0020681676574593444, -8.880360774127292e-07, 3.93563712457053e-08, 0.0010310663398605225, -4.110169222587712e-06, 2.5588101254158573e-06, 0.00033661028036718866, 1.019333957198883e-06, -6.972816260668534e-07, 0.0003946001166934352, -6.025539799174642e-06, 3.7541329310588047e-06, 7.950134713739496e-05, 4.158959487954933e-06, -2.1821339813155818e-06, 0.00020016635034487715, -3.4431646112647414e-06, 1.94548947719609e-06]]
P5->W3
T_min:200.0 K    T_max:3000.0 K    P_min:0.0001 atm    P_max:10.0 atm
[[-19.104613276596922, 3.6477224941080015, 1.0649496426490668, 2.1028271971073726, -1.3291805283607219, -0.9114320501533123, -0.38010963454943764, 1.121982601864901, -0.4045383232063324, 0.2107995245955968, 0.3260723743645863, -0.14182091514832354, 0.5137056777429567, -0.24976195721084943, 0.03409927780369463, 0.3184340222269033, -0.16415525573152187, 0.027699884184027985, 0.028114655014417244, 0.05790879189283402, -0.05044931168518162, 0.07018760562088673, -0.10722020074103382, 0.004056858846540937, 0.09374824067557617, -0.17991724068156598, 0.03412200202454031, -0.01929397198613793, -0.04865370609890348, -0.008691598330096686, 0.027132772696347875, -0.0941879722553268, 0.03919501870203383, -0.03973235620711446, -0.011959625687381216, 0.008855880508943368, 0.019627769206881217, -0.05052874422322353, 0.04183677827135966, -0.046481157491263025, 0.035827147473934895, -0.005760726422607842, 0.05370202611383259, -0.06760965201612437, 0.040001105947189135]]
W3->P4
T_min:200.0 K    T_max:3000.0 K    P_min:0.0001 atm    P_max:10.0 atm
[[1.0269667823161799, 0.5362811556855858, 0.0963634000065237, 3.4509527943757696, 0.9930077448495833, 0.08303528131129627, 0.03146716593953293, 0.7704402991258453, -0.16514777991837898, -0.14717177761752928, 0.4236531634411179, -0.21609796251104926, 0.20179809036052168, 0.081724334407218, -0.13034029987029191, 0.2722502445558561, -0.14674209542790284, 0.0019244190398874609, 0.16184630571436245, -0.22820911693643717, 0.05419638460140085, 0.09080637106772307, -0.22394523864990723, 0.065729581942902, 0.06319589063638, -0.18366476350985542, 0.06135206425816648, 0.026731978447742683, -0.11994068179643706, 0.03679724951608469, 0.016794875057691724, -0.0526755959673137, 0.03091315576263751, -0.022066499906857964, 0.00713483432531262, 0.0022374391480683106, -0.007782070930878454, 0.029193285108005625, 0.01039838826992927, -0.02176004038936384, 0.02992601856041701, -0.006069654554502454, 0.007913384444743484, 0.009942196552599267, 0.009945539913666888]]
W3->P1
T_min:200.0 K    T_max:3000.0 K    P_min:0.0001 atm    P_max:10.0 atm
[[2.7029644378054543, 2.350421567383682, -0.26557881640387887, 6.182590677107385, -0.24670605193940845, 0.16008753843446707, -0.31204629356791197, -0.29849664215617155, 0.00042826063573758966, 0.10789067423218751, -0.13640440201480125, -0.018188552037636342, 0.16876429035565976, -0.08533078629564317, -0.017288576234866283, 0.08368170991712487, -0.05709762586093508, 0.013976477422814436, 0.0029619005975388022, -0.05324562516933954, 0.021664162258397946, -0.03692672939784348, -0.04780814412695499, 0.026172528257693763, -0.03072090476704766, -0.04309414906267811, 0.02584443004155881, 0.007478492468480937, -0.05129821068049015, 0.012818430022803936, 0.026162992518208028, -0.04367623514279319, 0.022617022172810357, 0.043287059615318736, -0.04764808060966227, 0.009751776722263567, 0.02323690499643962, -0.021504735872313215, 0.02341833147990375, 0.01924135433324932, -0.016262425505989546, 0.005157266130596108, -0.0020366863785432135, 0.004663216650219932, 0.013545470281106427]]
W3->P3
T_min:200.0 K    T_max:3000.0 K    P_min:0.0001 atm    P_max:10.0 atm
[[0.11866469083686325, 0.6791446383792685, 0.013920237956378605, 4.096903873266932, 1.0465397558596632, 0.12427920482510958, -0.4283839766441441, 0.7894492037409789, -0.11119307348587597, 0.04613914107291337, 0.4773086535053859, -0.25953586373572585, 0.43402377364060973, -0.10189074939892619, -0.14219226408029512, 0.3965279564125464, -0.37017169879580036, 0.03191136978192059, 0.24274100336960913, -0.41893377184968544, 0.14552787037713089, 0.04171890610084029, -0.19192025413680305, 0.11296157685052832, -0.09452110240008942, 0.045633040550253835, 0.01634292203476552, -0.05507432305698759, 0.01779709235301243, -0.014575023080075708, -0.03935925589894746, 0.0422486577290528, -0.023961829765445915, 0.0854256913952201, -0.13886384631125084, 0.04117457074557055, 0.019878071198393948, -0.005199162445771535, 0.022730260414090764, 0.05769507693951506, -0.08045983134582964, 0.03915947778587134, -0.03909611287747168, 0.07751338235906025, -0.011676817323596994]]
P1->P3
T_min:200.0 K    T_max:3000.0 K    P_min:0.0001 atm    P_max:10.0 atm
[[-15.036032156612054, -0.09478560357119228, 0.1155666723068458, 0.49470550568809923, 0.13814306619594988, -0.1833627779988122, 1.0902753510087613, -0.03272232687247486, 0.08066874391221997, 0.19324566982006414, -0.03769548889083641, -5.375532335664396e-05, 0.052510120323525554, 0.04059632599649487, -0.02279392113589881, 0.05638656716111193, -0.013466260246830277, 0.01093920177107688, 0.021860386496921402, -0.0024439183380125253, 0.000806157261311696, 0.00772679509814742, 0.003128032063750148, -0.002511713601215691, 0.0046676720833761405, -0.0010799766218270717, 0.0008499259601703306, 0.0017918670748216152, 0.00030836011509612516, 1.5924898846038268e-05, 0.001126716683179773, 0.00030463714053392945, -0.000264295433637138, 0.0007206739390137052, 4.384022291281494e-06, 0.0001252555513437089, 0.00122405613850857, -0.0012265445856849161, 0.00026016413862373306, -0.000642863398321018, 0.0015284847319650403, -0.0004030247174551716, 0.0005227304807889188, -0.0006055192829001633, 0.00022046832482671967]]
P1->W3
T_min:200.0 K    T_max:3000.0 K    P_min:0.0001 atm    P_max:10.0 atm
[[-14.76831462136999, 2.352064507242816, -0.2659285330031072, -1.2063586783122129, -0.24404768348210013, 0.1595808406521939, 0.1266041939732596, -0.2955985641131053, -0.00020273424212668116, 0.2938602758263958, -0.13433180493214023, -0.01859122055523963, 0.23934381476845182, -0.08332235760400057, -0.01771983213192008, 0.110259067688455, -0.05581051428914763, 0.013732641280099498, 0.013114632210145638, -0.052248768612371904, 0.021458882731448605, -0.03275312087921521, -0.047224772452825865, 0.026055676544703733, -0.028741296775497055, -0.042903070943504734, 0.025823731318078864, 0.008355492339486646, -0.051110079005283825, 0.012776910196961411, 0.02691398817908343, -0.04391744538407817, 0.022705559829702078, 0.043545026088465895, -0.04764078238424516, 0.009746158327215227, 0.02373640347327073, -0.021913912656988936, 0.023548664673928008, 0.019321901165278956, -0.016296804991388785, 0.005161424113911603, -0.0017319038425357548, 0.004345901993521616, 0.013649698465708366]]
P4->W3
T_min:200.0 K    T_max:3000.0 K    P_min:0.0001 atm    P_max:10.0 atm
[[-32.27685489901662, 0.5379215975237841, 0.09601405399108635, 11.221197492247152, 0.9956760955867194, 0.08252553474062838, 0.4352742525168394, 0.7733326876871143, -0.1657777044429372, 0.032055623986794214, 0.42573204408437504, -0.21650221259654603, 0.27333154820291583, 0.08372912837707075, -0.13077112962939572, 0.30020308210641683, -0.14545227160006963, 0.001679949753191789, 0.17269666088683147, -0.2272129122804222, 0.05399162139709025, 0.09524682731694752, -0.2233622978027136, 0.06561246572165881, 0.0652574846109538, -0.18347181561875225, 0.0613314106690766, 0.02762628749924658, -0.11975556175185037, 0.036756497434633134, 0.01754155048158485, -0.052916905792301024, 0.031002286943673067, -0.021815594658276337, 0.007142066860200276, 0.002230812883763119, -0.007286026522772086, 0.028782981276237945, 0.010530287202192927, -0.02168194122795415, 0.029892232338425407, -0.00606632029952089, 0.008218740997712899, 0.00962342214847133, 0.010050940754462528]]
P3->W3
T_min:200.0 K    T_max:3000.0 K    P_min:0.0001 atm    P_max:10.0 atm
[[-24.686522754185, 0.6807839840967604, 0.013571536414062672, 4.556573665405411, 1.0492106222918642, 0.12376828648191399, -0.05119452465683023, 0.7923360670983823, -0.1118199554777487, 0.20536874098873828, 0.4793916202645433, -0.2599420480475006, 0.4932006108462287, -0.0998901020613794, -0.1426208372806749, 0.4177282960362331, -0.3688785679889719, 0.03166528868528121, 0.25021153570321253, -0.41793659978769837, 0.145322368444964, 0.0445016936996794, -0.19133639935691654, 0.11284425047068188, -0.09329493582432578, 0.045831919623122185, 0.016319269064646105, -0.05458841687219787, 0.017979147147309277, -0.014614250502352853, -0.038846301976792535, 0.042010562592545105, -0.023874048384325174, 0.08557938122386352, -0.13886334549950394, 0.041171199883077866, 0.020292124674112715, -0.005602541810362196, 0.022858623054063627, 0.05775827219534151, -0.08050044884834816, 0.039166456760148294, -0.03882423614886196, 0.07720150731943991, -0.01157467604445214]]
P1->P5
T_min:200.0 K    T_max:3000.0 K    P_min:0.0001 atm    P_max:10.0 atm
[[-15.138866887007048, -0.002270881902841415, 0.0017876153086996596, 3.624862474876959, 0.0018554930210779388, -0.0014322553717190318, -0.2034469443828082, 0.0017884972575359938, -0.0013702367375104775, -0.08210209713264321, 0.000515154374523461, -0.00040144685798053695, -0.015416556920125089, 0.0003382775898003296, -0.00026870025635268065, 0.00706570575654464, 0.00012262795374960676, -0.00011941674256499851, 0.01043955174131113, 0.0001636754351205162, -0.00015768365302488163, 0.007892561021102315, 0.00011058686246564857, -0.0001264824105989816, 0.004848798926232582, 2.1690209292046683e-05, -6.400754319150561e-05, 0.002489964830401108, 6.766550025634554e-05, -9.8238849181064e-05, 0.0011674235306369408, -0.00012033036599735419, 4.52355250407963e-05, 0.00042567033645053877, 9.05896146222874e-06, -4.256656758371091e-05, 0.00010257528509442467, -0.0001899800347047347, 0.00011540324999321987, 2.458507659505613e-05, -8.865166871082101e-06, -8.92888723812902e-06, -3.2335009091319394e-05, -0.00015236834912273398, 0.00010634272433333929]]
