==============================
B7_Energy_1
P3->P4
[[5.5730026263799956e-05, -2.816111735031338e-10, 1.5316586046611136e-08, 8.889637541584819e-05, -7.861785895296179e-08, 7.777205338811628e-08, 5.5945110574214384e-05, -3.682971737022262e-08, -1.3032293059772084e-08, 5.544992693428419e-06, -1.0062626508476122e-08, -1.6486682392137306e-08, -2.148760359580836e-05, 1.202853517061584e-07, -8.47484654106513e-08, -3.506873247491525e-05, 8.562425602150907e-08, -3.1208487338491535e-08, -2.5266353982231993e-05, -9.708921719407981e-09, 9.780253767763498e-09, -9.919723785762374e-06, -1.0039561887332707e-07, 4.7482950450797744e-08, 2.175254504588569e-06, -8.549015098998877e-08, 4.368959635179967e-08, 1.0695125692923104e-05, 3.204130622230505e-08, -2.1398284817172943e-08, 6.096912484955485e-06, 7.548751617362412e-08, -2.7038840846371292e-08, 6.249602439072739e-06, 1.0794580292079296e-07, -7.058135418336531e-08, -2.537232184608875e-06, 1.8189005121644152e-08, -8.135737123514427e-09, 6.153039982296913e-08, 2.688191019510441e-09, -1.4002147674506298e-08, -4.226865893282043e-06, -4.253029163229226e-08, 3.5916025395847474e-08]]
P3->P5
[[-3.4049043813708432e-06, -1.6906841854671768e-08, 9.548108184989346e-09, -5.685062907757134e-06, 9.295824112101847e-08, -4.838212050078326e-08, -3.0292520003312135e-06, -4.875889117627501e-08, 2.4318213798573254e-08, -2.7320327527774666e-07, 4.7369350810296465e-08, -2.3220457633437273e-08, 1.3545539858833298e-06, -6.194343380989039e-08, 2.693343199781165e-08, 1.6136160088761407e-06, 3.488749260865141e-08, -2.1204048187056137e-08, 1.0192824501559148e-06, 3.2728142684156875e-08, -1.6336082325555986e-08, 2.861760331759272e-07, 5.278618903311893e-08, -2.6475334075293197e-08, -1.5473860908917754e-07, 5.081855262713076e-08, -2.4714002558181526e-08, -2.532275437925403e-07, -6.355679348491224e-08, 3.2018498241405637e-08, -1.9139042811097324e-07, 1.7774777680655838e-08, -8.100223505150514e-09, -1.1655329592645503e-07, -1.9459811177724982e-08, 1.2912356654824884e-08, -1.035081455096549e-08, 5.2446816495797144e-08, -3.198506971524132e-08, 2.0489106126229068e-08, -3.905403690628283e-08, 1.5500217315986643e-08, 9.211600092113576e-09, 8.02100905076251e-08, -3.879469529664636e-08]]
P3->W3
[[1.9019403929050256e-06, -1.593433099280382e-06, 1.538507157443608e-06, 5.522953378060889e-06, -4.202809787577427e-06, 4.5837163076557405e-06, 3.626296900697842e-06, -2.957028136978155e-06, 2.97257629210538e-06, 4.995337561382731e-06, -3.8068449265188206e-06, 4.148688914273074e-06, 3.554536774348789e-06, -2.914228992647128e-06, 2.8913116632936513e-06, 4.074134333844391e-06, -3.133849388196082e-06, 3.369111881194579e-06, 3.1030309498453013e-06, -2.3845134456009815e-06, 2.577791258054469e-06, 2.7869589618265e-06, -2.1229124021388934e-06, 2.3180055720924506e-06, 2.787253754062227e-06, -2.118078586741677e-06, 2.3050444520376433e-06, 1.742661224352549e-06, -1.4114222496126321e-06, 1.4125928663018957e-06, 2.345212412090937e-06, -1.6737326222576837e-06, 1.9687836396851524e-06, 8.772784421107738e-07, -7.027172026032625e-07, 7.164509901639919e-07, 1.913890155591014e-06, -1.3459217125096924e-06, 1.601966634599304e-06, 3.6127275823597904e-07, -3.437884615480936e-07, 2.670901305147544e-07, 1.1379417724653636e-06, -7.435654419406917e-07, 9.677866625199202e-07]]
P4->P5
[[-3.511410352829617e-06, -2.684789705803318e-08, 1.3683789548806529e-08, -5.712047881640444e-06, -4.864638136354054e-09, 9.731440576341742e-10, -2.8953242113481342e-06, 2.0604491120676292e-08, -1.3890997024359299e-08, 1.079765675900003e-07, 1.514647055727012e-08, -9.91889918797964e-09, 1.6288083213668345e-06, -1.0745215866770696e-08, 6.157392079202588e-09, 1.721196408556376e-06, 1.100503468512737e-08, -3.8718212684121685e-09, 9.24628633075416e-07, 4.154506670476482e-09, -1.5902450123760474e-09, 1.428165060478661e-07, -1.6165901165434917e-08, 7.266105549501854e-09, -2.6060208149013463e-07, -1.2927509137542324e-08, 4.311813423456097e-09, -3.430658176379909e-07, -1.791894030105221e-08, 5.226138754842288e-09, -1.4715952848180326e-07, -2.7369085512978286e-08, 8.925842991219003e-09, -6.560565609219452e-08, -3.2166004039483196e-08, 1.3778211616774747e-08, 5.845598167655598e-08, 1.1814931531742224e-08, -3.710854936105336e-09, 1.1648466342857974e-08, 6.725610849629421e-09, 1.9485359078999304e-09, 6.578082454339185e-08, 3.37978721155268e-09, 1.348748100671867e-09]]
P1->P3
[[3.5633971498558604e-07, -3.308771414311603e-09, 1.0565161889610094e-09, 5.656718931803142e-07, 9.113870509990512e-09, 1.8342633792027697e-09, 3.249244673701715e-07, -3.704971802422617e-09, -1.265282638848284e-09, 3.52653897009627e-09, -7.153526769896565e-09, 5.6129153372083606e-09, -1.5925204980213715e-07, -3.7969022978397925e-08, 1.4082170707464325e-08, -2.2040474001499667e-07, -3.674604531348266e-08, 1.722981513504506e-08, -1.5693875959143734e-07, -1.3921015918583762e-08, 4.4922233377908264e-09, -7.561313308849175e-08, 2.9235511666627623e-08, -1.4793175582553709e-08, -1.399418574223858e-08, 5.473419926775269e-08, -2.4601315909194608e-08, 3.851108586914536e-08, 3.5271962137148585e-08, -1.8518982853743443e-08, 3.31178878487193e-08, 5.549460201038868e-09, -1.4585188004785263e-09, 4.44298563400775e-08, -2.4799631046824463e-08, 6.422448774904334e-09, -3.651880587979062e-09, -9.978287562621883e-09, 5.125758953993398e-09, -3.4274004514369266e-09, 3.294210037491265e-09, -4.8724334095250275e-09, -2.7902864398562213e-08, 1.672913971939506e-08, -4.436672211753705e-09]]
W3->P5
[[0.00030202068722053017, -0.00043523564274231815, 0.00016292660272692775, -0.00042985069008866873, 0.000618165906505152, -0.00023143567337996463, 0.00014050185503545137, -0.00020282980236977446, 7.548461444514484e-05, -0.0003013666451162378, 0.00043349178662948994, -0.00016307438170136784, 0.0005043890288476933, -0.0007266674916792048, 0.0002715291282646478, -0.00014063884320473453, 0.00020193936707450175, -7.528982492986979e-05, -0.00021364851629882922, 0.00030718446453337623, -0.00011472434364541729, -6.114231552848381e-05, 8.783309286719394e-05, -3.339228745876408e-05, 0.00010095741190365673, -0.00014554704178582273, 5.392460630938798e-05, 0.00024469942317768655, -0.0003526853844246899, 0.00013244452411372473, -0.00045319432358369654, 0.0006522254668858635, -0.00024379307910128714, 0.00023999281763118405, -0.00034551007900720723, 0.00012854920164916372, -7.187414184696697e-06, 1.0447636115498102e-05, -5.035093507772068e-06, 0.00027790293702871364, -0.0004004326980633725, 0.0001507277020324229, -0.0005460458605054268, 0.0007858198030328059, -0.00029275301880684023]]
W3->P4
[[3.553180178289309e-06, -2.882826670641288e-06, 2.931798704839263e-06, 1.0670569242606136e-05, -7.824584090497402e-06, 8.83319211887074e-06, 7.00088637676866e-06, -5.651601230691672e-06, 5.779047164559636e-06, 9.688966838840809e-06, -7.144741079921063e-06, 8.020774422632183e-06, 6.7038939927315626e-06, -5.306679276925237e-06, 5.538051651209359e-06, 7.87484353715775e-06, -5.850114786936031e-06, 6.51882353672968e-06, 6.134301806410306e-06, -4.674442275743956e-06, 5.077005922193343e-06, 5.496066994215808e-06, -4.128778587265624e-06, 4.5541988308927445e-06, 5.346478137244848e-06, -3.8708151722924574e-06, 4.437130138345361e-06, 3.241916753854288e-06, -2.4880908629974504e-06, 2.6901555977754187e-06, 4.579362152634312e-06, -3.112108441890406e-06, 3.8097233457929507e-06, 1.6472559292320335e-06, -1.2666617627429683e-06, 1.3732764044925982e-06, 3.6107243874490126e-06, -2.2827406421529496e-06, 3.012356089833805e-06, 5.128962421006635e-07, -3.962639071124165e-07, 4.317325073006645e-07, 2.2218633377025932e-06, -1.3282812893794537e-06, 1.8521848352325855e-06]]
W3->P1
[[7.503254271366242e-07, -7.666110243363613e-07, 6.282024481096851e-07, 3.518912396256853e-06, -3.5692851236916577e-06, 2.9417463340614784e-06, 1.5589127140874648e-06, -1.5981370496650952e-06, 1.29977836739843e-06, 3.1870411106115485e-06, -3.2382759231150017e-06, 2.6597538107137573e-06, 1.6879767806046378e-06, -1.7211332294640395e-06, 1.4097258515171321e-06, 2.546021686293211e-06, -2.57817919314623e-06, 2.1313311041270003e-06, 1.8183309576296417e-06, -1.8424766318762452e-06, 1.5240061208176918e-06, 1.7217367213327189e-06, -1.7472295356965358e-06, 1.4405099392136733e-06, 1.8850007472495323e-06, -1.9120438865144025e-06, 1.5746368575738035e-06, 9.285661717038097e-07, -9.433695220715422e-07, 7.763559483079725e-07, 1.878351405514802e-06, -1.8939985220953538e-06, 1.573239502236695e-06, 4.3542892692135993e-07, -4.3633183812838424e-07, 3.6859127591738005e-07, 1.7116094558812494e-06, -1.7216056368294361e-06, 1.4348378234668472e-06, 1.1786124307159782e-07, -1.1585734370099842e-07, 1.0182934339772806e-07, 1.175654522351834e-06, -1.1832028497743806e-06, 9.8453044809254e-07]]
W3->P3
[[1.8995664184262697e-06, -1.5859607211505074e-06, 1.5418815813172911e-06, 5.471917370980797e-06, -4.128019320632195e-06, 4.547453299950512e-06, 3.619814603259115e-06, -2.937838666906561e-06, 2.972380638838332e-06, 4.946138458276379e-06, -3.73408286024177e-06, 4.11065107921097e-06, 3.544917558968148e-06, -2.8956026994922566e-06, 2.8877799902590504e-06, 4.0647903547562556e-06, -3.1204373140308107e-06, 3.360520175977831e-06, 3.1293073290262246e-06, -2.419874398823511e-06, 2.5938559232109355e-06, 2.8087750704875023e-06, -2.1526107057822613e-06, 2.3301878122421383e-06, 2.7778571480298927e-06, -2.1052617774288195e-06, 2.29678485070264e-06, 1.7342477708930509e-06, -1.3971617332425485e-06, 1.4108108696276385e-06, 2.3079720179783758e-06, -1.6221720340411977e-06, 1.941071627848134e-06, 8.677469155817132e-07, -6.873093572490723e-07, 7.11389647077781e-07, 1.860665102596285e-06, -1.2751996260530797e-06, 1.5597508988906503e-06, 3.4408168467770917e-07, -3.1964199961163547e-07, 2.5725059796736054e-07, 1.1067212685255128e-06, -7.030121017108786e-07, 9.425463683746872e-07]]
P5->W3
[[0.0003021099150911282, -0.0004353617338036571, 0.00016297289129368287, -0.000430020039381988, 0.0006184084320806283, -0.00023152106520627232, 0.00014063868826109672, -0.00020302827733566508, 7.554711363028792e-05, -0.0003014936252505854, 0.00043367086387966093, -0.00016313438843142827, 0.0005044455039071331, -0.0007267518155531393, 0.0002715499711955172, -0.00014063865592516827, 0.00020193342986490358, -7.529083625930897e-05, -0.00021367171925854882, 0.00030722206356852106, -0.00011473122736329316, -6.106983047804973e-05, 8.773634545187198e-05, -3.335819736807381e-05, 0.00010088402489031075, -0.00014544128252460205, 5.388573452511055e-05, 0.0002447688975333857, -0.00035278659411964547, 0.00013248020429247747, -0.00045328096759868366, 0.0006523504468220162, -0.00024383540608999274, 0.000240057751996673, -0.00034560716095231013, 0.00012856841785452195, -7.267575121797663e-06, 1.0560371559936446e-05, -5.067813980100156e-06, 0.00027799665727591926, -0.00040056585765318927, 0.00015076798895112062, -0.0005461033213922171, 0.0007859011766604337, -0.0002927833570065338]]
P1->W3
[[7.517738576673384e-07, -7.68128648457917e-07, 6.299567820018154e-07, 3.511884692414862e-06, -3.5569148057740873e-06, 2.931970391480343e-06, 1.545760021176517e-06, -1.5794127212184688e-06, 1.297087781351568e-06, 3.170151203563125e-06, -3.213393949252101e-06, 2.647340055547803e-06, 1.6860727823310753e-06, -1.719024120223279e-06, 1.4099086165377278e-06, 2.5542299424982464e-06, -2.590028337580809e-06, 2.1315593080197454e-06, 1.8267062921029647e-06, -1.8554647528600212e-06, 1.5274657501191973e-06, 1.7194609130613716e-06, -1.7450799465161456e-06, 1.4384192368178526e-06, 1.8777269365228615e-06, -1.9022417132168792e-06, 1.567702485154256e-06, 9.321802903232996e-07, -9.495609361579257e-07, 7.78045134645852e-07, 1.8930975870522176e-06, -1.9154241824017818e-06, 1.5766090243796556e-06, 4.5738759818634965e-07, -4.691277861516855e-07, 3.8262560912127864e-07, 1.7253795830707905e-06, -1.7409799535448613e-06, 1.437947655799889e-06, 1.2611778340467332e-07, -1.2736145949198222e-07, 1.0650694084626143e-07, 1.175477756936831e-06, -1.1814564341798437e-06, 9.785929034690257e-07]]
P4->W3
[[3.5666999145420363e-06, -2.903092267169203e-06, 2.943079234717718e-06, 1.0713020055358721e-05, -7.885218084381584e-06, 8.863914444435412e-06, 7.014307236650002e-06, -5.6709687354887086e-06, 5.789771163331078e-06, 9.692487925288231e-06, -7.147156563662706e-06, 8.023205265708598e-06, 6.668893995228068e-06, -5.253761987648405e-06, 5.515930736527068e-06, 7.839629263518782e-06, -5.795713953653802e-06, 6.4960568513943716e-06, 6.10616785573657e-06, -4.631177222506702e-06, 5.058791133926953e-06, 5.486989854115638e-06, -4.1140258943714596e-06, 4.548890748141269e-06, 5.35134303736222e-06, -3.877238317246688e-06, 4.442515999576595e-06, 3.2448484663367952e-06, -2.4935294040003645e-06, 2.696255691548879e-06, 4.600027294962521e-06, -3.142720949068038e-06, 3.826697248966772e-06, 1.6635539529626124e-06, -1.2919929885400691e-06, 1.38643192628454e-06, 3.6383975989695335e-06, -2.3227649142423167e-06, 3.0309224659768824e-06, 5.158826910123005e-07, -4.0133537406663626e-07, 4.346301936410679e-07, 2.2289291444051717e-06, -1.3377561643279323e-06, 1.8569254470166601e-06]]
P1->P4
[[4.475350894846484e-05, -3.979109460183823e-08, 5.549880802421984e-08, 8.05650354622948e-05, -3.294116486555394e-07, 2.6728847011036084e-07, 5.756248487218764e-05, 6.533521806603387e-09, 3.4006963407624587e-08, 2.7843881660966905e-05, -1.4007850400837617e-07, 1.0702706624264718e-07, 1.1312775852255394e-06, 1.2841081392857118e-07, -8.766580873856124e-08, -1.642137494420544e-05, 5.0711614529512457e-08, -5.026746998554016e-08, -2.2418260812766483e-05, 1.6535604541267137e-07, -1.2852988147213917e-07, -1.9207168226883125e-05, 1.634420927350948e-07, -1.2631318471159741e-07, -1.1247837413970967e-05, 9.173717375846577e-08, -7.747214806521534e-08, -2.8342963577048796e-06, 1.4654397346047705e-07, -1.0953100603747898e-07, 2.7848638927513404e-06, -6.959229184580838e-08, 3.533979733996986e-08, 5.245705638596057e-06, 5.5983859180912247e-08, -4.103337649463132e-08, 4.6380539465594425e-06, -1.6952442729854946e-07, 1.0813575713836533e-07, 3.1031327766363224e-06, 1.901260555809524e-08, -1.2764485873951406e-08, 1.083081799445104e-06, -1.484398180335347e-07, 9.607068040961837e-08]]
P1->P5
[[-2.9396027513628224e-06, -1.0640476384032229e-08, 1.7156698414382564e-09, -5.146492725021545e-06, -3.9701184604360647e-08, 8.144253927973255e-09, -3.3836400293388974e-06, -1.842335809502539e-08, 5.09274913139939e-09, -1.3164596664873426e-06, -3.957110962350365e-08, 1.0604908611425287e-08, 2.0533045606142255e-07, 2.472172947154964e-10, -7.9379764559098e-09, 9.598804801973145e-07, -2.0596739355640374e-08, 9.261674249643385e-11, 1.0000977257370483e-06, -2.5216754280809376e-08, 7.252269393154338e-09, 6.517811708231456e-07, 1.754142465413711e-08, -1.2817809104834065e-08, 2.798440152448747e-07, 2.488900410556052e-08, -1.6555131885590063e-08, 4.537978249520037e-08, -9.7107434861414e-09, 5.085079120397284e-09, -5.716103234947236e-08, -2.2092722288321282e-08, 9.079916841627872e-09, -1.1254774896524703e-07, 2.4050158911163692e-08, -9.95694258822531e-09, -5.60526857689734e-08, -1.1384351332769227e-08, 5.835292910268396e-09, -4.350892376867992e-08, 1.2235226844869995e-08, -2.2044904022091048e-09, -1.040099183312569e-08, 6.428008480167296e-09, -5.329461681019649e-09]]
