==============================
B7_Energy_1
P3->P4
[[5.309415515746531e-05, -8.81861733144491e-08, 5.517805121325305e-08, 8.453499781763654e-05, 6.538612910803526e-08, -1.34067749379892e-08, 5.683329206034302e-05, -1.3355444386867112e-07, 5.515729070785696e-08, 9.39286592169101e-06, 1.0173464991939778e-07, -6.598918692936837e-08, -1.6096661497234637e-05, -1.5793068928913336e-08, -7.73104309966977e-09, -3.231969909801702e-05, 1.1356805656847763e-07, -5.8272751465214395e-08, -2.556998909817936e-05, 9.482992051277597e-09, -4.7676458085332544e-09, -1.254280440028181e-05, -4.278458545558493e-08, 2.1820295739951916e-08, -8.574451061899645e-07, -1.9651034507181666e-08, 1.265771466295807e-08, 9.364895079034615e-06, -6.370270283787205e-08, 3.20134028672293e-08, 5.892359805450694e-06, 1.1333845570055008e-07, -5.302617314588465e-08, 7.744038224999921e-06, -4.2507433948489085e-08, 1.6839764737272275e-08, -1.6119607916021898e-06, 8.851364697209611e-08, -4.2906980566449924e-08, 1.2105472854748314e-06, -7.305085767089481e-08, 3.263861824735656e-08, -4.336208499290962e-06, 1.0563047697006752e-07, -4.943019381253614e-08]]
P3->P5
[[-2.8725969755193633e-06, 1.1059497888718118e-08, -6.894178857985156e-09, -4.808191371184308e-06, -7.8884456542449e-09, 3.7081258990955397e-09, -2.831786075728928e-06, 1.7924368210260983e-09, 4.811960417732909e-10, -5.242739883091297e-07, -2.982501119731718e-08, 1.5806966720666457e-08, 8.778453024338773e-07, -7.554198671682289e-09, 1.848667770557609e-09, 1.333619975358153e-06, 1.8203830213766826e-09, -2.4308687172765864e-09, 9.703387661613243e-07, 2.628474408432154e-08, -1.3673327082692655e-08, 4.084651562243599e-07, 2.2589245401579336e-08, -1.2591272103435502e-08, -1.9962266088724083e-09, 2.3187343762652034e-09, -3.387850034037811e-09, -2.159210078923139e-07, -1.902490282699225e-09, 4.508518347496567e-10, -1.540861758083e-07, -2.715802052702697e-08, 1.6413589224381816e-08, -1.2336611666823016e-07, -2.636114358908867e-08, 1.4490189546947767e-08, 2.525821536007203e-08, -5.293441237154798e-08, 2.3980558435239932e-08, -5.068405498879854e-09, -2.245554298878067e-08, 6.759144273561082e-09, 5.282162165646525e-08, -1.8062415097255846e-08, 7.534628490147773e-09]]
P3->W3
[[1.2140704295349554e-06, -1.0563044576419956e-06, 9.83234526322262e-07, 3.1838761585405555e-06, -2.415620009910603e-06, 2.6473818339024047e-06, 2.2693872573797326e-06, -1.8975366708946155e-06, 1.8591517395084814e-06, 2.8721554592585705e-06, -2.1694959370566734e-06, 2.390480836125111e-06, 2.1979977797150687e-06, -1.8452748880485116e-06, 1.7917101431918155e-06, 2.386343616679622e-06, -1.8437566229420216e-06, 1.9768147382354275e-06, 1.8809973357577642e-06, -1.4754659618023632e-06, 1.5573884032186718e-06, 1.694981901303291e-06, -1.324162905762774e-06, 1.4015621282015889e-06, 1.6536874943122848e-06, -1.2763278211277622e-06, 1.3667651416736553e-06, 1.1078602706946885e-06, -9.320240390252856e-07, 9.046855880881423e-07, 1.3126564162084023e-06, -9.141451659040854e-07, 1.1113810830759485e-06, 6.086457156102682e-07, -5.286977214002303e-07, 4.948140864677174e-07, 1.0534252970521822e-06, -7.299991523494116e-07, 8.802542370126429e-07, 2.7879140324170274e-07, -2.9100900545202353e-07, 2.098834960682298e-07, 5.54784460348785e-07, -3.1199067561084013e-07, 4.794921308198256e-07]]
P4->P5
[[-3.010767330025521e-06, 6.479430510455168e-08, -3.218914774176268e-08, -4.872866744551612e-06, -4.930328526446048e-08, 2.7097326317740434e-08, -2.7701911092022833e-06, 1.0500567010472972e-07, -5.307984701239345e-08, -1.9812915804128442e-07, -6.707534489538393e-08, 3.439974059108552e-08, 1.1331287358095187e-06, 3.6712631350910746e-08, -1.7904978224908185e-08, 1.5060735228047922e-06, -6.257160151863705e-08, 3.2592873338772034e-08, 9.526936691109362e-07, -2.6050415243271067e-08, 1.0055398533494006e-08, 2.9054456552267475e-07, -2.4956521664935186e-08, 6.744968426838203e-09, -1.2896681338362522e-07, -2.022491571691133e-08, 5.637717602309289e-09, -3.4421749805628753e-07, 7.103180092523799e-08, -3.939596900291677e-08, -1.6305282992739545e-07, -2.7837036188194443e-08, 1.3449451230113337e-08, -1.6577972840593957e-07, 7.834571694837293e-08, -3.7641599023205435e-08, 6.596665347684345e-08, -5.315825643150455e-08, 3.1307135691711156e-08, -1.7284901861109656e-08, 3.320957426848891e-08, -1.822088947071875e-08, 1.2032784363044874e-07, -1.0119105934351723e-07, 4.867433145335122e-08]]
P1->P3
[[2.961688109775046e-07, 2.589091240140019e-09, -1.1576491267978698e-09, 4.7358773882507674e-07, 3.06311332373712e-08, -5.228808208505851e-09, 2.9482685779884226e-07, -5.959578478553828e-09, -2.5237115910187954e-09, 2.802557396783766e-08, 6.465170157771711e-09, -1.6579830618608233e-09, -1.1730735709284753e-07, -2.208320858335016e-08, 4.9356024758714875e-09, -1.8963167856763586e-07, -1.0203742510388823e-08, 7.396657610199876e-09, -1.4067961634347366e-07, -1.4565818228515814e-08, 8.470691555725551e-09, -6.276218209838979e-08, -5.6288610813260965e-09, 5.262925702206859e-09, -2.8819076449774024e-09, 1.0143403472820503e-08, -5.873446034460759e-10, 3.9001221449220265e-08, 7.94837021608016e-09, -4.563522720191691e-09, 2.01528950433864e-08, 2.3079715574362405e-08, -6.797599943335334e-09, 3.302458520505642e-08, -9.120204293640342e-09, -6.296752710027913e-10, 9.636885619736126e-10, -3.4479231520003514e-09, 3.317772147672688e-09, 1.6290760716917182e-08, -2.527860090755333e-08, 6.1284591625361615e-09, -1.387370144958767e-08, 5.2267487646084526e-09, 1.045190070788673e-09]]
W3->P5
[[-0.0003429225069021938, 0.0004943724545080354, -0.00018683964569192148, 0.00044173697521349874, -0.000637780335026645, 0.00024187335250197266, -0.00013878899506215934, 0.00020054791262613165, -7.80220458002384e-05, 0.00036238467673744776, -0.0005231501850700034, 0.00019809503810500634, -0.0005424431836983497, 0.0007818633165260128, -0.00029509330401990866, 0.000113023183198659, -0.00016342379594111678, 6.22758533155009e-05, 0.00020295255058972608, -0.00029246238808274065, 0.0001092900397948526, 9.077216880823203e-05, -0.00013091639047612557, 4.8890464909338004e-05, -9.212366917949902e-05, 0.00013236949673213385, -4.911434308089749e-05, -0.0003203034773635735, 0.00046191227767554947, -0.0001748174590450596, 0.000466851678256382, -0.0006734054975826043, 0.00025451411239252065, -0.00019790571791058415, 0.0002855491431554852, -0.00010866472060598481, 8.987247705569189e-05, -0.00013015081461100115, 5.038124136530586e-05, -0.00038183292611853323, 0.0005510625171890137, -0.00020941070478703672, 0.00047145182977578943, -0.0006798704033961641, 0.0002568526143758685]]
W3->P4
[[2.279634162464126e-06, -1.892262503947344e-06, 1.8805592534486498e-06, 6.840924695608557e-06, -5.266347122964099e-06, 5.668651997351787e-06, 4.470902086104036e-06, -3.6795621517046072e-06, 3.6956246332371355e-06, 6.19748217674737e-06, -4.773083622673051e-06, 5.138780913769654e-06, 4.281248533425219e-06, -3.4636448980963316e-06, 3.541753717106689e-06, 5.0270628287209495e-06, -3.876835539213735e-06, 4.171519671871096e-06, 3.908733131467951e-06, -3.059194457015122e-06, 3.2466696846953483e-06, 3.5223869557213343e-06, -2.734032619699107e-06, 2.927958253334809e-06, 3.4599215632302296e-06, -2.630874281333887e-06, 2.8765795227136635e-06, 2.128155417989534e-06, -1.6916322327092682e-06, 1.7682036729578166e-06, 2.9962029369128354e-06, -2.1916637525457665e-06, 2.496793217403337e-06, 1.1247023376027848e-06, -9.070815514125645e-07, 9.349968891373016e-07, 2.391910292844685e-06, -1.6879886682801027e-06, 1.990417567008112e-06, 3.8276713983121204e-07, -3.2206590440885956e-07, 3.1498354764408653e-07, 1.4465879518659521e-06, -9.734355625157206e-07, 1.2064073632869277e-06]]
W3->P1
[[4.424976720891946e-07, -4.603139868931287e-07, 3.667445424227795e-07, 1.7725590624859207e-06, -1.7981585914505036e-06, 1.4802577239667033e-06, 8.865365631143296e-07, -9.156163083202228e-07, 7.380164958924964e-07, 1.6109830667605283e-06, -1.6370586067263622e-06, 1.3444239514468346e-06, 9.477847658083792e-07, -9.814538955752383e-07, 7.856233971231926e-07, 1.3161053539957635e-06, -1.3420829853528306e-06, 1.0963546599058509e-06, 9.687444318510488e-07, -9.907899591737027e-07, 8.070873621796948e-07, 9.098451186778646e-07, -9.317643689049513e-07, 7.57059467186811e-07, 9.710171363114464e-07, -9.931828628522225e-07, 8.073629497428058e-07, 5.24814232629937e-07, -5.44055507104349e-07, 4.352798977886426e-07, 9.223686555599222e-07, -9.29792793781857e-07, 7.721647678076643e-07, 2.648830161842501e-07, -2.744385631116937e-07, 2.2046823218207077e-07, 8.199586231491664e-07, -8.258944085178453e-07, 6.853300361689133e-07, 8.611725338321709e-08, -9.18782810745833e-08, 7.204931647810901e-08, 5.311712777389102e-07, -5.271832404438082e-07, 4.4752764162559355e-07]]
W3->P3
[[1.1892241608978417e-06, -1.017528072105185e-06, 9.716582070438586e-07, 3.1348511523469283e-06, -2.3451814428729643e-06, 2.604284831294797e-06, 2.2425163037343882e-06, -1.8563533075531115e-06, 1.8489071319613976e-06, 2.8490009763894377e-06, -2.1381981566169633e-06, 2.367877770971394e-06, 2.183804243214429e-06, -1.8225407436756488e-06, 1.7898773748834743e-06, 2.3712803058582965e-06, -1.8219702562680984e-06, 1.96390988299944e-06, 1.8671064375120442e-06, -1.4548322222834725e-06, 1.5501020273703637e-06, 1.674851035465354e-06, -1.2948419166172408e-06, 1.3909857531559273e-06, 1.6297749433346702e-06, -1.2411245668933955e-06, 1.3504936837207538e-06, 1.0904420993133885e-06, -9.032474032394704e-07, 8.955973637012737e-07, 1.2905171141680994e-06, -8.820180887665118e-07, 1.0828873047003613e-06, 5.743770659302919e-07, -4.771115632733093e-07, 4.7171033157718785e-07, 9.983305077011365e-07, -6.521324631664053e-07, 8.351680332402743e-07, 2.3305820383226037e-07, -2.226729862932223e-07, 1.875217715323305e-07, 5.309749273009534e-07, -2.7905945261937186e-07, 4.564643581119938e-07]]
P5->W3
[[-0.0003429441593810748, 0.0004944007775996683, -0.00018684718932574388, 0.00044175688415886246, -0.0006378070298572588, 0.00024187590511414657, -0.0001388003052991214, 0.00020055667539075988, -7.802123172460531e-05, 0.00036234569877086, -0.0005230941018998711, 0.00019806442445844422, -0.0005424715354798547, 0.000781904518291279, -0.0002951056005000686, 0.00011305997854390255, -0.0001634797184236103, 6.229246377842917e-05, 0.00020293626580074556, -0.0002924462292987188, 0.00010928413291815221, 9.077354330318241e-05, -0.00013091485385253288, 4.8884586019363185e-05, -9.213235754524327e-05, 0.00013237269791756894, -4.913032469730395e-05, -0.0003203729753695181, 0.00046201495162283973, -0.00017485925488110502, 0.00046686610323926016, -0.000673432203796699, 0.000254514875711836, -0.00019796640864405687, 0.0002856419770981815, -0.00010869476512478769, 8.991223663178622e-05, -0.00013021234174261947, 5.039975417072944e-05, -0.000381818617388725, 0.0005510481213762857, -0.00020939097957174357, 0.00047150732571174276, -0.0006799492988948707, 0.00025688259667078797]]
P1->W3
[[4.4930234542914386e-07, -4.710939728805168e-07, 3.6992722372470097e-07, 1.7925481281599989e-06, -1.826869046531407e-06, 1.5007629567988848e-06, 8.951550239866261e-07, -9.299524966363944e-07, 7.417685808167386e-07, 1.620959046718609e-06, -1.6516967695821008e-06, 1.3573381389052573e-06, 9.454143834244944e-07, -9.797960360787545e-07, 7.838196926403608e-07, 1.3110171355987096e-06, -1.335538877833778e-06, 1.0979775963220825e-06, 9.590939371124667e-07, -9.781447530443064e-07, 8.02969263909922e-07, 9.025969174839255e-07, -9.221505364997293e-07, 7.542991060765776e-07, 9.663787529646166e-07, -9.864491185074675e-07, 8.075192067309136e-07, 5.155149782245165e-07, -5.308642144500187e-07, 4.289013923931373e-07, 9.167734802933393e-07, -9.204366091634941e-07, 7.745214295630154e-07, 2.602638011404546e-07, -2.6747781810992887e-07, 2.1716164055665628e-07, 8.289572718690995e-07, -8.368659118935115e-07, 6.97086078771782e-07, 9.50678622536998e-08, -1.0413669804651458e-07, 7.571310348663017e-08, 5.416389429485064e-07, -5.407407007066898e-07, 4.5855495389341166e-07]]
P4->W3
[[2.2323688929322832e-06, -1.8245177277210886e-06, 1.848215473197674e-06, 6.834378109457973e-06, -5.256754270908566e-06, 5.659738632062542e-06, 4.426783011349773e-06, -3.6170592794509924e-06, 3.66066639815102e-06, 6.2193168599075545e-06, -4.805185658500551e-06, 5.149370490874817e-06, 4.253552976611397e-06, -3.425033307649864e-06, 3.523938923917501e-06, 5.051338097771942e-06, -3.911922213955099e-06, 4.188055482382154e-06, 3.936344251836907e-06, -3.098311875894933e-06, 3.2634368725555192e-06, 3.545397524295962e-06, -2.7657483347456717e-06, 2.941827942199866e-06, 3.4625299490802432e-06, -2.632842978693085e-06, 2.8789140070992703e-06, 2.0836694589106947e-06, -1.6263728985303743e-06, 1.7392679396098253e-06, 2.9956749161426556e-06, -2.1897367844828156e-06, 2.493797427746449e-06, 1.0799197350726891e-06, -8.427911530400105e-07, 9.028836473363613e-07, 2.3852664772141707e-06, -1.6785508457283395e-06, 1.9863880594773464e-06, 3.2375766170082873e-07, -2.3802491580699095e-07, 2.7899965816718797e-07, 1.4574152518901018e-06, -9.890040420361444e-07, 1.214826329362144e-06]]
P1->P4
[[4.183213013800652e-05, -8.74673386204121e-08, 7.621084767499307e-08, 7.816506099428297e-05, -3.654934780348111e-07, 2.9466247116126034e-07, 5.552380596290743e-05, -2.8582328778983782e-08, 4.791971958219151e-08, 3.063309522095124e-05, -9.833856550233993e-08, 9.820548343605166e-08, 4.006362082579691e-06, 1.6521849950199593e-07, -1.0321586908847653e-07, -1.2379492467988257e-05, 1.0883708849849257e-07, -7.204018463620049e-08, -2.045127432502656e-05, 1.9248403701106026e-07, -1.45090734840479e-07, -1.9059262877549107e-05, 1.62215752355363e-07, -1.328208678207739e-07, -1.2191540402236412e-05, 7.242374737525311e-08, -7.429519499924428e-08, -5.286533523152384e-06, 1.0551880452779601e-07, -1.0239155385742918e-07, 1.9042594313122867e-06, -7.079753769244378e-08, 3.02234266407388e-08, 3.5991433241999375e-06, 4.816351087338393e-08, -5.0227980653856534e-08, 5.4580662497973606e-06, -1.4024172648162492e-07, 9.724682384851194e-08, 2.7875250779102235e-06, 1.2057501444216792e-08, -1.0177882154033127e-08, 2.3818626853977985e-06, -1.3129706202093355e-07, 9.711091732075113e-08]]
P1->P5
[[-2.458361575985693e-06, 1.6476404573526585e-08, -9.276207545801356e-09, -4.393748716467437e-06, -1.0340490476509633e-08, -3.5663530283311352e-09, -3.0237682590515397e-06, 3.774057010599651e-08, -2.091571619205211e-08, -1.3796325547418755e-06, -4.039466288737961e-08, 1.2193273428151883e-08, -4.698344978214322e-08, -1.664785582963839e-08, 4.601546233335078e-09, 6.610591889708835e-07, -2.2182086965313297e-08, 6.635564510703893e-09, 7.910181120785385e-07, 3.622051541472365e-08, -1.681140642244598e-08, 5.953834370153416e-07, 4.558774698309077e-08, -2.0611385275056243e-08, 3.081159454930738e-07, 3.167938152433775e-08, -1.6010992166570718e-08, 1.1642444753995394e-07, -1.084636319418545e-08, 9.558871945073858e-09, -2.15002581287905e-09, -6.369759628685222e-08, 3.289160251539045e-08, -4.778729991567426e-08, -2.8187744372048444e-08, 1.7341279390776042e-08, -7.977670013877361e-08, -1.4626450824643153e-08, 3.0800764196681047e-09, -5.5131591961360305e-08, 2.7623916698283906e-08, -1.240273230875114e-08, -3.249933760661079e-08, -4.221104287659298e-09, -7.742491828493266e-10]]
