==============================
colrel_FactorOne
P3->P4
[[-0.35319686636800296, 0.15847371273605945, -0.06661539791854897, 0.4036415746910153, -0.10682291355269936, 0.07958290762158945, 0.0353504632225539, -0.11190946815525094, -0.018632415986919473, -0.06609544742246655, -0.03173585133491509, 0.029671705757634018, -0.06143525773310953, 0.13761703367656605, -0.01837162648841039, 0.00807349910698947, 0.034033127851380726, -0.031083884181261984, 0.04970563943156204, -0.10052820191172904, 0.014744801021411983, 0.026857315560538858, -0.056316237960862554, 0.039576981908667534, -0.03950808478862979, 0.07229603241108828, -0.014621627956086316, -0.05043135225342144, 0.07958854607521332, -0.0465074434013864, 0.06711315582387381, -0.1050062689374306, 0.03905628972989846, -0.002377116138220778, 0.0018116505156058184, 0.0035484560701334288, -0.00245663762492417, 0.0066184313507100774, 0.0034704012771502907, -0.04648975265986844, 0.0681571455080235, -0.03505441005622112, 0.04367824400305579, -0.0650702541642984, 0.02765818096228059]]
P3->P5
[[-0.004499134562101398, 0.004860397137552538, -0.003752163339261288, 0.005845821208927551, -0.006327371212728556, 0.004875354455448238, -0.0013545639565486181, 0.0014324884631844266, -0.0011360905466270093, -0.000356211537203361, 0.000389779644666241, -0.0002921069994612369, -8.960768353689962e-06, -3.351211373535944e-06, -6.317242885512744e-06, -8.178733125903595e-07, -4.262413640518278e-06, -2.379499769563887e-06, 2.055700955865457e-06, -4.328652310232744e-06, 3.906594612854479e-06, 2.2333830007523484e-05, -3.518217407997297e-05, 1.7168289403624416e-05, -1.8892555966395007e-05, 3.107801791127285e-05, -1.1201557507819586e-05, 4.576452165359861e-05, -6.664930394075236e-05, 3.602518979195689e-05, -5.523730426969244e-06, 1.1303053253215895e-05, -1.769027148547172e-06, 2.0552452238696543e-05, -2.6309893959910033e-05, 1.591741592421523e-05, -1.7464791879734885e-05, 2.3547928174573882e-05, -1.3448111175739492e-05, 4.254269374656492e-06, -3.9141080514017266e-06, 6.497840806138658e-06, -2.3223804323703382e-05, 3.155015361341559e-05, -1.951983975316889e-05]]
P3->W3
[[0.2198359489589474, -0.010249927300034364, 0.011311499441452027, 0.30543564047907634, 0.13547012839599296, -0.0005254791881661372, 0.20126469636150798, -0.19290785170905117, 0.040656143203683215, -0.11244481847573838, -0.03131559894029083, -0.10484755364138675, 0.07394054247042739, -0.3553739718724107, 0.0973074249379968, 0.06413182749406049, -0.1874891920174482, 0.10881455218004893, 0.03285065157009187, -0.026009056934802745, 0.08934117880191945, -0.08402979683074997, 0.19775114008971786, -0.026447695556131388, -0.13532931750263127, 0.26230989834537727, -0.09828778228938896, -0.021042680219205644, 0.03540619411866819, -0.015233861529377755, 0.004392699557929476, -0.006142440259952015, -0.010267626174811782, 0.10216714171492614, -0.1798566281858281, 0.08573503143171936, -0.016669018834745742, 0.035463850424042126, -0.019206337887751015, 0.017005675101073786, -0.03455346672643455, 0.023212055097057514, -0.06893258635134063, 0.12242415715562746, -0.06237785513270132]]
P4->P5
[[-0.004991321291976405, 0.005398450326453357, -0.004158811082831869, 0.006633320743655273, -0.007178916269774274, 0.00552771002237659, -0.0014286127717315774, 0.0015395653467153083, -0.0011926149765194018, -0.00029391259764316414, 0.0003096857865188083, -0.00024427934075089725, 2.3652210032575286e-05, -2.9641959961548332e-05, 2.004380266181925e-05, 2.3015918176258856e-05, -2.7548274623103688e-05, 1.8653083340571846e-05, 3.355403932219377e-05, -4.1563880617205304e-05, 2.8682556377849643e-05, 1.3908934508773594e-05, -1.801131350189078e-05, 1.0546010236292063e-05, 2.893506185666786e-05, -4.1339348385444854e-05, 2.0247246877273098e-05, 1.3410955824244713e-05, -1.5745983408917473e-05, 1.4052079130455274e-05, 8.513019497656337e-06, -1.2978092552781262e-05, 5.300266388644987e-06, 3.388512617536066e-05, -4.396126603896062e-05, 2.6860648723573558e-05, -5.910343254207974e-07, -2.1775516279455527e-06, 1.509145484488948e-06, 1.4622127623135023e-05, -1.8389318564529014e-05, 1.0869495060971317e-05, 1.7638091962791724e-05, -2.6429629183532258e-05, 1.1008128794309318e-05]]
P1->P3
[[0.14217365588298259, -0.09262499898288276, 0.09358048718562097, -0.23312168067376318, 0.15009134155634551, -0.14804740076746434, 0.11861544380733607, -0.07334924063944206, 0.06449464823291667, -0.021188596648880682, 0.01244389485266553, -0.0011760489259089136, -0.013612523373827293, 0.004637507503902665, -0.013340120785355172, 0.005492612843975692, 0.0026566489777846126, 0.002194437743448777, 0.005194133932391738, -0.006945063992575121, 0.004601988791906048, -0.004814154211421559, 0.004187759734023304, -0.0027726406939927958, 0.001096522107352496, -0.0011898967764938987, 0.0004942454579081887, 0.00045943853771302504, -0.00019735256929945334, -4.494909843100565e-06, -0.0002829424557976834, 0.0003935701147636519, -0.00012331163058092287, -0.0008553870731590403, 0.001199165978038607, -0.00031532130683142813, 0.002099929167497497, -0.00322497000659493, 0.0012627249239817882, -0.0019435106667097916, 0.0029413770222826313, -0.0013549980791278044, 0.0005886248757385302, -0.0008040182897478113, 0.00045617277903528005]]
W3->P5
[[6.364020961638668, -2.9405885410283497, -0.42199182165177473, -4.795251129251286, 2.8903591554208568, 0.37653688899110443, -1.1552435367771832, 0.6913176702958685, -0.31288788935251827, 1.11947218052166, -2.106524448748548, 0.6946362817674142, 0.15926316632569879, -0.4661063299448969, 0.20168510027488404, -1.4114598965462104, 1.9454947579054407, -0.6329885859089462, 0.5951898822134168, -0.779722956893917, 0.2879652352124271, 0.36330659318795255, -0.4153642682843032, 0.15409060415457254, -0.6425757101824927, 0.989805848957907, -0.322570652192633, 0.40414358941364936, -0.5178105735924018, 0.20571325511625027, -0.10552517707105252, 0.1661979786188716, -0.05656809812584566, -0.0377730036508923, 0.0822050758950376, -0.045720709196869866, -0.14769942900204083, 0.18875714671601088, -0.07025502453489722, 0.43136205552113743, -0.6121015971749253, 0.20865004528697234, -0.46360094945363206, 0.6443464194301928, -0.241501311744838]]
W3->P4
[[0.19138241370413728, 0.04373391267177698, 0.03400829294006157, 0.2832469902949927, 0.06370863344442855, 0.01875303897888699, 0.11350706833175474, -0.08588297436796061, -0.028952349344848315, 0.02972690237574429, -0.1752278010667207, -0.032535308627857286, 0.04908781448061541, -0.23027038304532454, 0.032094924485993014, 0.05739830467981624, -0.15191912080014622, 0.06518470247538011, 0.02040481964798066, -0.04258776696160551, 0.06032828190670953, -0.028011158114091075, 0.054656499246161255, 0.03156204855708766, -0.05177799956852607, 0.09663745781557177, 0.005667486236617137, -0.04765388861475327, 0.07634889065266787, -0.0064100063322244175, -0.03468526323222908, 0.06537667263168548, -0.021981393313036977, -0.015322375220926467, 0.020290419590899354, -0.01785880039437472, -0.006014525950690254, 0.02289902780206964, -0.021704010882285844, 0.002202401699406284, -0.005328480704932171, -0.00795478628986431, -0.0003650122655672337, 0.012828925480408777, -0.008777756862733853]]
W3->P1
[[0.42278797367220994, -0.05217318427543013, -0.06606334047822467, 0.06335021210427481, 0.0026360347704179896, 0.059995249896171055, 0.008345296638085892, -0.15150341235685022, 0.07608241808307957, -0.05883291406767644, -0.014647188669486812, 0.0006740681904744955, -0.016230983803316022, -0.03799125034247502, 0.01007791683040323, 0.0159220242040713, -0.011460014884530446, 0.008985134389275794, 0.04008977727791124, -0.030637549344456005, 0.023345489989450977, 0.032494943075251685, -0.02133251062218049, 0.02398795558428108, 0.010386729859718885, -0.0020840177405061456, 0.01635790297906154, 0.003361406337332967, -0.02208105278642634, 0.01925759260104711, -0.008830693144893704, 0.013006132595022408, 0.00237312249271188, 0.003457212984759884, -0.020082112000865862, 0.01043641551309928, -0.008542948009221271, 0.03174088161565959, -0.009984479191179245, 0.0022307684261490043, -0.004842351322347925, 0.0014030744940047505, -0.008849998459165528, 0.03341315246390979, -0.012179647154943875]]
W3->P3
[[0.21931703630556384, -0.00975627301188748, 0.011222795777959312, 0.3046101553677052, 0.1362035188829422, -0.0006534253226779712, 0.20031277723414945, -0.19198365653580932, 0.040485066311151424, -0.11312178192187372, -0.0306961877549057, -0.10496412637390831, 0.07326906918160107, -0.3547175353822616, 0.0971665361445403, 0.06369969818025023, -0.18708830895227677, 0.10871977249807287, 0.03247026248938408, -0.025619029789414174, 0.08923292646332477, -0.08427378723861828, 0.19800164547528773, -0.02652488073130441, -0.13548059487895422, 0.2624770583378059, -0.098354217483154, -0.02118302295389035, 0.03557563939651111, -0.015304366891426072, 0.0044332932862199345, -0.006191586676060381, -0.010279109202868876, 0.10209314078440025, -0.17975029695516068, 0.08568617849234829, -0.016536921783926857, 0.03530079788668036, -0.019179031937481775, 0.016959761503393535, -0.03448120790377341, 0.023179401264276065, -0.06883179985602218, 0.1222982174912729, -0.062357159113425716]]
P5->W3
[[6.364521869337508, -2.941056247849785, -0.42191558873987145, -4.794444549091209, 2.889650377994174, 0.37664969993089753, -1.1542999625247305, 0.6904028600265659, -0.3127221350874735, 1.1201409623132699, -2.107133091697147, 0.694744958841237, 0.15992085702946618, -0.46674265993986064, 0.20181274798345192, -1.4110028070565772, 1.945055004266695, -0.6328755037023659, 0.5955458907762854, -0.7800737879269539, 0.28805444112104606, 0.3635855758121098, -0.4156663220137633, 0.1541892712427005, -0.6424694595060313, 0.9897027556773348, -0.3225318426107848, 0.4042866272880242, -0.5179827139128348, 0.2057826167527868, -0.10556931824284257, 0.16625081804224365, -0.05655600618546663, -0.03776454214076337, 0.08219963073266201, -0.04571410225204773, -0.147770852503179, 0.18883011408365633, -0.07024261388732271, 0.4313445782715536, -0.6120776391074844, 0.20864031759282395, -0.4636668883219758, 0.6444215809054948, -0.24150125141139347]]
P1->W3
[[0.4233231062907, -0.05269001140033506, -0.0659603183445642, 0.06407880645840673, 0.002046168425177875, 0.06005019015585999, 0.009360079107287159, -0.15252169175101934, 0.07629895216544696, -0.05824542665081777, -0.015136257718614527, 0.0007294076255267708, -0.01546155786747593, -0.038790128947436546, 0.010287081429609862, 0.016301168996921692, -0.011785688196290646, 0.00904434914633448, 0.040484125366861426, -0.031045613455697153, 0.023463389708444294, 0.032752326510921144, -0.0216000975594943, 0.02407257035883965, 0.010469575166632734, -0.0021489799004006226, 0.01638034914167756, 0.0035595986657923346, -0.022333728928021736, 0.019365629861831372, -0.008949205462034551, 0.01316882743111446, 0.002333875916526668, 0.0036230140796649924, -0.02031967780029212, 0.010551685842979226, -0.008738979772367424, 0.0319985740680143, -0.01005952887256342, 0.002347881909787702, -0.005016360332497646, 0.0014885943979107963, -0.008994052725744252, 0.03360190567996841, -0.012235393517794232]]
P4->W3
[[0.19192267353582027, 0.0432069889169151, 0.034118307492749314, 0.28397842285200103, 0.06311904492904544, 0.018801820254537742, 0.11451436374243072, -0.08689290428314986, -0.028731802106897242, 0.030362286102000213, -0.17578367659220026, -0.03245719590787579, 0.049820481280226585, -0.23101781390491502, 0.032279528798611845, 0.05779095603623935, -0.15226381444093412, 0.06525380899078134, 0.020783478068245924, -0.04297380769924163, 0.06043190402393562, -0.027742369720631876, 0.05437055143941839, 0.031654263152903137, -0.051671031098788164, 0.09653748370374067, 0.005702988168629389, -0.047503681198684956, 0.07616180007273295, -0.006330325550279773, -0.03476688630686812, 0.0654908137910893, -0.02199781307411552, -0.015245629266510307, 0.020173966233026225, -0.01780533598268354, -0.006135184148348059, 0.02305024347637163, -0.02172699135680333, 0.0022457469070438093, -0.005398135716190638, -0.007920291348435894, -0.0004727715009049805, 0.012966666970645418, -0.008808512266655103]]
P1->P4
[[-0.10880047653395647, 0.028398991934765958, -0.07040997346077578, 0.14193370943157604, -0.021849028667865172, 0.08844998684490549, -0.019994386566780344, -0.02189813219738119, -0.007009016372396818, -0.022209170791230543, 0.01791917497427885, -0.016933846011652078, 0.00506323624192519, 0.0014987376050895093, 0.002532637928378308, 0.004919075870770012, -0.0035758916138175475, 0.0036859988387290504, -6.573752898307484e-05, -0.0015131972521556173, 0.00035621181090135507, -0.000729152308460866, 0.00021050412569257235, -0.0004729403017308754, -5.656570601241563e-05, 0.0004939801115820746, -0.0001345758037343897, 0.0001123908833226212, 0.00014525127253053817, 0.00010957013866411904, -1.720460760319252e-05, -5.78139925771413e-05, -2.4196242495061947e-05, -7.135103534294136e-05, 9.858434350218772e-05, -4.466747087900551e-05, -0.00021127359376909397, 0.0002757636340511124, -0.0002064600947547287, -0.00016720908776981044, 0.00019788902062404517, -8.85850271098632e-05, -0.00011626073816641507, 7.681483099193162e-05, -0.00012548661396210152]]
P1->P5
[[0.0027312472087173624, -0.002945191831741199, 0.0022748290014694356, -0.0022158481985241276, 0.0023625783827284598, -0.0018506404764152755, -0.0019400067040563594, 0.0019875166182691307, -0.0016447624589825622, -0.0007432831407266508, 0.0007911022602260542, -0.0006147479208829343, -0.00016714619600055258, 8.505539179706734e-05, -0.00016007550505238845, -0.00011551274148203993, 9.150186791243577e-05, -9.396600050628223e-05, -2.046411824579258e-05, -4.6369920245872976e-05, -2.8005002546327333e-05, -3.277290782964973e-06, -5.278624308874043e-05, -7.124739805835922e-06, 4.4594987570581844e-05, -9.132306738330882e-05, 3.473938885534183e-05, 4.368835968941728e-05, -9.739175267057432e-05, 3.286405743933233e-05, 7.37266623890751e-05, -8.670508288466101e-05, 6.754105373824071e-05, 7.568473543172098e-05, -0.00011909533049449624, 6.0117425327933945e-05, 3.462097775900553e-05, -4.4871278211917325e-06, 4.081151457971437e-05, 3.955389958745415e-05, -5.7946875156573834e-05, 3.2213836193348225e-05, 4.271290402827972e-06, 3.359000553894899e-05, 1.2426236802934613e-05]]
