==============================
W3_Energy_1
P3->P4
T_min:200.0 K    T_max:3000.0 K    P_min:0.0001 atm    P_max:10.0 atm
[[-26.12294464910969, -1.1712625806496963, 0.06921046793251531, 7.691598467009273, 1.3138319329835462, 0.0068398504684370216, 1.2159905153553625, 0.28741167608646256, -0.1698587432405882, 0.555648902734493, -0.495230337961729, 0.05424641448260067, 0.21303825018502795, -0.1633461779594192, 0.10736041580754745, -0.009940557218280636, 0.23759310580395088, -0.039904931955315394, -0.013227009072714622, 0.1404324542330227, -0.0789131852069029, 0.09557127142598226, -0.13949837822618108, 0.0314739663467395, 0.049241760374040884, -0.09501537443714293, 0.04968967750461574, -0.0636093392194963, 0.0865424149981834, -0.0230027072314163, -0.03321786306327329, 0.04847396526666677, -0.02666437644624474, 0.02235830998870165, -0.03345121757313591, 0.010192593729270514, 0.035220074153317585, -0.047168565470529035, 0.02030353981933229, -0.020394786816987684, 0.03360087407374228, -0.010250071660039974, -0.00881472178087037, 0.015429102442221586, -0.008532451660123055]]
P3->P5
T_min:200.0 K    T_max:3000.0 K    P_min:0.0001 atm    P_max:10.0 atm
[[-26.038465539404463, 0.002908948954787327, -0.0022480012548774567, 12.076283164053345, -0.00391111846937018, 0.0030111390833598714, 0.03009361079195809, 0.001116545673199165, -0.0008707732396622606, 0.044722457940384715, 0.0002104828993231738, -0.00016888798143015763, 0.04847378325833112, -2.8240227095203057e-06, -2.8253220480649837e-06, 0.035253438301525546, -3.1404643478800403e-06, -1.6867244711202224e-06, 0.02074714992804541, -2.299211913731905e-06, -2.0626639422934084e-06, 0.010569675708723103, 9.096903710186272e-07, -2.435212477833821e-06, 0.00486172939586796, -1.5630477335676746e-06, -5.24809531904505e-07, 0.0018752128553040097, -4.595240745261542e-06, 3.4229206665611365e-06, 0.0007892274152795514, -1.539728433616855e-06, 9.515433913196424e-07, 0.00017192874372838943, -3.98079299812206e-06, 3.441079685434385e-06, 0.00017131794922790744, 7.230362263532461e-07, -3.9320129168131267e-07, 4.829043956204764e-06, 9.386425066193405e-08, 6.08776342025496e-07, 9.835934519255986e-05, 2.063316595222306e-06, -1.388125597322058e-06]]
W3->P5
T_min:200.0 K    T_max:3000.0 K    P_min:0.0001 atm    P_max:10.0 atm
[[-6.267144029660364, 3.559305934818892, 1.083257372367067, 14.054478539674014, -1.2310379504915967, -0.9375219436866096, -0.667105313588727, 1.1202161451514594, -0.39265123038655636, 0.04359893963068276, 0.3410065890371286, -0.14717022378465935, 0.4633099698118458, -0.27184337571903167, 0.038323081996358116, 0.2955633678831896, -0.17130959305229823, 0.027748115734855597, 0.00608477542708137, 0.07123345261690207, -0.05446676480215536, 0.06279346060861304, -0.10421295047786235, 0.0036460280474517556, 0.09288750662476776, -0.18060801153299755, 0.03346162362006886, -0.022427584676987054, -0.04383049145005475, -0.011392929447061077, 0.025969752649083768, -0.0930205690113781, 0.037678363326653946, -0.0363757158241435, -0.017462633443372073, 0.011289864192225066, 0.019066632598219366, -0.051070191747778985, 0.04184653167352591, -0.047693867538707496, 0.03709927130376641, -0.005769466715563672, 0.051039863928284884, -0.06437652540140695, 0.0381807011962397]]
P1->P4
T_min:200.0 K    T_max:3000.0 K    P_min:0.0001 atm    P_max:10.0 atm
[[-16.19686758534254, 0.05693762992455148, -0.13848093449517068, 0.6996856975973947, -0.06744850414670135, 0.19447556523576506, 0.4582962533715665, -0.0033333004819396782, -0.049779463906293495, 0.1523988111125448, 0.020469249141129655, -0.018423947737411187, 0.1014957495756595, -0.002353363430345514, 0.009557342992420682, 0.10647469389561874, -0.004665182215807885, 0.004472462680648216, 0.07744116244470191, -0.00046787170772282335, -0.0015088498868574382, 0.03698908766471209, 0.0007058263617886034, -0.0009944446273346585, 0.009233374456018207, 0.0001559424814540089, 0.0004111089013212224, -0.004926027700265924, -0.00037218657550614116, 0.0005130532289897125, -0.005890845323414328, -6.687421452355475e-05, -7.071522732675913e-05, -0.00743219915759545, -9.772698048419858e-05, 1.395226220199425e-05, -0.002092902701714015, 0.000298810742755299, -0.00016251719596640734, -0.002441418233798657, 3.9927293407563144e-05, 3.0663839521344865e-05, 0.001503556353136651, 0.00025433121271582163, -0.00019060930705827708]]
P4->P5
T_min:200.0 K    T_max:3000.0 K    P_min:0.0001 atm    P_max:10.0 atm
[[-34.0081542666371, 0.003348317498918618, -0.002589566385538622, 19.581660856571364, -0.00454303189506585, 0.0035143234221658463, 0.16304985389873036, 0.0011217762965200252, -0.0008687356627839882, 0.12028908503441262, 0.00019202623244864834, -0.00014813542498918548, 0.08666525322423418, -2.4086633161006758e-05, 1.865689162800612e-05, 0.05220712785931786, -2.2803838970545564e-05, 1.7330669606261987e-05, 0.02714988980283076, -8.661092353317641e-06, 6.204522396146699e-06, 0.01261317684642253, -2.9804518612170097e-06, 1.7357061770144294e-06, 0.005453597505878974, 1.276347852249404e-06, -8.527599626290449e-07, 0.002080716551764484, -1.996256763695299e-06, 8.223077692406242e-07, 0.0010295339970447244, 4.117974873982773e-08, 3.644553304344898e-07, 0.0003373522171262003, -2.397515341738719e-06, 1.385504007800541e-06, 0.0003873263755754054, 7.31173571557262e-07, 2.5957363208605064e-07, 8.154048898685088e-05, -3.904084617776346e-07, 2.782143063498129e-07, 0.00019719426736931615, -1.0643668586748048e-07, 4.1178761951894765e-07]]
P5->W3
T_min:200.0 K    T_max:3000.0 K    P_min:0.0001 atm    P_max:10.0 atm
[[-19.121005834898913, 3.560986059358131, 1.0828986869195678, 2.093421648784645, -1.2283255169892648, -0.9380405857568164, -0.3750146168496025, 1.1231768714021895, -0.39329889264792, 0.2038252542547535, 0.34312838091697995, -0.14758640882273663, 0.5314270327568122, -0.26979675342450693, 0.03788316528052959, 0.3226729224745103, -0.16999135751914451, 0.02749735713825061, 0.016616017685271548, 0.07225305634619335, -0.05467735736075747, 0.06709405433507758, -0.10361364935873467, 0.00352363537180528, 0.0948982614073231, -0.18040933708557189, 0.03343793495582833, -0.021550060777595584, -0.04363469540530533, -0.011437389544170565, 0.026719839857484752, -0.09326250684718627, 0.03776625135635535, -0.036122669665217405, -0.01744928685012298, 0.011281969193280358, 0.01956891857889291, -0.05148308210947327, 0.041976059574192974, -0.04761165033331727, 0.037063816088849906, -0.005765656824438662, 0.051348506982380575, -0.06469878786731452, 0.038284821792820764]]
W3->P4
T_min:200.0 K    T_max:3000.0 K    P_min:0.0001 atm    P_max:10.0 atm
[[1.014997740552646, 0.5380701598207613, 0.09562277840444966, 3.4351578260224476, 0.9965664721835562, 0.08316871489153953, 0.024581114288256798, 0.7846298810822386, -0.16579727896487634, -0.14271812342101842, 0.43271415689555714, -0.21704143508808452, 0.20706490165861466, 0.0863434671542582, -0.1330700231900959, 0.2772288474620787, -0.15034547220891864, 0.0006445726905089942, 0.16304171666479647, -0.23107497973325755, 0.05408404439840755, 0.08958369415495093, -0.22394016212111464, 0.06563250776011363, 0.06163197383998609, -0.18203165380489897, 0.060400006049568765, 0.025090077378983944, -0.11709091942938173, 0.03517911093640618, 0.018080172170511898, -0.054444445992168904, 0.030809108615312993, -0.02214074842957801, 0.007133840482058988, 0.0023428004930190643, -0.006334489688617853, 0.026365267566476353, 0.011476189083757783, -0.02271044382239141, 0.031035891850014676, -0.006108529041504138, 0.008908020696231063, 0.0081186768823397, 0.010428385683161361]]
W3->P1
T_min:200.0 K    T_max:3000.0 K    P_min:0.0001 atm    P_max:10.0 atm
[[2.7179332638211706, 2.354270047260854, -0.2577005841382218, 6.181857135329912, -0.25107505370422484, 0.1530602218746521, -0.3166652610596935, -0.2903989116642562, -0.004975572175864738, 0.10783643890698029, -0.13598925970500614, -0.016092460133441337, 0.16813958887177757, -0.08333144361707172, -0.016212975273908393, 0.08258511048875072, -0.055047748505079167, 0.01359507404163776, 0.001172642888543595, -0.050298584577750834, 0.01990711434750199, -0.038313291621751726, -0.04612450329417069, 0.024767085166837757, -0.03086084009095493, -0.04310808861163821, 0.0254290849555802, 0.007803735845167705, -0.050490461004386145, 0.012270460908144086, 0.02671070463233138, -0.04378088376833636, 0.022355417944375913, 0.04308381845712753, -0.04644795565618289, 0.008902661920180306, 0.02346668026246899, -0.02287140748607788, 0.023741392733637647, 0.019137665840278203, -0.016404790367667326, 0.005247712822623818, -0.001693607318096865, 0.003149846836658126, 0.01425036792214434]]
W3->P3
T_min:200.0 K    T_max:3000.0 K    P_min:0.0001 atm    P_max:10.0 atm
[[0.14932836967026364, 0.6629198568068664, 0.027447477851791333, 4.067504969513767, 1.0780372949565324, 0.10209670643431815, -0.43216124956753627, 0.7812145747339518, -0.11063452753136102, 0.05515324276206776, 0.46677542577904757, -0.24532058562243317, 0.43283894160497, -0.08880894306164545, -0.14206462344302087, 0.38619449821018925, -0.3468211292987143, 0.02134407107382087, 0.23591341535989507, -0.4077059996243178, 0.1352635865549545, 0.04615958148325269, -0.2024549072783649, 0.1138613788542264, -0.08389099934024871, 0.02675369845456755, 0.024790860631724428, -0.0517109277869653, 0.013879197907346428, -0.011881016769367666, -0.041263044791460785, 0.047283546161159824, -0.025120093555445467, 0.07828236213043209, -0.12741788644348667, 0.03477355345552527, 0.020597640778783868, -0.007721607513935397, 0.023548705575342735, 0.058215205654297206, -0.0821027862656919, 0.0391795007458299, -0.03516747991614676, 0.07114078769016469, -0.007856525857033718]]
P1->P3
T_min:200.0 K    T_max:3000.0 K    P_min:0.0001 atm    P_max:10.0 atm
[[-15.066624845394996, -0.09759146703499552, 0.10630706036901319, 0.5407853066545799, 0.14551463060868822, -0.1706635425765577, 1.0724854014335958, -0.0427534802419073, 0.07938610412921773, 0.19049419791932465, -0.02861810491625958, -0.005249011559870122, 0.05921258603433289, 0.036367098442733024, -0.018929564566120678, 0.05481500558544886, -0.013770260729747866, 0.0108119315509203, 0.020694933205773456, -0.0009216757029541873, -0.00042695810951122064, 0.00849719759926164, 0.0025293202010679776, -0.0019453985228443796, 0.0047543298401279185, -0.0013446881044901153, 0.00093132162908562, 0.0015228417096154626, 0.0005769059282824874, -0.00010702296708535793, 0.001037999036454405, 0.0004816253338843204, -0.00030592565155999717, 0.0011730955548806888, -0.0006821542138264427, 0.00037278539541589744, 0.0006151814832850634, -0.0002457487967796584, -0.0001660591084884764, -0.00022354714200084578, 0.0008223131806508725, -4.987238070437971e-05, 0.00048642526905685364, -0.0005178714817193992, 0.00014360752622290823]]
P1->W3
T_min:200.0 K    T_max:3000.0 K    P_min:0.0001 atm    P_max:10.0 atm
[[-14.753379320850087, 2.3559462560238926, -0.25805716494093045, -1.2071534205699554, -0.2483543404407956, 0.15253780436991998, 0.1219332032020364, -0.28744370377796347, -0.005620118217104451, 0.2937626438338892, -0.13386696981443044, -0.01650860595511451, 0.23868666978520622, -0.08128738680193012, -0.01665129705263558, 0.10913362940981391, -0.053726454997698105, 0.013342897462337657, 0.01131203716322509, -0.04928347125624352, 0.019699162899523313, -0.03415145861517358, -0.04552064252331717, 0.024642445635998583, -0.028883892998145422, -0.04290768904570585, 0.025404702944636086, 0.008681211545953959, -0.05029965810632831, 0.012228005135954406, 0.027461931427213326, -0.0440201164971753, 0.022442733474939976, 0.04334260777985716, -0.0464390853807652, 0.008896464438597306, 0.023965551585754728, -0.02327730598469871, 0.023867603520067976, 0.019223646413816558, -0.01644471086095498, 0.005253586654083784, -0.0013855456744104049, 0.00282877846059823, 0.014353867958559353]]
P4->W3
T_min:200.0 K    T_max:3000.0 K    P_min:0.0001 atm    P_max:10.0 atm
[[-32.28886192001516, 0.5397502593878842, 0.09526349186584956, 11.2053549807998, 0.9992772661910416, 0.08265224355252743, 0.42832687469873987, 0.7875925185398281, -0.1664468412565725, 0.03647263118765909, 0.4348330843540318, -0.2174555320127905, 0.278560380812695, 0.08839187562949949, -0.13351119867902936, 0.30515656116965584, -0.14902674399469876, 0.00039367437593310447, 0.17387690697443708, -0.2300585428510455, 0.05387529029290859, 0.09401212097403583, -0.22333604561340703, 0.0655076170463102, 0.06369353632537851, -0.18183365209108623, 0.06037699266256308, 0.025976759599891416, -0.11689161577476681, 0.035132169388644614, 0.01883115614821294, -0.054689760361342744, 0.030899348186573736, -0.021894636327086985, 0.007150409758480071, 0.0023323631428623344, -0.005833066985232395, 0.025950154210699572, 0.011607106600771947, -0.02263180701895574, 0.031003128841985757, -0.0061065608410621015, 0.009219094203690274, 0.007792901459414165, 0.010534850696783145]]
P3->W3
T_min:200.0 K    T_max:3000.0 K    P_min:0.0001 atm    P_max:10.0 atm
[[-24.655898278594854, 0.6646005546276172, 0.02708799362375749, 4.527126336668596, 1.080751784244143, 0.10157846800866054, -0.05503459314179814, 0.784173665619717, -0.11128229112278523, 0.21434803461176566, 0.4688957973452609, -0.24573538959382102, 0.4919746692778333, -0.08676041504959425, -0.14250611531226892, 0.40737282675892833, -0.34550369378751083, 0.021094111290936798, 0.2433674385652748, -0.40668619312616033, 0.13505308102484687, 0.04893481410476446, -0.20185652452964434, 0.1137394686826731, -0.0826637455809783, 0.026956417970919053, 0.02476582220528167, -0.05123303754351991, 0.014076063218060673, -0.011926923044836368, -0.040744962990587004, 0.0470404435776087, -0.025030971332318887, 0.07842641881222992, -0.12740118501775305, 0.034762831373358095, 0.021022997450837456, -0.008138639651580175, 0.02368078675204917, 0.058274736345455345, -0.08213611351183794, 0.039181671865427634, -0.03488632650376592, 0.07081618916415497, -0.007750775657550075]]
P1->P5
T_min:200.0 K    T_max:3000.0 K    P_min:0.0001 atm    P_max:10.0 atm
[[-15.132907543216024, -0.002116057702574059, 0.0016684389913540732, 3.628805647261162, 0.0017430969141185705, -0.0013458872996718902, -0.20423952361529263, 0.0017429196896670423, -0.0013305763769906247, -0.08347531866942175, 0.0005153423304843432, -0.0004016387117256641, -0.01631401071031195, 0.0003578621885020816, -0.00028071209006710055, 0.006612342956085304, 0.00013608985725435034, -0.00012873088508731572, 0.010248911481764844, 0.00017694011274906618, -0.00016590548248294663, 0.007834221328573362, 0.00012226532934350804, -0.00013347237063022745, 0.004847012309068104, 2.829883687682928e-05, -6.879743518553949e-05, 0.0024998285306125473, 8.058684012439613e-05, -0.0001055229091022376, 0.001182218173608608, -0.00011809348478918716, 4.237997097032446e-05, 0.00043037460504587725, 1.9814347762190993e-05, -4.8413241203208853e-05, 0.00011142059922331963, -0.00019538947959505694, 0.00011614567328917801, 2.414368358313587e-05, -3.985112813670331e-06, -1.1479146141892666e-05, -2.759736525164544e-05, -0.00015935871459877202, 0.00010861752953356177]]
