==============================
W1b_Energy_1
P3->P4
T_min:200 K    T_max:3000 K    P_min:0.0001 atm    P_max:100 atm
[[-27.08192130279438, -9.325873406851315e-15, 1.5296409411945902e-15, 8.889363881743652, 3.719430548634596e-14, -1.4470523908059714e-14, 1.1792461352256471, -5.814856577646522e-14, 2.088234092630089e-14, 0.33570590367228276, 1.1385677651584852e-13, -6.500893701011597e-14, 0.08888382387210987, -1.1524382222455523e-13, 5.592727714861405e-14, 0.12490918461804257, 5.6123738810522275e-14, -3.3717735380483554e-14, 0.09321470841308035, -5.769825216049014e-14, 4.080339465501006e-14, 0.010870721660195454, 5.0822005874774014e-14, -6.280731808769089e-14, -0.022898324472439224, -1.5613281627158233e-14, 3.8317168746806435e-15, -0.008324174318095947, 4.198999355240951e-14, -3.5627366019917775e-14, 0.003914400988802932, -3.9947600424632326e-14, 1.97426785807351e-14, 0.0012788936970343865, 3.40425767476212e-14, -1.474128572890027e-14, 9.341268221770645e-06, -3.6275291943292885e-14, 2.0345336825870236e-14, 0.0025495920816872185, 6.012114088187071e-15, -2.655954424704124e-14, 0.0033275244287718966, 5.309460324118167e-15, 8.1519005220598e-15]]
P3->P5
T_min:200 K    T_max:3000 K    P_min:0.0001 atm    P_max:100 atm
[[-26.035804429244052, -3.863576125695545e-14, 2.818757915514493e-14, 12.072680026680011, 6.15782281747071e-14, -3.428054920013703e-14, 0.031193861961454097, -7.438869186113203e-14, 3.2665776517431467e-14, 0.04483729207688621, 1.0123131624768054e-13, -5.5125276090726356e-14, 0.048523549959589914, -9.527459214667495e-14, 3.986251998264011e-14, 0.03523213666366776, 5.073666107671346e-14, -3.131474718306115e-14, 0.02073771299170172, -5.924124321541327e-14, 4.678311997138191e-14, 0.01059787147203598, 5.5167063050452115e-14, -6.64877311338485e-14, 0.0048206316245715634, -2.2792597088612776e-14, 1.1702563762639357e-14, 0.0019224433868250661, 3.64241280402385e-14, -3.137610896066355e-14, 0.0007229416217040763, -2.360626705518842e-14, 8.580764138514518e-15, 0.00022830613351341563, 1.8002339621470822e-14, -6.757824085142923e-15, 0.0001292594827307379, -1.4270526716008807e-14, 6.623699323886174e-15, 2.1451270346347873e-05, -8.303257931058128e-15, -1.661230466961954e-14, 9.849286989344722e-05, 1.1915809794354653e-14, 4.306473550220985e-15]]
P3->W3
T_min:200 K    T_max:3000 K    P_min:0.0001 atm    P_max:100 atm
[[-24.420002676902765, -3.530509218307998e-14, 1.2268990780854047e-14, 4.8584750144603195, 7.916018018294729e-14, -3.057998890127937e-14, 0.32377383620720374, -1.0021915243181445e-13, 4.3772656009831776e-14, 0.553012996328943, 1.5197405102447015e-13, -8.624005606127495e-14, 0.5603932591867112, -1.5098078340199228e-13, 7.62970092402331e-14, 0.2596775433488138, 8.881932175191194e-14, -5.0971416801511767e-14, -0.0038066710843588313, -8.953887603089811e-14, 5.958427659581115e-14, -0.10850067624409003, 7.788455992421974e-14, -7.734186456280337e-14, -0.09406464097446487, -3.5055406213786535e-14, 1.5076294391688996e-14, -0.03511649657863265, 5.728878782301072e-14, -4.5321232691863864e-14, -0.007385569864300825, -4.4177733426494403e-14, 2.235455036669583e-14, 0.013068964535105372, 3.218347181546648e-14, -1.4083349162402966e-14, -0.001092133972145983, -3.129225869803561e-14, 2.0648643262747988e-14, 0.004627663782574332, 5.441648509144905e-15, -2.814047624347452e-14, -0.007506281809842997, 8.504385288958443e-15, 4.560238759644499e-15]]
P4->P5
T_min:200 K    T_max:3000 K    P_min:0.0001 atm    P_max:100 atm
[[-34.00510314648346, 7.105427357601002e-15, -2.1101640865396513e-14, 19.57749888732086, 3.229152454314813e-14, 3.38579011184105e-15, 0.16414398207586764, -5.109771325485726e-14, 7.423201954761963e-17, 0.12039439273284205, 1.0561750019892485e-13, -4.481898311507375e-14, 0.08669063583304253, -1.166541115613978e-13, 4.791819502706901e-14, 0.052170585301655255, 6.667720913036611e-14, -4.3123021588863255e-14, 0.027135704277134232, -7.357945402046483e-14, 5.3062675267651936e-14, 0.012636791433542254, 6.323136936875346e-14, -7.632809078908077e-14, 0.00541844287541865, -2.904528233561008e-14, 1.4995821138063278e-14, 0.002127641634929912, 4.39794301965995e-14, -4.1058654088770505e-14, 0.0009712777757293342, -3.5706823132355087e-14, 1.1247978215064147e-14, 0.0003906628478010597, 2.2897444280040398e-14, -6.4216407229017955e-15, 0.00034988094247995037, -1.8337104740768333e-14, 1.0638713746273419e-14, 9.690494528513738e-05, -1.2271626074109259e-14, -1.7470446704533627e-14, 0.00019585726269160723, 1.4920495694547668e-14, 5.793534670072107e-15]]
P5->W3
T_min:200 K    T_max:3000 K    P_min:0.0001 atm    P_max:100 atm
[[-18.44263666681664, -1.5543122344752192e-15, -2.723131160527966e-15, 2.1683590155253256, 1.2759766956617984e-15, 9.644648766980037e-15, 0.3419254414513507, -1.5494349198518458e-14, -3.404592972805024e-15, 0.43997581792944257, 6.007862742274349e-14, -3.3634271702913126e-14, 0.3990760097296603, -6.896336336674595e-14, 3.237582025968844e-14, 0.2363201147185162, 1.9571013848575855e-14, -7.084848401954523e-15, 0.08504191680951803, -3.0836701115873246e-14, 2.4394331585947734e-14, 0.02383996513323162, 3.514920094919354e-14, -4.557205624547527e-14, 0.001060062860024837, -6.906058964244225e-15, 2.0516129464239235e-16, -0.02591978272395173, 2.9734127815645376e-14, -2.870393401571725e-14, -0.03622520100069921, -2.3422150311374333e-14, 1.2252756996776909e-14, -0.047294005457861124, 1.3473521244510538e-14, -6.856185627418668e-15, -0.031151842178178606, -1.3890686721406436e-14, 1.3000735517594755e-14, -0.026577672027940244, -2.1495605905497923e-15, -1.934099546987112e-14, -0.0026475781986569475, 9.719625462625646e-15, 2.1742863625947855e-15]]
P2->W3
T_min:200 K    T_max:3000 K    P_min:0.0001 atm    P_max:100 atm
[[-42.48011232601567, -3.9968028886505635e-14, 1.9106149045967385e-14, 12.946551940431114, 7.658687693618469e-14, -3.300828992993851e-14, -0.5733287334797719, -9.59270207764022e-14, 3.4804938469571734e-14, 0.09358616662802552, 1.5536662377568075e-13, -8.208150890056306e-14, 0.4409601601869442, -1.5540605951195477e-13, 6.43910086291059e-14, 0.3513469611048715, 5.523837862587045e-14, -2.8607803543813396e-14, 0.13201413894334113, -7.538541272517977e-14, 5.730400456895934e-14, -0.03814020539508205, 7.373074911599955e-14, -9.577795885895169e-14, -0.08475727291768995, -1.3755197782069246e-14, 1.2969516923755004e-15, -0.029460549426859592, 4.687316117204504e-14, -4.636393182772926e-14, -0.01115762213684532, -2.1695258624184497e-14, 7.451049290423765e-15, 0.03665404775559414, -3.3345554480746492e-15, 8.305905577276477e-15, -0.002494391899181432, 6.007387440198835e-15, -1.5856127445970004e-15, 0.01763194614359487, -3.6183188846519756e-14, -2.1088190852122974e-14, -0.021474742831833458, 4.067508437901525e-14, -4.4219003797906926e-15]]
P1->P2
T_min:200 K    T_max:3000 K    P_min:0.0001 atm    P_max:100 atm
[[-11.71750942739404, -4.9404924595819466e-15, -1.539387942435047e-15, -0.03423999288552567, 1.2040395257686055e-14, 8.792701565018733e-16, 0.411062061947553, -2.333557128725583e-14, 3.952527293664239e-15, 0.2617306230996458, 5.5751735953542485e-14, -3.303528005141219e-14, 0.11637677543447757, -5.941409199969601e-14, 3.018063731734975e-14, 0.04048138828134871, 2.6063494245976073e-14, -1.2271483205336438e-14, 0.010471521055584292, -3.0487355160086757e-14, 2.109828327470593e-14, 0.002016071493037589, 3.041629521864251e-14, -3.457999081844995e-14, 0.0011236338653953539, -8.470783103301937e-15, 1.2096772565248844e-15, 0.001483380983463844, 2.2877900723513263e-14, -1.9721276437852488e-14, 0.0017453340961922062, -1.5518232669417853e-14, 8.5381042639202e-15, 0.0005278520958904339, 8.36624947962101e-15, -2.8317406860952892e-15, 0.00019493508076681972, -9.808255662727243e-15, 7.7445065249549e-15, -0.0003843440967955711, -2.059688830190432e-15, -1.2563042907000341e-14, 0.00018451908500581425, 8.669431367457568e-15, -4.3107419807104217e-16]]
P1->P3
T_min:200 K    T_max:3000 K    P_min:0.0001 atm    P_max:100 atm
[[-15.390751197676337, -7.355227538141662e-15, -8.35312399011344e-18, 1.0719119206107484, 1.7810022710272245e-14, -1.6958615753893745e-15, 0.7940820660047967, -2.996880918033642e-14, 6.727367025444282e-15, 0.26032196328723584, 7.000829531306443e-14, -4.0668641636096335e-14, 0.0733918182331489, -7.281704353555596e-14, 3.559399320977183e-14, 0.03813657691838307, 3.257445937411302e-14, -1.5126204722894608e-14, 0.023594881645310106, -3.964856519917518e-14, 2.7623438644131396e-14, 0.010584559170837607, 3.868053462581809e-14, -4.3297374659771374e-14, 0.0032716536545785175, -1.2067438864402544e-14, 3.171664699820646e-15, 0.001734105388495924, 2.9331497755602966e-14, -2.5618378064639336e-14, 0.0013852484142649057, -2.351818221131568e-14, 1.2597668977346593e-14, 0.000979633222137291, 1.5294562486760995e-14, -6.685567188159215e-15, 0.00035890030481686586, -1.6587516651688865e-14, 1.2739151729111109e-14, 0.00025690303790613396, 1.6440405056272258e-15, -1.8187405886404572e-14, 0.00013942371123468864, 7.636970129223755e-15, 1.5475150328189474e-15]]
P2->P3
T_min:200 K    T_max:3000 K    P_min:0.0001 atm    P_max:100 atm
[[-45.73416980670412, 2.398081733190338e-14, -2.1440254314350165e-14, 16.385562845638237, -1.2292567137536861e-14, 1.3897245296819174e-14, 0.7617370815855351, -1.7222855959079783e-14, -8.959900142595554e-15, 0.8297913519856142, 1.0739266474290327e-13, -5.743833654795936e-14, 0.33470831702497206, -1.2031176433205847e-13, 4.676150182019218e-14, -0.047825940325043434, 1.8901245486537912e-14, -1.3398556824431497e-14, -0.23713134525449156, -5.0938205254043286e-14, 4.5852657148001895e-14, -0.17228878910031162, 4.600512669914099e-14, -8.872215532003784e-14, -0.015353978546793897, 5.298639046342074e-15, -5.619721187097554e-15, 0.04072243564675853, 4.321719438048886e-14, -4.69562485153482e-14, 0.07546757294091677, -3.64003431901299e-14, 1.4563287415913027e-14, -0.03243546155440632, 3.091464380464564e-14, -1.078299301299369e-14, -0.01018400475556069, -3.853771741911729e-14, 2.1959004467116344e-14, -0.05799380635743508, -3.2479938828664683e-15, -3.670547473027148e-14, 0.0189719178354929, 1.7859893383629227e-14, 1.130440838950192e-14]]
P1->W3
T_min:200 K    T_max:3000 K    P_min:0.0001 atm    P_max:100 atm
[[-13.651465286842889, 1.3711254354120683e-14, -1.3743040360899627e-14, -1.4403960769130542, -2.2532293454404663e-14, 2.3902454458074104e-14, 0.014515364187477595, 1.0346991493676092e-14, -1.9671192933707644e-14, 0.25318655924918676, 3.92067959910368e-14, -2.3252495596528366e-14, 0.21991170614506939, -4.665082276216e-14, 2.1339148375237387e-14, 0.07580037524465044, 5.398718953889717e-15, 1.1973044655842362e-15, -0.022769789913271523, -1.6430810066032e-14, 1.4044383997945665e-14, -0.06948234502524989, 2.1055132434855664e-14, -3.250588883247392e-14, -0.06376243146098191, 5.775399140914453e-15, -8.64904128466888e-15, -0.016740831755854033, 1.7198442753859543e-14, -1.787538910738611e-14, -0.0052787386291071456, -1.0971951365567307e-14, 4.936269682681093e-15, 0.023100638360548036, 1.2372009385131048e-15, 1.4620231303552444e-15, -0.002665917353425588, -5.506419181192214e-15, 7.24489468415397e-15, 0.01105994929968385, -5.65642924708431e-15, -1.41174071586048e-14, -0.013091098741137508, 1.2945973163340741e-14, -2.6663759511508996e-15]]
P2->P4
T_min:200 K    T_max:3000 K    P_min:0.0001 atm    P_max:100 atm
[[-47.47818865706312, -3.6415315207705135e-14, 9.24275021729465e-15, 17.186608935477604, 8.865953387610926e-14, -3.6587570454602964e-14, 0.1724898224769794, -1.1940604260229779e-13, 4.6224476211319024e-14, 0.656918128654622, 2.0630227233900287e-13, -1.1305404451075002e-13, 0.4056386019754314, -1.927830951551009e-13, 8.513834471507146e-14, 0.047121159479734755, 8.016062244171509e-14, -4.027754659062355e-14, -0.19062250904761224, -1.1054830247237329e-13, 8.106282449651557e-14, -0.15508654624524976, 9.185745464299533e-14, -1.1393341529299147e-13, -0.021420840937296435, -3.215892735299409e-14, 1.300795428319374e-14, 0.02256018894704177, 6.656600857096958e-14, -6.077654183667112e-14, 0.049492369320789924, -5.361828432230202e-14, 2.700802648075359e-14, -0.036873675304257995, 3.5940225555957145e-14, -1.5247397846960164e-14, -0.007392699247001832, -3.4383591734961206e-14, 2.251248577477185e-14, -0.04274904336928198, -8.057138151558346e-15, -3.700091358350035e-14, 0.024252612880953192, 2.1023711389839423e-14, 9.241365822220119e-15]]
P1->P4
T_min:200 K    T_max:3000 K    P_min:0.0001 atm    P_max:100 atm
[[-16.085703593227368, -3.011479954295737e-15, -4.93096959988837e-15, 0.546899342113932, 1.2040334799801614e-14, 2.581674332701814e-15, 0.4907040397370701, -2.7085836601643683e-14, 4.16040105448185e-15, 0.17246954390868496, 6.894078061255528e-14, -3.972015983302166e-14, 0.0935627667779885, -7.259748156694776e-14, 3.4990706945417367e-14, 0.10138201050015608, 2.7278957234213598e-14, -1.2654325214433902e-14, 0.07863812134546566, -3.651393118734625e-14, 2.5981518505715403e-14, 0.038220572812625, 3.590114522973982e-14, -4.378569693636664e-14, 0.008920431831840684, -7.7849016620532e-15, 4.486936164063388e-16, -0.005502401978113259, 2.7723963549047878e-14, -2.508564727169455e-14, -0.005868141304550713, -1.9800003863380263e-14, 1.050253464992701e-14, -0.00735816880852736, 9.86274342963737e-15, -3.98123778413391e-15, -0.0018903954445620757, -1.2155900537562366e-14, 1.0289655436002623e-14, -0.002409295855923659, -3.732928502614894e-15, -1.664024977159439e-14, 0.001679111658537113, 1.1324400955840339e-14, 4.333319458099068e-16]]
P1->P5
T_min:200 K    T_max:3000 K    P_min:0.0001 atm    P_max:100 atm
[[-15.134912033936445, -4.218847493575595e-15, -4.752338778491591e-15, 3.629815480185054, 9.812303561775797e-15, 4.963859389414225e-15, -0.20288597018021826, -2.3900218034881037e-14, 3.631322732083772e-15, -0.08345089493641253, 6.163462363830879e-14, -3.57973523448485e-14, -0.016205280133237732, -6.400613592150474e-14, 3.0695365440385664e-14, 0.006473098453884809, 2.530548523120045e-14, -1.3724549631854745e-14, 0.010199085012249169, -3.133594755450916e-14, 2.2728207980158617e-14, 0.007842390397405906, 3.1752627679747316e-14, -3.876024980366602e-14, 0.004723964655379149, -9.171482948566704e-15, 2.1309795751958653e-15, 0.0025726700971680726, 2.3765159833844285e-14, -2.1314661727587415e-14, 0.000958008867015633, -1.6930518308562755e-14, 6.830529525187169e-15, 0.0005159656567125135, 1.2347460754786362e-14, -5.233113834204487e-15, -0.00011449946582543484, -1.2117651805189613e-14, 8.371452642316284e-15, 3.885020367293976e-05, -1.797800666986469e-15, -1.3906396820901527e-14, -0.00015158905862887315, 7.676221887704335e-15, 2.5813779925911325e-15]]
P2->P5
T_min:200 K    T_max:3000 K    P_min:0.0001 atm    P_max:100 atm
[[-49.19961564143998, -9.769962616701378e-14, 6.505330869296013e-14, 23.30364678478392, 1.4070968377466232e-13, -6.700609960934567e-14, -0.117512294210421, -1.7773854862510158e-13, 8.363737582857641e-14, -0.046316507230794196, 2.2585067033806717e-13, -1.2328905159807198e-13, -0.019095268317294353, -2.2007314850007976e-13, 1.0556503290378297e-13, -0.017901190103707474, 1.1028836709331448e-13, -6.067777698672778e-14, -0.023333852693690437, -1.3731269917436358e-13, 9.154342627744535e-14, -0.02452770433598843, 1.1066694529725186e-13, -1.2494612832871011e-13, -0.02128102395348279, -5.502794863190807e-14, 2.653832334189421e-14, -0.016968543760604537, 7.76123170849094e-14, -6.673674796472348e-14, -0.010291365683806331, -6.515500476661503e-14, 2.5776169358276295e-14, -0.006925530893153165, 5.1176045146418575e-14, -1.4676291521755073e-14, -0.002067863304795306, -4.4505111144027644e-14, 1.9843693841180674e-14, -0.0015444559064372078, -3.3271927111724604e-16, -3.6300198139376964e-14, 0.0008141279268203464, 1.7226924600080572e-14, 9.072802402591252e-15]]
P4->W3
T_min:200 K    T_max:3000 K    P_min:0.0001 atm    P_max:100 atm
[[-32.14972163496395, -1.2434497875801753e-14, 2.1705538873642404e-15, 11.520213247448984, 4.5281915973745806e-14, -2.220004586842971e-14, 0.8429529154947776, -7.395631569756469e-14, 3.590050576429564e-14, 0.347668164065599, 1.2259582840213296e-13, -7.01949336195902e-14, 0.4063843314664924, -1.1803121020012674e-13, 5.1604685235964394e-14, 0.24604763899289542, 3.906889586470224e-14, -2.1008247663441813e-14, 0.04814905092013848, -5.692415629601306e-14, 4.521259399340597e-14, -0.037670982804725035, 4.734833860559377e-14, -6.788788391113077e-14, -0.0491318752539124, -8.56033012431115e-15, 4.133874941044013e-15, -0.04057718242626396, 3.3082743325535274e-14, -3.52966212281925e-14, -0.024565173852587392, -3.108871170467166e-14, 1.570684694506968e-14, -0.017071582132971615, 2.4586539374643042e-14, -1.0982490618818929e-14, -0.006201828674210161, -2.3765433699109172e-14, 1.3787393401933261e-14, -0.0041662793035840045, -1.9187557946047582e-15, -2.8011367316387726e-14, 0.0017536714462524222, 1.1091238568817033e-14, 8.15873818123617e-15]]
