==============================
B1_Frequencies_1
P1->P2
[[0.0, 0.0, 0.0, 0.0, 0.0, 0.0, 0.0]]
==============================
B1_Energy_1
P1->P2
[[0.0, 0.0, 0.0, 0.0, 0.0, 0.0, 0.0]]
==============================
B4_Energy_1
P1->P2
[[-0.0016230949964162076, 0.0015123659467041097, 1.6135077471688895e-05, 3.969415836674212e-06, -2.7508578625715194e-06, -3.615841862598142e-06, -3.833814962750798e-06]]
==============================
W1_Frequencies_1
P1->P2
[[0.0, 0.0, 0.0, 0.0, 0.0, 0.0, 0.0]]
==============================
W2_Energy_1
P1->P2
[[0.0, 0.0, 0.0, 0.0, 0.0, 0.0, 0.0]]
==============================
B3_Frequencies_1
P1->P2
[[0.0, 0.0, 0.0, 0.0, 0.0, 0.0, 0.0]]
==============================
B2_Frequencies_1
P1->P2
[[0.0, 0.0, 0.0, 0.0, 0.0, 0.0, 0.0]]
==============================
B4_SymmetryFactor_1
P1->P2
[[-0.4080013165529144, 0.04806271407047563, 0.0365625564135933, 0.023179036318725504, 0.012011919852128334, 0.004929140689206768, 0.001364383070768078]]
==============================
W2_SymmetryFactor_1
P1->P2
[[0.0, 0.0, 0.0, 0.0, 0.0, 0.0, 0.0]]
==============================
P2_SymmetryFactor_1
P1->P2
[[0.0, 0.0, 0.0, 0.0, 0.0, 0.0, 0.0]]
==============================
B5_Frequencies_1
P1->P2
[[-0.08305244733910033, -0.15556565625119156, -0.12472453202920092, -0.08751002118486832, -0.0526110489626814, -0.025534289886290067, -0.012676751574261852]]
==============================
B5_ImaginaryFrequency_1
P1->P2
[[0.0013427023724119714, 0.0017967617010759278, 0.00034468958539463757, -0.0006726958599252332, -0.0007916366763016374, -0.000497246783754859, -0.00017860802066444354]]
==============================
B3_SymmetryFactor_1
P1->P2
[[0.0, 0.0, 0.0, 0.0, 0.0, 0.0, 0.0]]
==============================
B1_SymmetryFactor_1
P1->P2
[[0.0, 0.0, 0.0, 0.0, 0.0, 0.0, 0.0]]
==============================
P1_Frequencies_1
P1->P2
[[0.4426616873064575, 0.5751630529941862, 0.24099808128259687, 0.08507385062296371, 0.02851596985752587, 0.008540290772695837, 0.0018224634875049005]]
==============================
B2_SymmetryFactor_1
P1->P2
[[0.0, 0.0, 0.0, 0.0, 0.0, 0.0, 0.0]]
==============================
B5_SymmetryFactor_1
P1->P2
[[-0.0244429421132454, -0.04475482911443988, -0.034158312687299915, -0.021828387632087432, -0.011473257242264176, -0.004793107714026432, -0.0014690861103626043]]
==============================
B4_Frequencies_1
P1->P2
[[-0.6051301492749614, -0.5410934663755557, -0.10659553951769092, 0.03226716291547095, 0.04792417898349604, 0.029780172812976187, 0.0164215687913712]]
==============================
P2_Frequencies_1
P1->P2
[[0.0, 0.0, 0.0, 0.0, 0.0, 0.0, 0.0]]
==============================
W1_SymmetryFactor_1
P1->P2
[[0.0, 0.0, 0.0, 0.0, 0.0, 0.0, 0.0]]
==============================
P2_Energy_1
P1->P2
[[0.0, 0.0, 0.0, 0.0, 0.0, 0.0, 0.0]]
==============================
P1_SymmetryFactor_1
P1->P2
[[0.4342942817680249, 1.949407518759477e-07, 8.848325643968961e-07, -3.2064425457674343e-07, -8.647141729926532e-07, 1.3861479318697338e-07, 1.3331897248752842e-06]]
==============================
B5_Energy_1
P1->P2
[[-1.668268945747633e-05, -2.7730467829013498e-05, -1.6042954773277163e-05, -4.234313587851494e-06, 2.4284601940130167e-06, 3.4164008562415375e-06, 3.7884761492360588e-06]]
==============================
W1_Energy_1
P1->P2
[[0.0, 0.0, 0.0, 0.0, 0.0, 0.0, 0.0]]
==============================
B4_ImaginaryFrequency_1
P1->P2
[[1.5712585026186896, -2.419138730613525, 1.1881015931046779, -0.47086162269785065, 0.17241364311387514, -0.04715287750924678, 0.0076025043855426]]
==============================
B3_Energy_1
P1->P2
[[-1.3948058180941102e-09, -2.0038761647379534e-09, -1.3760143000996838e-09, -2.8721935214517887e-11, 1.1560054061360649e-09, 8.141290493943231e-10, 3.0010530349427244e-09]]
==============================
B2_Energy_1
P1->P2
[[0.0, 0.0, 0.0, 0.0, 0.0, 0.0, 0.0]]
==============================
W2_Frequencies_1
P1->P2
[[0.0, 0.0, 0.0, 0.0, 0.0, 0.0, 0.0]]
==============================
P1_Energy_1
P1->P2
[[0.0016402293036431852, -0.0014840190463735771, -2.4193426156868492e-09, -1.243470420214818e-09, -2.8006654844933598e-09, -1.6742818757763736e-09, 6.168511353652821e-09]]
