50	3.4342654765867800E+02
100	1.2809488787669700E+04
150	4.7406669923566400E+04
200	1.1768682825139000E+05
250	2.3752989853717200E+05
300	4.2370160779500900E+05
350	6.9200047289224900E+05
400	1.0574184436892500E+06
450	1.5311548093148100E+06
500	2.1303983372973100E+06
550	2.8682587511921400E+06
600	3.7525471034319600E+06
650	4.8153935874422900E+06
700	6.0843647313904400E+06
750	7.5906988267898900E+06
800	9.3671826516603000E+06
850	1.1448964365127900E+07
900	1.3870894574692100E+07
950	1.6666005929166900E+07
1000	1.9834778466371600E+07
1050	2.3428840998294700E+07
1100	2.7452571776026500E+07
1150	3.1947471873302500E+07
1200	3.6944842074866400E+07
1250	4.2490542548618800E+07
1300	4.8623520816006200E+07
1350	5.5383904383707400E+07
1400	6.2820947766450000E+07
1450	7.0982899834172800E+07
1500	7.9951474674261100E+07
1550	8.9766906858319200E+07
1600	1.0052870695553900E+08
1650	1.1229268774651500E+08
1700	1.2514054596592800E+08
1750	1.3898523217275200E+08
1800	1.5397551265701900E+08
1850	1.7017427439776800E+08
1900	1.8766374835961000E+08
1950	2.0658051035275500E+08
2000	2.2685865251599800E+08
2050	2.4878838250865100E+08
2100	2.7250308835931100E+08
2150	2.9809249206458200E+08
2200	3.2556601583007100E+08
2250	3.5517822265288900E+08
2300	3.8688816919883500E+08
2350	4.2091036005963800E+08
2400	4.5714359074886400E+08
2450	4.9583917641778200E+08
2500	5.3716649387094500E+08
2550	5.8115236221255800E+08
2600	6.2809502769669000E+08
2650	6.7820454181793800E+08
2700	7.3158779737758700E+08
2750	7.8827788671732500E+08
2800	8.4859271827722500E+08
2850	9.1271597336297200E+08
2900	9.8088786455969600E+08
2950	1.0531243337476800E+09
3000	1.1297459384364700E+09
3050	1.2108202641528100E+09
3100	1.2966324782548600E+09
3150	1.3870860607569600E+09
3200	1.4825534495036600E+09
3250	1.5833262298520500E+09
3300	1.6895171906030200E+09
3350	1.8016702597280800E+09
3400	1.9198434404304800E+09
3450	2.0446660271496500E+09
3500	2.1764023767632900E+09
3550	2.3154858397161400E+09
3600	2.4620784706665700E+09
3650	2.6167986092394500E+09
3700	2.7795533854862000E+09
3750	2.9509467317010000E+09
3800	3.1310006665144200E+09
3850	3.3201662548743900E+09
3900	3.5189991345140300E+09
3950	3.7277959725735200E+09
4000	3.9472999047947600E+09
4050	4.1782046599380200E+09
4100	4.4207526560956800E+09
4150	4.6754097326917600E+09
4200	4.9429753237092400E+09
4250	5.2240004269850400E+09
4300	5.5183601525211200E+09
4350	5.8257421304153300E+09
4400	6.1478636574980700E+09
4450	6.4850093987130400E+09
4500	6.8374185606862600E+09
4550	7.2060778129358600E+09
4600	7.5918019481256100E+09
4650	7.9950876018438900E+09
4700	8.4160589806765600E+09
4750	8.8564469616684900E+09
4800	9.3168289242650800E+09
4850	9.7977082781130000E+09
4900	1.0299056498544700E+10
4950	1.0822726747554300E+10
5000	1.1369271027585900E+10
5050	1.1939157527026000E+10
5100	1.2531375882709600E+10
5150	1.3148373147115900E+10
5200	1.3789392856608300E+10
5250	1.4456770642561500E+10
5300	1.5151582111175700E+10
5350	1.5874503622166500E+10
5400	1.6628700627709000E+10
5450	1.7415544423688900E+10
5500	1.8234638824988300E+10
5550	1.9085752512699100E+10
5600	1.9971769270888600E+10
5650	2.0891324159220800E+10
5700	2.1846114711975700E+10
5750	2.2835037066357600E+10
5800	2.3861391116048600E+10
5850	2.4927468647009600E+10
5900	2.6033040059817100E+10
5950	2.7183052332031600E+10
6000	2.8378720280777400E+10
6050	2.9620752554827100E+10
6100	3.0907712149849300E+10
6150	3.2244302462555400E+10
6200	3.3632781167752000E+10
6250	3.5074133045287000E+10
6300	3.6568992111719300E+10
6350	3.8119004014882200E+10
6400	3.9724306307092700E+10
6450	4.1385656712034900E+10
6500	4.3102671117712700E+10
6550	4.4881634915914900E+10
6600	4.6719674921909700E+10
6650	4.8621131061237000E+10
6700	5.0590359085485900E+10
6750	5.2629341527485600E+10
6800	5.4743779812334100E+10
6850	5.6935357148812700E+10
6900	5.9206338183283300E+10
6950	6.1556339164712300E+10
7000	6.3990350479987300E+10
7050	6.6506494045884300E+10
7100	6.9106989949884100E+10
7150	7.1790501827114800E+10
7200	7.4559239888134900E+10
7250	7.7421239997089900E+10
7300	8.0376724320366300E+10
7350	8.3436385849652500E+10
7400	8.6600924888556700E+10
7450	8.9871286594170500E+10
7500	9.3248809479248000E+10
7550	9.6741435506408200E+10
7600	1.0035147646270000E+11
7650	1.0408102741806000E+11
7700	1.0793550672668600E+11
7750	1.1191571210990700E+11
7800	1.1602275980619100E+11
7850	1.2026047829136100E+11
7900	1.2462750661222100E+11
7950	1.2913436801138400E+11
8000	1.3377467365986200E+11
8050	1.3855781009678000E+11
8100	1.4349077290479200E+11
8150	1.4857868840694600E+11
8200	1.5382765824593900E+11
8250	1.5924215701903200E+11
8300	1.6482857468564500E+11
8350	1.7058816308714900E+11
8400	1.7652695130794400E+11
8450	1.8264196598106800E+11
8500	1.8894049544573100E+11
8550	1.9542384789817200E+11
8600	2.0209249655292700E+11
8650	2.0896102177818000E+11
8700	2.1603240960137000E+11
8750	2.2332091643393400E+11
8800	2.3082698056448200E+11
8850	2.3855089933347500E+11
8900	2.4649761774717200E+11
8950	2.5467748367107400E+11
9000	2.6309596450313000E+11
9050	2.7175785366427900E+11
9100	2.8067648261214000E+11
9150	2.8985669167750100E+11
9200	2.9930019640977100E+11
9250	3.0901690151271200E+11
9300	3.1900439419667300E+11
9350	3.2927752072838200E+11
9400	3.3982900947703100E+11
9450	3.5067388278259400E+11
9500	3.6182220822042400E+11
9550	3.7328383808939100E+11
9600	3.8506804173254700E+11
9650	3.9718335944600700E+11
9700	4.0963877910675400E+11
9750	4.2243705624679300E+11
9800	4.3558961438422900E+11
9850	4.4909523063868300E+11
9900	4.6296523484367500E+11
9950	4.7720611031066400E+11
10000	4.9182498791800200E+11
10050	5.0684377436445700E+11
10100	5.2226735009369500E+11
10150	5.3811656050725600E+11
10200	5.5439448122553000E+11
10250	5.7110496014676300E+11
10300	5.8825444643609000E+11
10350	6.0585692383709400E+11
10400	6.2392408463946500E+11
10450	6.4246254737948000E+11
10500	6.6149282000846200E+11
10550	6.8102823581144500E+11
10600	7.0107925136566200E+11
10650	7.2166501246976800E+11
10700	7.4277816734753200E+11
10750	7.6444200861261200E+11
10800	7.8665350820113100E+11
10850	8.0943488865420900E+11
10900	8.3279392773156000E+11
10950	8.5675340947210000E+11
11000	8.8133081387605500E+11
11050	9.0654062194286700E+11
11100	9.3239597276942300E+11
11150	9.5890272062688700E+11
11200	9.8608013335591000E+11
11250	1.0139307665838600E+12
11300	1.0424672036319300E+12
11350	1.0717059089209700E+12
11400	1.1016637921204100E+12
11450	1.1323740797433500E+12
11500	1.1638432257355100E+12
11550	1.1961023601692900E+12
11600	1.2291634023956500E+12
11650	1.2630341411000000E+12
11700	1.2977206377291700E+12
11750	1.3332407229067300E+12
11800	1.3696204942209400E+12
11850	1.4068719592074600E+12
11900	1.4450219828791800E+12
11950	1.4840975795817000E+12
12000	1.5241208856272500E+12
12050	1.5651211292933700E+12
12100	1.6070850382488600E+12
12150	1.6500461517366800E+12
12200	1.6940070982038000E+12
12250	1.7390054546833700E+12
12300	1.7850505900469700E+12
12350	1.8321793359015300E+12
12400	1.8804267303334000E+12
12450	1.9298159503533100E+12
12500	1.9803714605308600E+12
12550	2.0321039930578900E+12
12600	2.0850362234987200E+12
12650	2.1391787734083200E+12
12700	2.1945486672808300E+12
12750	2.2511793858502800E+12
12800	2.3090987618982500E+12
12850	2.3683578582109400E+12
12900	2.4289717672638600E+12
12950	2.4909829168509200E+12
13000	2.5544092887869300E+12
13050	2.6192654521178600E+12
13100	2.6855746027811000E+12
13150	2.7533557615449200E+12
13200	2.8226514321570300E+12
13250	2.8934875692070400E+12
13300	2.9659085228086400E+12
13350	3.0399623381477500E+12
13400	3.1156758244063900E+12
13450	3.1931008354644500E+12
13500	3.2722226361581900E+12
13550	3.3530887874039900E+12
13600	3.4357060420908200E+12
13650	3.5201324736420300E+12
13700	3.6063903551028800E+12
13750	3.6945283174128200E+12
13800	3.7846005453593900E+12
13850	3.8766519169852500E+12
13900	3.9707289865817300E+12
13950	4.0668550552118700E+12
14000	4.1650471628722900E+12
14050	4.2653359054812200E+12
14100	4.3677551800525900E+12
14150	4.4723552772770300E+12
14200	4.5791704691880800E+12
14250	4.6882860049851100E+12
14300	4.7997350523156900E+12
14350	4.9135792845949300E+12
14400	5.0298449404055600E+12
14450	5.1485530119568300E+12
14500	5.2697568847504800E+12
14550	5.3934735613924900E+12
14600	5.5197642821293700E+12
14650	5.6486757682053000E+12
14700	5.7802818358238000E+12
14750	5.9146548464241800E+12
14800	6.0518372793276700E+12
14850	6.1918999997285200E+12
14900	6.3348433253255500E+12
14950	6.4807315850166600E+12
15000	6.6295716890528800E+12
15050	6.7814454438753700E+12
15100	6.9364036491636900E+12
15150	7.0945216274022400E+12
15200	7.2558670557072600E+12
15250	7.4205205812721000E+12
15300	7.5885551324496600E+12
15350	7.7600171959577800E+12
15400	7.9349125058962900E+12
15450	8.1133006987330300E+12
15500	8.2952290437928100E+12
15550	8.4807941906658400E+12
15600	8.6700317201273600E+12
15650	8.8630709490597300E+12
15700	9.0599726131586400E+12
15750	9.2608267799026800E+12
15800	9.4656896467890800E+12
15850	9.6745803388416800E+12
15900	9.8875833683310300E+12
15950	1.0104729183309400E+13
16000	1.0326106162771400E+13
16050	1.0551789993310200E+13
16100	1.0781890652457900E+13
16150	1.1016525376535700E+13
16200	1.1255757354218100E+13
16250	1.1499677271431400E+13
16300	1.1748306812725300E+13
16350	1.2001736071531300E+13
16400	1.2259994513679200E+13
16450	1.2523188495751100E+13
16500	1.2791405778448200E+13
16550	1.3064763932306400E+13
16600	1.3343371323014200E+13
16650	1.3627339564828000E+13
16700	1.3916776796963500E+13
16750	1.4211756012493900E+13
16800	1.4512296556158600E+13
16850	1.4818496066273600E+13
16900	1.5130421968247200E+13
16950	1.5448210278457200E+13
17000	1.5771927259913800E+13
17050	1.6101750457276900E+13
17100	1.6437780335774500E+13
17150	1.6780145006479200E+13
17200	1.7128960861463500E+13
17250	1.7484253440753700E+13
17300	1.7846121186108200E+13
17350	1.8214638364824000E+13
17400	1.8589946704969400E+13
17450	1.8972150414845500E+13
17500	1.9361384530483100E+13
17550	1.9757851936541200E+13
17600	2.0161648336030400E+13
17650	2.0572907747760600E+13
17700	2.0991663816694200E+13
17750	2.1418040322387500E+13
17800	2.1852106165475700E+13
17850	2.2294004879175700E+13
17900	2.2743867411648400E+13
17950	2.3201857907806900E+13
18000	2.3668156795491900E+13
18050	2.4142921472839900E+13
18100	2.4626296956255100E+13
18150	2.5118394534549500E+13
18200	2.5619276982403700E+13
18250	2.6129083926383400E+13
18300	2.6647876469772900E+13
18350	2.7175873947807800E+13
18400	2.7713201975368100E+13
18450	2.8260093058642800E+13
18500	2.8816700180964100E+13
18550	2.9383207757500500E+13
18600	2.9959793853870300E+13
18650	3.0546524435487700E+13
18700	3.1143502229376300E+13
18750	3.1750849817464200E+13
18800	3.2368782810521900E+13
18850	3.2997457268000400E+13
18900	3.3637055426263800E+13
18950	3.4287871879077200E+13
19000	3.4950063766309900E+13
19050	3.5623837517678100E+13
19100	3.6309232130329300E+13
19150	3.7006414523540100E+13
19200	3.7715522159441500E+13
19250	3.8436742854708400E+13
19300	3.9170276595671600E+13
19350	3.9916345799887700E+13
19400	4.0675222419678900E+13
19450	4.1447145412681800E+13
19500	4.2232289847009400E+13
19550	4.3030850272804400E+13
19600	4.3842915505980300E+13
19650	4.4668695334352700E+13
19700	4.5508290592552700E+13
19750	4.6362014841281600E+13
19800	4.7230037990751200E+13
19850	4.8112705772151700E+13
19900	4.9010249705772800E+13
19950	4.9922918479737300E+13
20000	5.0850966819681200E+13
20050	5.1794492779933000E+13
20100	5.2753683723321300E+13
20150	5.3728716177405200E+13
20200	5.4719846995664800E+13
20250	5.5727354125502600E+13
20300	5.6751498917761600E+13
20350	5.7792642442369700E+13
20400	5.8851029378831300E+13
20450	5.9927001504409000E+13
20500	6.1020652051534400E+13
20550	6.2132141715438900E+13
20600	6.3261715947428000E+13
20650	6.4409655537653600E+13
20700	6.5576237701930400E+13
20750	6.6761790593151300E+13
20800	6.7966665810142800E+13
20850	6.9191183389670900E+13
20900	7.0435677175087700E+13
20950	7.1700359189729200E+13
21000	7.2985371549232800E+13
21050	7.4291069314882700E+13
21100	7.5617529647558200E+13
21150	7.6965240200319500E+13
21200	7.8334453336305800E+13
21250	7.9725577044661000E+13
21300	8.1139046395077000E+13
21350	8.2575138864524000E+13
21400	8.4034212046734600E+13
21450	8.5516454117981800E+13
21500	8.7022140598762200E+13
21550	8.8551528418106000E+13
21600	9.0104898630041000E+13
21650	9.1682734432764200E+13
21700	9.3285353834876700E+13
21750	9.4913336259187000E+13
21800	9.6566934229033700E+13
21850	9.8246665923242000E+13
21900	9.9952642742225800E+13
21950	1.0168523424759300E+14
22000	1.0344461679748500E+14
22050	1.0523123599488500E+14
22100	1.0704553145334800E+14
22150	1.0888791234313500E+14
22200	1.1075886317518800E+14
22250	1.1265883803219500E+14
22300	1.1458837703735700E+14
22350	1.1654772574594100E+14
22400	1.1853709385443200E+14
22450	1.2055691656217400E+14
22500	1.2260753120132000E+14
22550	1.2468933497121000E+14
22600	1.2680288737106500E+14
22650	1.2894865254334400E+14
22700	1.3112722576259500E+14
22750	1.3333910862513000E+14
22800	1.3558466782200700E+14
22850	1.3786425546049400E+14
22900	1.4017823878774900E+14
22950	1.4252698931447800E+14
23000	1.4491094321988700E+14
23050	1.4733070786736700E+14
23100	1.4978672808596000E+14
23150	1.5227981491904800E+14
23200	1.5481032391700200E+14
23250	1.5737896157376700E+14
23300	1.5998601183896700E+14
23350	1.6263179201274900E+14
23400	1.6531677506693300E+14
23450	1.6804140782483200E+14
23500	1.7080641052404300E+14
23550	1.7361224278406000E+14
23600	1.7645961931727300E+14
23650	1.7934921604013100E+14
23700	1.8228163198238100E+14
23750	1.8525739690282000E+14
23800	1.8827675791281800E+14
23850	1.9134034824402200E+14
23900	1.9444852857095500E+14
23950	1.9760201027349400E+14
24000	2.0080141895043400E+14
24050	2.0404752522647000E+14
24100	2.0734103173293300E+14
24150	2.1068259556353700E+14
24200	2.1407290668792300E+14
24250	2.1751227206149000E+14
24300	2.2100129090506100E+14
24350	2.2454041927104700E+14
24400	2.2813040174776300E+14
24450	2.3177192433936100E+14
24500	2.3546570801643300E+14
24550	2.3921270180274400E+14
24600	2.4301360558486500E+14
24650	2.4686918900633600E+14
24700	2.5077989372246800E+14
24750	2.5474625247827200E+14
24800	2.5876889386238200E+14
24850	2.6284848131280900E+14
24900	2.6698581439767300E+14
24950	2.7118173968612500E+14
25000	2.7543708890006600E+14
25050	2.7975281601586000E+14
25100	2.8412966913978900E+14
25150	2.8856841578568000E+14
25200	2.9306954629795100E+14
25250	2.9763382307648500E+14
25300	3.0226167426947300E+14
25350	3.0695416581799900E+14
25400	3.1171218705975000E+14
25450	3.1653666534761800E+14
25500	3.2142855450464200E+14
25550	3.2638876782047000E+14
25600	3.3141832063864600E+14
25650	3.3651758668216300E+14
25700	3.4168738075765100E+14
25750	3.4692846805891500E+14
25800	3.5224161665923100E+14
25850	3.5762800881092600E+14
25900	3.6308842602225200E+14
25950	3.6862407574145100E+14
26000	3.7423611527016600E+14
26050	3.7992552277535800E+14
26100	3.8569284799020300E+14
26150	3.9153894944244200E+14
26200	3.9746461956502000E+14
26250	4.0347078636248300E+14
26300	4.0955843559130400E+14
26350	4.1572870087202700E+14
26400	4.2198296609832400E+14
26450	4.2832222715098400E+14
26500	4.3474746330669700E+14
26550	4.4126004838279400E+14
26600	4.4786034214622000E+14
26650	4.5454952334868000E+14
26700	4.6132812129347300E+14
26750	4.6819765658993100E+14
26800	4.7515916697764400E+14
26850	4.8221402495664100E+14
26900	4.8936345542590700E+14
26950	4.9660872158322500E+14
27000	5.0395108729298800E+14
27050	5.1139132205055500E+14
27100	5.1893026218820000E+14
27150	5.2656902795395100E+14
27200	5.3430891278506800E+14
27250	5.4215109889932500E+14
27300	5.5009686277077800E+14
27350	5.5814783378799400E+14
27400	5.6630539342150000E+14
27450	5.7457077548137400E+14
27500	5.8294513510716700E+14
27550	5.9142919329857000E+14
27600	6.0002428266519900E+14
27650	6.0873150627972400E+14
27700	6.1755237630585600E+14
27750	6.2648837264887700E+14
27800	6.3554097710575700E+14
27850	6.4471184036416900E+14
27900	6.5400241248253600E+14
27950	6.6341397984154200E+14
28000	6.7294760162953600E+14
28050	6.8260441623540300E+14
28100	6.9238568136481600E+14
28150	7.0229298515881500E+14
28200	7.1232789392335000E+14
28250	7.2249186467963500E+14
28300	7.3278717306904900E+14
28350	7.4321487922926000E+14
28400	7.5377688539435800E+14
28450	7.6447432501488300E+14
28500	7.7530838695124500E+14
28550	7.8628036787718900E+14
28600	7.9739203834099200E+14
28650	8.0864500368711500E+14
28700	8.2004074001684300E+14
28750	8.3158177913199900E+14
28800	8.4326948377571100E+14
28850	8.5510602318241300E+14
28900	8.6709238086097100E+14
28950	8.7923021536854300E+14
29000	8.9152066069935700E+14
29050	9.0396545359338500E+14
29100	9.1656669857392000E+14
29150	9.2932623718488900E+14
29200	9.4224599053295100E+14
29250	9.5532778667414700E+14
29300	9.6857415437267800E+14
29350	9.8198645398421300E+14
29400	9.9556609142425800E+14
29450	1.0093146950983300E+15
29500	1.0232343050778000E+15
29550	1.0373263789262100E+15
29600	1.0515931043982000E+15
29650	1.0660367123128000E+15
29700	1.0806598041189500E+15
29750	1.0954641941023700E+15
29800	1.1104516904437500E+15
29850	1.1256244995374500E+15
29900	1.1409839693030000E+15
29950	1.1565319106851300E+15
30000	1.1722702823545600E+15
30050	1.1882018161302600E+15
30100	1.2043282812882300E+15
30150	1.2206522970395500E+15
30200	1.2371766298667300E+15
30250	1.2539030742383600E+15
30300	1.2708336539526900E+15
30350	1.2879703946967100E+15
30400	1.3053150374778200E+15
30450	1.3228696226651900E+15
30500	1.3406372622690600E+15
30550	1.3586193725295300E+15
30600	1.3768191681144000E+15
30650	1.3952391152286900E+15
30700	1.4138824455038800E+15
30750	1.4327507191494500E+15
30800	1.4518463727690800E+15
30850	1.4711710172887700E+15
30900	1.4907268836590000E+15
30950	1.5105168962587200E+15
31000	1.5305435017839600E+15
31050	1.5508093346573400E+15
31100	1.5713178134426300E+15
31150	1.5920714428101400E+15
31200	1.6130728883733900E+15
31250	1.6343243920227700E+15
31300	1.6558281212159200E+15
31350	1.6775868915298900E+15
31400	1.6996027773250700E+15
31450	1.7218787607917300E+15
31500	1.7444179745943600E+15
31550	1.7672232821400900E+15
31600	1.7902982006736200E+15
31650	1.8136463814149600E+15
31700	1.8372684437090500E+15
31750	1.8611687280413400E+15
31800	1.8853489282163800E+15
31850	1.9098110822312500E+15
31900	1.9345594962279000E+15
31950	1.9595969769490300E+15
32000	1.9849270974392400E+15
32050	2.0105527976614800E+15
32100	2.0364776070377400E+15
32150	2.0627049422722700E+15
32200	2.0892367288823500E+15
32250	2.1160758341816700E+15
32300	2.1432253631836900E+15
32350	2.1706887059920600E+15
32400	2.1984688090018200E+15
32450	2.2265701244877000E+15
32500	2.2549950953080800E+15
32550	2.2837490943995400E+15
32600	2.3128337014770000E+15
32650	2.3422533795295900E+15
32700	2.3720099991452800E+15
32750	2.4021073902246100E+15
32800	2.4325483374816600E+15
32850	2.4633366031651100E+15
32900	2.4944761588091500E+15
32950	2.5259722522750500E+15
33000	2.5578260589713200E+15
33050	2.5900441264447400E+15
33100	2.6226291713875000E+15
33150	2.6555827737618100E+15
33200	2.6889104282376500E+15
33250	2.7226150351998900E+15
33300	2.7566990894524100E+15
33350	2.7911683953853800E+15
33400	2.8260265497278800E+15
33450	2.8612778018134700E+15
33500	2.8969271448371100E+15
33550	2.9329776854290700E+15
33600	2.9694331296086000E+15
33650	3.0062967372407800E+15
33700	3.0435722199198600E+15
33750	3.0812649041785000E+15
33800	3.1193772729201000E+15
33850	3.1579153183104500E+15
33900	3.1968840594805900E+15
33950	3.2362868279349100E+15
34000	3.2761290231272600E+15
34050	3.3164147093322700E+15
34100	3.3571466125586300E+15
34150	3.3983282753430200E+15
34200	3.4399659300801100E+15
34250	3.4820629773987300E+15
34300	3.5246244563334600E+15
34350	3.5676562322702000E+15
34400	3.6111622556007100E+15
34450	3.6551484491179300E+15
34500	3.6996185013156300E+15
34550	3.7445764624921000E+15
34600	3.7900266649509900E+15
34650	3.8359741160389400E+15
34700	3.8824229868796500E+15
34750	3.9293801298833900E+15
34800	3.9768488117770800E+15
34850	4.0248358992235800E+15
34900	4.0733468115779300E+15
34950	4.1223859307883300E+15
35000	4.1719573766659500E+15
35050	4.2220672679971100E+15
35100	4.2727184980510900E+15
35150	4.3239181194593500E+15
35200	4.3756705149728000E+15
35250	4.4279815215750600E+15
35300	4.4808572927920300E+15
35350	4.5343038796115600E+15
35400	4.5883263825934400E+15
35450	4.6429307632645200E+15
35500	4.6981206601364600E+15
35550	4.7539023695141600E+15
35600	4.8102800459230700E+15
35650	4.8672616817636400E+15
35700	4.9248513275005400E+15
35750	4.9830558643704100E+15
35800	5.0418825840574200E+15
35850	5.1013371364405600E+15
35900	5.1614247868733000E+15
35950	5.2221514307617900E+15
36000	5.2835222203674900E+15
36050	5.3455426583847200E+15
36100	5.4082197011629700E+15
36150	5.4715586864427400E+15
36200	5.5355669126217600E+15
36250	5.6002518923066400E+15
36300	5.6656214321746200E+15
36350	5.7316783902601900E+15
36400	5.7984325140896400E+15
36450	5.8658879997014900E+15
36500	5.9340492777837200E+15
36550	6.0029247552226900E+15
36600	6.0725211680165100E+15
36650	6.1428456181525200E+15
36700	6.2139062855957000E+15
36750	6.2857096978075900E+15
36800	6.3582632496354300E+15
36850	6.4315715878734400E+15
36900	6.5056431002918300E+15
36950	6.5804848970006900E+15
37000	6.6561024944425000E+15
37050	6.7325025505021000E+15
37100	6.8096939431481700E+15
37150	6.8876837772639600E+15
37200	6.9664812536627700E+15
37250	7.0460939884970900E+15
37300	7.1265286358841700E+15
37350	7.2077915340064000E+15
37400	7.2898910145457900E+15
37450	7.3728315445170100E+15
37500	7.4566244424392000E+15
37550	7.5412763209695900E+15
37600	7.6267948619245700E+15
37650	7.7131892561491600E+15
37700	7.8004692396163100E+15
37750	7.8886406304994900E+15
37800	7.9777119992614400E+15
37850	8.0676925579887300E+15
37900	8.1585855328375500E+15
37950	8.2504023188371400E+15
38000	8.3431514873631400E+15
38050	8.4368396851721500E+15
38100	8.5314799030525800E+15
38150	8.6270795167783700E+15
38200	8.7236454212593900E+15
38250	8.8211898156061200E+15
38300	8.9197177555674400E+15
38350	9.0192380480635300E+15
38400	9.1197586124688800E+15
38450	9.2212888865234400E+15
38500	9.3238405548975200E+15
38550	9.4274218197756500E+15
38600	9.5320410664531500E+15
38650	9.6377118417740500E+15
38700	9.7444397838305800E+15
38750	9.8522346772910700E+15
38800	9.9611053006097000E+15
38850	1.0071060628652400E+16
38900	1.0182109909647000E+16
38950	1.0294262262965100E+16
39000	1.0407530973108200E+16
39050	1.0521926316028900E+16
39100	1.0637457469983400E+16
39150	1.0754133979991600E+16
39200	1.0871966815474000E+16
39250	1.0990963084531900E+16
39300	1.1111135555744200E+16
39350	1.1232493006343300E+16
39400	1.1355044777823800E+16
39450	1.1478802838980100E+16
39500	1.1603780727849200E+16
39550	1.1729985260900000E+16
39600	1.1857434075256300E+16
39650	1.1986130635744100E+16
39700	1.2116088934216400E+16
39750	1.2247316677157100E+16
39800	1.2379826058807400E+16
39850	1.2513631059722200E+16
39900	1.2648738077123000E+16
39950	1.2785163418904300E+16
40000	1.2922918151590500E+16