==============================
B5_Energy_1
P3->P4
[[-0.000506744203768017, 0.0008098782708745382, -0.0005463673144044574, 0.0004903537435818723, -0.0012354721209863913, 0.0007877873508912728, -0.00017227950089414312, 0.00044918267008711834, -0.00019416783892989414, -6.540337502340801e-05, 0.00010173901313138538, -0.0001506401670522356, 0.00011947888602940254, -0.0001523173320635715, 0.0001039948651666466, 8.803786248122287e-05, -6.317190010254002e-05, 6.25527573632628e-05, -0.00010216186259984468, 0.0001523429962524975, -8.612986492632598e-05, -5.789115975891198e-06, -1.3938047605124401e-05, -1.073669831532704e-05, 6.173417924697729e-05, -9.574571223736452e-05, 5.361192794475295e-05, -2.4981626331832102e-05, 3.601319305880214e-05, -7.833157886415275e-06, -3.332883483602224e-05, 4.55569813367703e-05, -2.6584554365026078e-05, 7.356632841741e-06, -1.0899365025366204e-05, 3.0115281926964526e-06, 4.1100738873878825e-05, -5.4658699835778945e-05, 2.3679011114930406e-05, -2.419462033750721e-05, 3.5490943716881714e-05, -1.2361562359497943e-05, -1.0205239838555794e-05, 1.3824845374577912e-05, -6.261701083845634e-06]]
P3->P5
[[-0.00018852192598309465, 2.425351646272073e-06, -1.90405075508777e-06, -8.623206143625655e-05, -3.5703065960444994e-06, 2.861487347680141e-06, 4.660073763092332e-05, 1.2142109399275777e-06, -1.0346282594147443e-06, 4.766019118077128e-05, 2.958013436561075e-07, -1.37954112682217e-07, 2.380191310026483e-05, -2.442176888202475e-07, 1.411565962157857e-07, 7.881642480701578e-06, -1.8992893457803807e-08, 2.618082338918026e-08, 8.634783759984336e-07, 1.1711011879882973e-07, -5.2955596472920754e-08, -9.89409932531295e-07, -1.3464567711035968e-07, 5.535416474396305e-08, -1.2022982999227301e-06, 1.8014451251015704e-07, -7.732322798436268e-08, -4.887665904451199e-07, -2.092267401798801e-07, 8.978153433110746e-08, -2.8360265184690394e-07, 1.2390485330701484e-07, -5.275429226574184e-08, 1.0324561182522973e-07, -1.8307389750896795e-07, 8.376340412105773e-08, -4.3958613017640086e-08, 1.6978422345357883e-07, -7.503607611921139e-08, 1.6752772872504107e-07, -1.8513891023647155e-07, 8.745573871298402e-08, -8.254532050120739e-08, 1.80276901554207e-07, -8.810366030671546e-08]]
P3->W3
[[-0.0008755879216873499, 0.0004627023027039531, -0.00038645059054076715, 0.0008419319799294623, -0.0009017970074330821, 0.0006344316650394542, 0.00010979184195311386, 0.0002333721642235172, -1.537242372500689e-05, -0.00025672802195304134, 0.00030008728636811107, -0.00040618421409254873, 3.5051037096840804e-05, -0.0003753923991029578, -3.280029060180827e-06, 0.00029607441916590556, -0.0006683137303532163, 0.0003022417548753401, 0.00019568037242609162, -0.0003216616773703618, 0.0002936103837247111, -0.00012674785795605147, 0.00030078211490562915, -2.5595287383347372e-05, -0.00030395758917847656, 0.0005396716496845865, -0.00024149637723791423, -9.593403825714157e-05, 0.0001115935238049229, -7.683368998414577e-05, 5.428483652442019e-05, -0.000143809908681795, 3.307771774260884e-05, 0.0002045111751701486, -0.0003277159553221186, 0.000183222404847903, -2.089646804584701e-05, 7.250986654290466e-05, -2.3506577328547417e-05, -1.4766286217476383e-05, 4.676547747133843e-05, -4.350168338581646e-07, -0.00011258922987245624, 0.0001825633694997109, -0.00010932957799233373]]
P4->P5
[[0.00023420808513989507, 2.3399649008522517e-06, -1.7637720605372633e-06, -0.00023740042004990886, -3.670157779374655e-06, 2.76669964830055e-06, -1.8707091274442037e-05, 1.4756934662294321e-06, -1.1251335290189458e-06, 1.775696393669193e-05, -1.4634596674548356e-07, 7.699294194449676e-08, 1.0392787549752336e-05, -7.089919617052503e-08, 4.59963953179378e-08, 2.9465934796350524e-06, -1.487527028262658e-07, 8.783468608536886e-08, -4.220313704261754e-07, 4.621103144078438e-08, -2.4320824767857237e-08, -1.0990769763966136e-06, 3.880045615486149e-08, -1.7505327347557188e-08, -7.087856084426459e-07, -6.045577826728209e-08, 2.8304824424823397e-08, -3.587868876895158e-07, 3.16852657482029e-08, -2.2385453926701495e-08, 4.3811390580318266e-08, -1.1869169832163116e-07, 6.273905160357182e-08, -2.1212799642371657e-08, 9.769153328256319e-08, -5.9549164821130956e-08, 2.079643731263459e-07, -1.9318197303663105e-07, 9.991334887659084e-08, -5.830134033594351e-08, 1.3007150494290546e-07, -7.034410230088131e-08, 8.497516791736607e-08, -9.540077382990175e-08, 4.385024710378124e-08]]
P1->P3
[[0.000874679101408175, 8.022276664226617e-05, 0.0002647426352955207, -0.001317472916107396, -0.00021076125025341278, -0.0003630853079478873, 0.0005086345047637214, 0.0002868018655540656, 3.6672102304793716e-05, 7.866765117522317e-05, -0.0002595325345331165, 0.00014853817161283848, -0.00019163097192087506, 0.00012091833387452056, -0.00011048626539354622, 4.4932698677176704e-05, 8.691712948561389e-06, 3.638797576519288e-06, 3.3321609769811394e-05, -4.352261514523823e-05, 3.525614411131426e-05, -2.202666696537388e-05, 1.7117840075085144e-05, -1.6191579869890733e-05, -2.4776419406442138e-06, 7.568396600603374e-06, -2.3271929790309734e-06, 7.691735315064163e-06, -7.678024387831684e-06, 3.5152166472169744e-06, 2.5365364929956915e-06, -5.060289895339102e-06, 1.1902543729499224e-06, -1.2935238717716585e-05, 1.962889407042347e-05, -7.0771543855108394e-06, 1.7408405651420163e-05, -2.8042045777385504e-05, 1.2186198128202833e-05, -1.198871955604208e-05, 2.019023245475221e-05, -1.0097019283300554e-05, 1.038006505395576e-06, -2.5059484153592627e-06, 2.197535977739284e-06]]
W3->P5
[[0.0004676631194719453, 0.002480921018948815, -0.0005134203910040304, 0.00026742962398535554, -0.002882157057684156, 0.0007604831138079098, -0.00014736802953269635, -3.221254268631626e-05, -0.0003218788721830162, 0.000198253664602064, -0.0004863670154982619, 0.00016449819513498565, -0.0005077342286801894, 0.0005740367654641764, -0.0001084770551547988, -0.00012190505558514644, 0.00016766052744460395, 5.6128151444474085e-06, 0.0003283331775874571, -0.00040954517555300967, 0.00012078271890546853, 8.819226467861455e-05, -0.00010264768813649602, 1.5076459912738895e-05, -3.281342783032664e-05, 1.412369006019577e-05, 1.953866591550066e-05, 6.436318256672364e-05, -0.00014319892691031172, 7.839322788946764e-05, 1.187601615051452e-05, -2.6485489224619323e-05, 4.083051918059375e-05, -0.00010325178916708093, 0.00015709488381190453, -6.940806903383274e-05, 1.7789638276832818e-06, 2.722907676266148e-05, -4.035239298882307e-06, 3.2424642212510696e-05, -3.5455275657956576e-05, 1.519275735629332e-07, 6.739420667288975e-05, -8.335301246022167e-05, 4.9056351482999335e-05]]
W3->P4
[[0.000342208256643399, -5.114962403184981e-05, 2.1175197838341263e-05, 0.00045159576603667263, -0.00010174798458289532, -3.815014917221814e-06, 0.00019687989876675455, -0.0004056959779846495, 1.8569902318378064e-05, -0.00012733494196034596, -0.0002590639112771716, 2.697493351236862e-05, -0.00015058401064998975, -0.00013206615832731084, 7.804583498363096e-05, -0.0001423438112020733, 0.00010302456208462966, 3.6592234921144744e-05, -3.417813266946718e-05, 8.193821450828668e-05, 3.211931729942765e-06, 3.495769695053283e-05, -1.451436215389968e-07, 2.7754591815613126e-06, 4.471412590938067e-05, -4.669242835656689e-05, 2.7220406296841942e-05, 4.694378325529119e-05, -8.1477885259717e-05, 4.626438718313214e-05, -3.67480783287971e-05, 5.0573395533930605e-05, 2.974824016666237e-06, 2.1228480959759945e-06, 2.8415087349637884e-08, -3.012398392914942e-06, -4.1387962633144545e-05, 8.085617643947036e-05, -3.08155276584309e-05, 2.7173094417229222e-05, -3.173251552062037e-05, 1.1114649516290972e-06, -2.8437760042989004e-05, 5.213646168531953e-05, -1.3805099211013082e-05]]
W3->P1
[[-0.0004279754349628276, -0.00011003233303994609, -0.0002252474494053646, 2.0972777754767685e-05, 0.0001249146345002241, 0.00020091882009655156, 0.0001320614334951076, -0.0002315231485655942, 0.0001545016085819758, 1.550648452426441e-06, -1.1869381768449516e-05, -5.992960593422913e-05, 1.786091233913036e-05, -5.7163437640531055e-05, -3.075263141071106e-05, 3.135300101996361e-05, -5.860828044041504e-05, 1.0904748160209628e-05, 5.115687399023919e-05, -8.425917822239617e-05, 5.0235959929435896e-05, 3.964336082583284e-05, -4.813716967352662e-05, 4.018318587530288e-05, 4.00090702190003e-06, 3.9854725568454664e-07, 1.1875179365752149e-05, -9.299070979925261e-06, -2.3094464362718402e-05, 1.5667048300682753e-05, -1.5659700368635313e-05, 2.9920209499447238e-06, 7.4795567357650145e-06, 5.810891447859898e-06, -3.4312911275460405e-05, 2.427713946126506e-05, -6.569531192317286e-06, 3.907466609192798e-05, -9.236681650333456e-06, 2.964569688588897e-06, 4.070370217143238e-06, -2.5859718271069378e-06, -9.809013076042316e-06, 4.3268931280161656e-05, -2.0153809938783937e-05]]
W3->P3
[[-0.0008767087861470438, 0.0004638846054683981, -0.0003867588795545712, 0.0008405474556241648, -0.0009005497813314097, 0.0006342223757156052, 0.00010799644679313866, 0.00023543722983617558, -1.5969451951628028e-05, -0.0002577232233953777, 0.0003011567315305212, -0.0004064306597769515, 3.387566969369588e-05, -0.00037402343720335237, -3.6493882151494474e-06, 0.00029544509797766887, -0.0006676188317408867, 0.00030213085890855486, 0.00019520835803264698, -0.00032101453358934686, 0.0002934673252775881, -0.00012696386318614833, 0.00030119748574194944, -2.5726343101909447e-05, -0.0003039265053891595, 0.0005397814522481562, -0.00024153598897980915, -9.616322296273398e-05, 0.00011201697299186012, -7.702464584779923e-05, 5.4431448297637044e-05, -0.00014395307717905828, 3.3116053911394743e-05, 0.00020423575275512607, -0.0003272527616948862, 0.00018301222527641265, -2.057329705282551e-05, 7.211951853029833e-05, -2.3400260214947178e-05, -1.4871060209519835e-05, 4.6973914034013644e-05, -5.724787627640338e-07, -0.00011232399913440179, 0.0001821995908295586, -0.00010922639493374796]]
P5->W3
[[0.00046868152933851717, 0.002479891432382597, -0.0005131831995888893, 0.0002689151193458288, -0.0028835572886318013, 0.0007607677172997426, -0.00014567224002341936, -3.414549839427737e-05, -0.000321347858337094, 0.00019940216951796244, -0.00048765025495823243, 0.00016484189611741488, -0.0005066733097320018, 0.0005728171745017998, -0.00010818556425524318, -0.00012119488698237872, 0.00016686066084425685, 5.7904741772871e-06, 0.00032875886908258813, -0.0004101185231361973, 0.0001208845426586834, 8.844808241701153e-05, -0.00010311532747689551, 1.5245454005062263e-05, -3.288037568002334e-05, 1.4069585171672764e-05, 1.9558240637467057e-05, 6.450409543307409e-05, -0.0001434991149219362, 7.850523400609789e-05, 1.1806210529625329e-05, -2.6460088464929325e-05, 4.085005234114013e-05, -0.00010320496518737346, 0.00015695553689088097, -6.936458202182044e-05, 1.6826051077543785e-06, 2.728558482411431e-05, -3.9822078297717005e-06, 3.232205152845938e-05, -3.5357735323894765e-05, 1.409656886833667e-07, 6.728973754648241e-05, -8.322485336502712e-05, 4.907047865439833e-05]]
P1->W3
[[-0.00042701690363660544, -0.00011098352811726072, -0.0002250511941701787, 2.272256776073137e-05, 0.0001231321269415648, 0.00020136826449852408, 0.00013354883709134523, -0.00023315655451730603, 0.00015488905146051335, 2.7914075836951686e-06, -1.3290154583864406e-05, -5.954427477563464e-05, 1.878850817979221e-05, -5.818208543798583e-05, -3.055060997099435e-05, 3.2177535921622856e-05, -5.9585580112292275e-05, 1.1143210546743344e-05, 5.153820336061539e-05, -8.47811594877725e-05, 5.0312353132450983e-05, 3.998003585206871e-05, -4.872297580644666e-05, 4.0405848275674127e-05, 4.076985085397854e-06, 1.3203669386959383e-07, 1.1980488663416195e-05, -9.312675484185176e-06, -2.31708376040506e-05, 1.5693808050886626e-05, -1.5666308747734788e-05, 2.935481663005884e-06, 7.514498690872925e-06, 5.7873652603287306e-06, -3.435785793875099e-05, 2.4293696191318044e-05, -6.551600172804596e-06, 3.8980936236373424e-05, -9.118817418278538e-06, 2.809212956990335e-06, 4.2287938142033115e-06, -2.6350298397519744e-06, -9.902766422746803e-06, 4.3376254304346305e-05, -2.013299136979997e-05]]
P4->W3
[[0.00034329412534169423, -5.228348274383601e-05, 2.145940848517949e-05, 0.0004529550761338885, -0.00010296148503175587, -3.6227462881312887e-06, 0.0001986332822915067, -0.0004077044722998943, 1.9131367988680343e-05, -0.00012628716347155822, -0.00026020889440033694, 2.7256465630461646e-05, -0.00014949815758219767, -0.00013331314569256942, 7.834163094112351e-05, -0.0001416254925030952, 0.00010219815343219559, 3.677604800044271e-05, -3.374455232333158e-05, 8.135975259030608e-05, 3.3260360471542e-06, 3.530163177821549e-05, -7.505793791317678e-07, 2.9977405970572585e-06, 4.471502622020577e-05, -4.683692278586169e-05, 2.7287875551837816e-05, 4.716184285051034e-05, -8.188341049361301e-05, 4.644135092988371e-05, -3.6871264688773944e-05, 5.068788991967957e-05, 2.943133903611672e-06, 2.259889489924424e-06, -2.385327691294545e-07, -2.9034351967845094e-06, -4.154173409518242e-05, 8.099368609637987e-05, -3.078746790158423e-05, 2.715772263191488e-05, -3.1761770349307656e-05, 1.1505219748801773e-06, -2.8601214149668047e-05, 5.2336628623056585e-05, -1.3835525099300281e-05]]
P1->P4
[[-0.0002276435320021857, -2.727699124925104e-05, -0.000146442876402108, 9.124327564406616e-05, 7.843445908709386e-05, 0.00018435609436427152, -5.50740674923194e-05, -8.324830009186226e-05, -1.2645484369393966e-05, -3.223040601641907e-05, 3.1113049440576895e-05, -3.884443845386265e-05, 3.875601724559147e-05, 8.063869164230603e-06, 7.783877060515382e-06, 3.619759564936608e-05, -5.082735558354821e-06, 7.535139058987262e-06, 1.4166985795306641e-05, -4.145929325770163e-06, 1.1216769200969158e-07, 3.147894242328908e-06, -4.296695150586162e-07, -9.137454432538113e-07, -1.4311219189362813e-06, 1.8051097543181525e-06, -5.134144543134134e-07, -4.494780430764966e-06, 1.1539832762967554e-06, -2.586936036242816e-07, -2.490475867321342e-06, -1.0489552919326338e-06, 3.844055519977745e-07, -3.5205815405777126e-06, 1.1194680123911284e-07, -1.5593110572633115e-08, -3.650694297883773e-07, 2.916672005881983e-07, -2.086380838766316e-07, -1.6379856675282686e-06, 1.1426051580675697e-06, -6.161762436700589e-07, 1.1361405277925492e-06, -2.8311561893779e-07, -7.394604758478998e-08]]
P1->P5
[[-0.00017038428720985108, -4.42659660701672e-06, 3.4073838656213664e-06, -0.00011273969745461708, 3.2135300866987923e-06, -2.469359531767347e-06, 2.2660724455537555e-05, 1.3031135115594308e-06, -1.1339339522314752e-06, 3.926193569796723e-05, -5.3738706046790555e-09, 5.485312604597369e-09, 2.5659205057964477e-05, -5.599455253975443e-07, 3.4343172625779195e-07, 1.2962148235194394e-05, -3.848908392562759e-07, 2.6630172554007764e-07, 5.4506176980802805e-06, -3.792519314313564e-07, 2.3507127645221397e-07, 1.66799689297355e-06, -3.339003964975732e-07, 1.998507552699387e-07, 5.1081377876699605e-08, -1.8894803521232035e-07, 1.3694835569731948e-07, -2.8201419295684524e-07, -3.6943552183219283e-07, 2.0825939921985156e-07, -4.229953474154282e-07, -6.395492919887791e-08, 8.164347652160014e-08, -1.3450028720743358e-07, -3.075084929898088e-07, 1.6716292131147279e-07, -2.528973987487087e-07, 1.546620641733945e-07, -2.1226710276451525e-08, 1.2619918627405169e-08, -1.395261896737974e-07, 7.291474711912049e-08, -1.354545226762986e-07, 1.998623473888602e-07, -6.503921843962507e-08]]
