==============================
colrel_FactorOne
P3->P4
T_min:200.0 K    T_max:3000.0 K    P_min:0.0001 atm    P_max:10.0 atm
[[-26.155334571644566, -1.1555678201769128, 0.06263388962696857, 7.731965601619239, 1.3034941936536455, 0.014539722678160588, 1.218298184111264, 0.2758948395188929, -0.17139866497500886, 0.5469471512618067, -0.4982129944985549, 0.057061758252304216, 0.20553036151441198, -0.1496146894981935, 0.1054438161377213, -0.008790479577697198, 0.24096025892427037, -0.04294731900671129, -0.007172071786695245, 0.1303273150892013, -0.07732739286278809, 0.09890102278424964, -0.14497183913840464, 0.03530972374272163, 0.04545186700281631, -0.08775509710243162, 0.04815039387570384, -0.0686551150710955, 0.09415527687237195, -0.02744943367798491, -0.026877448322327396, 0.038305849590020175, -0.022877280950885485, 0.021879491735464576, -0.03334412531250853, 0.010562189596690611, 0.034875290290225375, -0.04637540786451464, 0.020552666233460137, -0.02486020393292748, 0.04002172701536187, -0.013548432453300762, -0.004503759226265051, 0.009217435202740753, -0.00588840690447036]]
P3->P5
T_min:200.0 K    T_max:3000.0 K    P_min:0.0001 atm    P_max:10.0 atm
[[-26.051115778507985, 0.0034719717701507946, -0.0026829449114724284, 12.089241334914913, -0.0046413657011716136, 0.003574331617872694, 0.03156002304930148, 0.0012803576480745359, -0.0009986567618403843, 0.043589501007517906, 0.0002500373677464404, -0.00019985660665437075, 0.047916551897944686, 2.4645099202296402e-06, -6.819219450387115e-06, 0.035044611468682374, -3.2069976049207246e-06, -1.6164696944541194e-06, 0.02073312239261968, -3.479243340946152e-07, -3.1594451314710267e-06, 0.010610633601780519, -5.284378877392945e-07, -1.984921521856532e-06, 0.004872204894164789, -1.911003489621516e-06, 2.352596904460332e-07, 0.001927912155692258, -4.562045725381486e-06, 2.938815782520589e-06, 0.0007731877227128494, -3.507498682782311e-06, 2.815794793775244e-06, 0.00019258117360036734, -3.7254040701108695e-06, 3.1019195291398086e-06, 0.0001627845579377349, -2.0636554999504043e-07, 5.996822158720256e-07, 1.4838471992982703e-06, 2.4243127729193102e-06, -5.783855816621474e-07, 0.00010083356791669177, 2.709579291837869e-06, -1.967563058867195e-06]]
W3->P5
T_min:200.0 K    T_max:3000.0 K    P_min:0.0001 atm    P_max:10.0 atm
[[-5.689411436013382, 3.291840486979412, 1.037177640275417, 13.613555195399746, -0.9705728506864941, -0.8939835560796381, -0.7744664671220124, 1.1915598266528293, -0.42440471960220283, 0.16290672664614644, 0.12342328138526726, -0.07396413042684424, 0.45624085741220427, -0.2831636607510157, 0.045580991941035744, 0.16827904884593253, 0.0034362299216402596, -0.028950020652070352, 0.06810130857509597, -0.010148710477404841, -0.02433265937433901, 0.09901291967750098, -0.1452340787983052, 0.018869677425002732, 0.03067575634857575, -0.08466351649556414, 0.0018248518656508268, 0.0041333979896863516, -0.07461552384537755, 0.0011337844181534774, 0.03266379160116294, -0.10175471080840726, 0.04126841463900937, -0.048040320138117244, 0.0026622286746435554, 0.002286775770852196, 0.007525705037724288, -0.03756295151498576, 0.03660894522222087, -0.021453890180481036, 0.0002080364717126368, 0.006201342393418987, 0.028096134315799784, -0.03426495342118073, 0.0266646059164669]]
P1->P4
T_min:200.0 K    T_max:3000.0 K    P_min:0.0001 atm    P_max:10.0 atm
[[-16.205863600870817, 0.059432188404835384, -0.14520704159182143, 0.7147975685969465, -0.06917405045268848, 0.2028924719908657, 0.456195141755354, -0.005605856116003869, -0.050386613045377386, 0.14842454286665818, 0.022226753002248377, -0.02009915803766767, 0.1003820408875426, -0.0021779359199309563, 0.00979129801360979, 0.10623658245301464, -0.005006775695689671, 0.0048341076182674145, 0.07765618847192457, -0.000624371545560493, -0.0014705126434701335, 0.037496035065246854, 0.0007200232152162376, -0.0010407412261322763, 0.009726599700712008, 0.0002029037189275869, 0.0003988931216450891, -0.004549811747188872, -0.0003743177511883573, 0.0005349844572916465, -0.005849841304064343, -7.247311967996487e-05, -7.149733189400036e-05, -0.007422440301402294, -0.00010141238556526068, 1.7519780157499498e-05, -0.0023002288797133214, 0.0003318447612088189, -0.00018577597394437348, -0.0025136248726780963, 5.3695294685021556e-05, 2.569650389485033e-05, 0.001360087303271154, 0.00026534688134323577, -0.00020485357638884872]]
P4->P5
T_min:200.0 K    T_max:3000.0 K    P_min:0.0001 atm    P_max:10.0 atm
[[-34.02051825956704, 0.0039580662004539136, -0.0030607645083596167, 19.59472244100726, -0.005348455083368084, 0.004136569648142813, 0.16419415750556832, 0.00128903572770753, -0.000999139348014222, 0.11902917213486404, 0.0002310782989683853, -0.00017805071055361087, 0.08611212796817924, -2.5765308361575852e-05, 1.932529601460566e-05, 0.052044135642805384, -2.815539715617063e-05, 2.0779527869901387e-05, 0.027172152465981887, -9.187630960395002e-06, 7.042233006193876e-06, 0.012672780359326388, -4.969570278469307e-06, 3.0234439399141294e-06, 0.005474782628578323, -2.5571448822316216e-06, 1.2567916452182845e-06, 0.002127278684608142, -4.6640336210455024e-07, 2.1355677777010867e-07, 0.001014151605355597, -5.007396620886934e-06, 2.957225160491214e-06, 0.0003509178612714294, -7.073537098820304e-07, 4.375252679192849e-07, 0.0003797367966566967, -3.2520422952601223e-06, 2.2600649572338573e-06, 7.86767574167698e-05, -7.175299985726827e-07, 2.7558492220998047e-07, 0.00019973888307762275, 3.0799663325712815e-07, 2.4768986396809767e-07]]
P5->W3
T_min:200.0 K    T_max:3000.0 K    P_min:0.0001 atm    P_max:10.0 atm
[[-18.54322847463383, 3.2934818584210626, 1.0368248265391682, 1.6525741888761711, -0.9679212486506462, -0.8944938484057275, -0.4822937494441488, 1.1944475940168957, -0.42504049937215205, 0.3232019418447836, 0.12548433880391258, -0.07436799905621794, 0.5244134324269673, -0.28116458557017804, 0.04514898135750365, 0.1954307407367045, 0.004718480594340548, -0.029192107317430195, 0.07866645702382587, -0.009159459616567854, -0.024535164885212478, 0.1033321929818681, -0.14464886271937685, 0.0187506852117036, 0.03269944093273365, -0.08447564687134111, 0.0018051554893634, 0.005019147099840107, -0.07442657136364565, 0.001092032387919384, 0.033412596258129236, -0.10199317453723997, 0.04135746852550761, -0.0477865801442024, 0.002675424989724329, 0.0022791955111718526, 0.008022553817636113, -0.03796865211736351, 0.036738206663025026, -0.02137070226062983, 0.00017122429507149023, 0.006205985409967685, 0.02839917367696853, -0.03457983006502439, 0.026767723177738154]]
W3->P4
T_min:200.0 K    T_max:3000.0 K    P_min:0.0001 atm    P_max:10.0 atm
[[1.033197964677747, 0.5441509656355261, 0.09844434891319125, 3.4628753692681884, 1.0043241019766034, 0.08471462801445906, 0.035529557099640896, 0.7789632868669899, -0.1691410844414409, -0.13929793894615256, 0.41670249582861146, -0.22032094645616623, 0.21152148322879316, 0.06631720575614028, -0.13069586300342567, 0.2825151613501846, -0.16359895865182894, 0.006234945087267198, 0.16440808529534556, -0.23344864204186824, 0.05895252700093705, 0.08631757346945132, -0.2173334732497855, 0.06778537118382026, 0.05631826000968186, -0.17212068250952092, 0.060318913436176624, 0.02007472612307579, -0.10895797709735809, 0.033985799408990006, 0.014885910713876726, -0.048759097202622004, 0.028644049828768, -0.023788193408748173, 0.009274940859681427, 0.00042919648388530847, -0.006488125240625004, 0.027373363507664037, 0.00966601071986215, -0.02254878158611623, 0.03052916413160347, -0.0069188568875734905, 0.009256018434777333, 0.008374308721814475, 0.009855409007633036]]
W3->P1
T_min:200.0 K    T_max:3000.0 K    P_min:0.0001 atm    P_max:10.0 atm
[[2.7580646310031063, 2.3499314458927483, -0.26418511026693786, 6.187683057561931, -0.24915533687820984, 0.15832777071936135, -0.3162583818614233, -0.302833235451024, 0.0018162298237276182, 0.1020485568187347, -0.1362971474936506, -0.01641616921582759, 0.16597427802124518, -0.08509995526111895, -0.015923389920021562, 0.08368280790630918, -0.05497622504533247, 0.013898150901755174, 0.00443687270207729, -0.05190719894926876, 0.021515789119195685, -0.03573821021396464, -0.04706916114854204, 0.026474256619033097, -0.030262983706013134, -0.0426144467691897, 0.02650219339065498, 0.007599045959749047, -0.0516569891296714, 0.013565526863452531, 0.025705402089278143, -0.04248214360131595, 0.022298279713934104, 0.04305414479930442, -0.047811608034050296, 0.009544974530503205, 0.02275845133400662, -0.0203245189075988, 0.02275991133763978, 0.01920922381028078, -0.016670472579169017, 0.005242667110005603, -0.002320816143828709, 0.005761847600881461, 0.013196248200081988]]
W3->P3
T_min:200.0 K    T_max:3000.0 K    P_min:0.0001 atm    P_max:10.0 atm
[[0.17010129706618488, 0.6635734829061937, 0.028110507651146206, 4.0971205549041745, 1.092051289725506, 0.10194565205420407, -0.4133405636815542, 0.7655152554978139, -0.1075672592916155, 0.04458544327559398, 0.4646480327467295, -0.2556697542980911, 0.43953457283823205, -0.12091382237845313, -0.13346188385292293, 0.39214915184659105, -0.3638547588085657, 0.0312922865057228, 0.23839730129427453, -0.4086690522586189, 0.14299946332395172, 0.03739894696941085, -0.18219764165128652, 0.11047878527103107, -0.09724204740297478, 0.05240793097036709, 0.014810964923622974, -0.05412752374060499, 0.01800165990908571, -0.013874031147956212, -0.040622191356720364, 0.04601290460743583, -0.02605861669631661, 0.08782648619372792, -0.14421897715875673, 0.042709217443352196, 0.019298104424565067, -0.005288780170993678, 0.021919676788110493, 0.05960416057821345, -0.08506607879860156, 0.0411919394279151, -0.04145016007196262, 0.08194582604410966, -0.01356919291413139]]
P1->P3
T_min:200.0 K    T_max:3000.0 K    P_min:0.0001 atm    P_max:10.0 atm
[[-15.052930749059108, -0.10635249265803995, 0.11534469075685165, 0.5185472928775963, 0.15964937290399756, -0.18493658899618234, 1.0836898600748197, -0.0495189502060866, 0.08554395053690825, 0.1884820075983038, -0.02763232093492121, -0.005278589310085743, 0.0577919573411321, 0.036896726940083134, -0.020266067516044806, 0.05536807104657463, -0.013503856096834898, 0.011027466859532197, 0.02126231945206867, -0.0016194789797581263, 2.968050288279809e-05, 0.00805306444315998, 0.0029401759430649475, -0.002218545165908541, 0.0048509381628970265, -0.0014509755398927787, 0.0009765044470255726, 0.0015554373466788569, 0.000553170022800643, -0.00010564074536895266, 0.0010015163355730653, 0.0005209327325234064, -0.00031852452100592367, 0.0010912359727947804, -0.0005694528320310952, 0.0003433804774934907, 0.0008162801576663308, -0.0005513188285640897, -4.6235509897674065e-05, -0.00040802802091785003, 0.0011037545323204353, -0.00017984543050763945, 0.0005431997814943259, -0.0005939647257309687, 0.000187309531361188]]
P1->W3
T_min:200.0 K    T_max:3000.0 K    P_min:0.0001 atm    P_max:10.0 atm
[[-14.713204981447685, 2.351571060696421, -0.2645371583806775, -1.201247917989124, -0.24650055942745408, 0.15781614945099542, 0.12242259365549858, -0.2999520437142242, 0.0011835855067426446, 0.2880376021500705, -0.13422666345666465, -0.016824641399398498, 0.23658016178318178, -0.08310789261646453, -0.016351693328756398, 0.11027093669712555, -0.053687417356032045, 0.013652771606207046, 0.014605529617120822, -0.0509163082106986, 0.02131233526925972, -0.03155036089680989, -0.04649023894572887, 0.026358133083708025, -0.028277242174477996, -0.04241926900118891, 0.026479076442966414, 0.008487405019993826, -0.051477021883524696, 0.013528071081457465, 0.026451454370790394, -0.04271204629519877, 0.022383637399051012, 0.04331389314774877, -0.04780340763723226, 0.00953995954681377, 0.023250098445608734, -0.02072017258567088, 0.022884451314472514, 0.019292707583369935, -0.016706980007265233, 0.005247251153121049, -0.00202012475198011, 0.005450712977177612, 0.013297319092771218]]
P4->W3
T_min:200.0 K    T_max:3000.0 K    P_min:0.0001 atm    P_max:10.0 atm
[[-32.27061312081888, 0.5457869283651933, 0.09809390538299385, 11.233140339457366, 1.0069849512497278, 0.08420009798895131, 0.439364841700821, 0.7818430899040346, -0.16977339153029639, 0.039953524161946356, 0.41877226221386527, -0.2207284720569163, 0.2830806439110198, 0.06830689827838886, -0.13112351449164328, 0.31048001998840113, -0.16230921384055746, 0.005989555424889156, 0.17527483814339964, -0.23245928045869657, 0.0587500296425539, 0.09077007918916111, -0.2167514663912386, 0.06766752395308721, 0.058390879952283335, -0.17193115664469796, 0.06029862490183181, 0.020975808648118398, -0.1087739509724645, 0.033946145563860865, 0.015629658419709806, -0.04899248758164306, 0.02873096814825205, -0.023535345064514154, 0.009283404117921905, 0.00042364666973631563, -0.005997788075602902, 0.026972901638360008, 0.009793135552799244, -0.022465679440126524, 0.030490545808497065, -0.006913573057526808, 0.009555685800215064, 0.008063842821926294, 0.009956917977407165]]
P3->W3
T_min:200.0 K    T_max:3000.0 K    P_min:0.0001 atm    P_max:10.0 atm
[[-24.63507826249929, 0.6652120234312133, 0.027758579186705924, 4.556814463658411, 1.0947097042606968, 0.10143314125317406, -0.03612895930700818, 0.768397603448953, -0.10820127799870474, 0.20384428688942244, 0.46671458359264845, -0.256075515724258, 0.49873040715885697, -0.11891913753184585, -0.13389246570931376, 0.4133676297652228, -0.36257032745228956, 0.031049481331530404, 0.24588396162583834, -0.407678016217719, 0.14279584729670194, 0.04019497858398885, -0.1816166732366226, 0.11036157237098726, -0.0960045545419144, 0.05260325195130313, 0.014788215658602989, -0.05363802554824024, 0.018186841060989396, -0.013914516286755649, -0.04010929784414091, 0.0457791634604442, -0.025971021351383926, 0.08797547861828794, -0.14420806553982649, 0.04270195195363152, 0.019715117288128945, -0.005694426210808029, 0.02204965801587479, 0.05966466923937995, -0.08510083636590061, 0.04119481829195502, -0.04117645156668222, 0.08163142780940176, -0.013465741912905086]]
P1->P5
T_min:200.0 K    T_max:3000.0 K    P_min:0.0001 atm    P_max:10.0 atm
[[-15.146159465673009, -0.0023247072625922627, 0.001828287131260979, 3.6405711690708866, 0.001893615671440538, -0.001463396688683444, -0.2015093129292764, 0.0019217283366108001, -0.0014789314461293125, -0.08407461755367412, 0.0005942940140738936, -0.00046406682756166244, -0.01678208664059176, 0.00036875096529079043, -0.00029785464167480467, 0.006307604491103053, 0.00014396328368452532, -0.0001377051600240336, 0.01013683902411359, 0.00017156182310382596, -0.00016798121368273618, 0.007805656964234784, 0.0001181779777428815, -0.0001346692136825436, 0.004803880540593109, 2.265165404817108e-05, -6.706653073242151e-05, 0.0025593424498108783, 6.797919281916139e-05, -0.0001008616577537983, 0.001156841574103809, -0.00012313957407174967, 4.6442844356575543e-05, 0.00046968194152020295, 9.242397885492336e-06, -4.3502074143665394e-05, 0.00010955861766195, -0.00019405883915392475, 0.00011811050955805381, 2.6357890298126544e-05, -7.733547399607486e-06, -9.620809113200445e-06, -1.867880084167983e-05, -0.0001528790523625475, 0.00010736855450151958]]
