==============================
colrel_FactorOne
P3->P4
[[-0.3531981840227748, 0.1584415868540665, -0.06656551714670922, 0.403660221803907, -0.10685328913431398, 0.07955709596158098, 0.03524053920077346, -0.11165538927755796, -0.018735831426992373, -0.06592307382070212, -0.03203869752041362, 0.02977365064646147, -0.06147138799872407, 0.13762368923802817, -0.018345731833602778, 0.008008274267660192, 0.03417216962942197, -0.031123720417093968, 0.04966295806749435, -0.1004371436870526, 0.014683112637142753, 0.026936360141876784, -0.05646929135729386, 0.03961617219547265, -0.039444236411126474, 0.07218905201259056, -0.014552666474729579, -0.05059376762166615, 0.07985745233485647, -0.04659903195920107, 0.06715167110229496, -0.10507032361160878, 0.039051699620573824, -0.0023582993763416413, 0.001781959157202724, 0.0035655387344008384, -0.002332745795699319, 0.006428709458254042, 0.0035585862677968414, -0.04665955081780909, 0.06842289898774725, -0.035156318379901776, 0.043714979955017066, -0.0651354441799625, 0.027666510601306742]]
P3->P5
[[-0.004486243279755664, 0.0048435090551894626, -0.003743277770884142, 0.005838936089719761, -0.0063213258447106435, 0.004870819937270599, -0.0013756724997741926, 0.0014619458354999109, -0.0011515830234618703, -0.00033796729469860417, 0.00036492824825055383, -0.0002787683666870205, -1.7572416262017924e-05, 6.001774505638259e-06, -1.3550173675244668e-05, 1.2601209776043707e-05, -2.2292068657474948e-05, 8.94656401864596e-06, -1.2964605352373946e-05, 1.499070322479348e-05, -7.204047399150319e-06, 2.699025785209405e-05, -3.9595024103096393e-05, 1.89711614454556e-05, -2.3983796098119165e-06, 5.127104185682513e-06, 2.7123487402507718e-06, 2.3643603361144403e-05, -3.453554854541095e-05, 1.877884054693744e-05, 4.281925019013124e-06, -1.6699754620140614e-06, 6.673674357756864e-06, 1.190456774615984e-05, -1.8331181993343228e-05, 7.134758029892206e-06, -1.5842841347855722e-05, 2.6574448556939656e-05, -9.544743507763373e-06, 1.7868676324383308e-06, -5.0347240507127656e-06, 3.1244038419031188e-06, -1.556967482819388e-05, 2.3236858388469052e-05, -1.3944168047170547e-05]]
P3->W3
[[0.21998610458327644, -0.010613875038042245, 0.01151229266602818, 0.30532176874983163, 0.13538453214679597, -0.00040962226788568044, 0.20132259790785104, -0.19318568309480388, 0.04083960282678947, -0.11254977154457523, -0.03126167378737145, -0.10480208900646412, 0.0738898492452096, -0.35537203788850796, 0.09728331312405751, 0.06402543585042876, -0.18733713627561868, 0.10870063648159001, 0.032872939792220106, -0.025959733464489158, 0.08927596344237257, -0.08393108475408723, 0.1978073707576916, -0.026505402438751564, -0.135322752486925, 0.2626078341889614, -0.0984510171089592, -0.02101965481082293, 0.035729255047703155, -0.015454749016042319, 0.004201832028694788, -0.005498359035595583, -0.010636604643883584, 0.1021163027792826, -0.1794851838462827, 0.0854624791873013, -0.016682307157160126, 0.035714414553944134, -0.01937838911342645, 0.017099205527537884, -0.0345452156906304, 0.02315679734692226, -0.06896414655809688, 0.12254885132250408, -0.06243500845620612]]
P4->P5
[[-0.004964455615957984, 0.005361943368458887, -0.004137743567883644, 0.006580476212623343, -0.00710706054214796, 0.005486323767905945, -0.0013876466950136052, 0.001482406805314608, -0.0011609585441428496, -0.0003285346604458192, 0.0003602523032279909, -0.00027066718439705014, 4.280492393405921e-05, -5.95971316228865e-05, 3.445458699833112e-05, 2.740829670123565e-05, -3.1962111286353705e-05, 2.2221947331554964e-05, 1.0172206162923017e-05, -8.923693283970453e-06, 1.0460452732660892e-05, 3.4946773564180127e-05, -4.864816874226222e-05, 2.6823955002986848e-05, 1.3432432034503304e-05, -1.8461659916771376e-05, 8.451764393690093e-06, 1.7410938365549862e-05, -2.1389056529240644e-05, 1.7226487604575376e-05, 1.0765048330951648e-05, -1.6074277451392196e-05, 6.801293051375134e-06, 4.5762520939144706e-05, -6.302338432447435e-05, 3.594588267928842e-05, -2.2854795928389808e-05, 3.367438686320958e-05, -1.5075402122507282e-05, 3.702808086777346e-05, -5.2863042615337446e-05, 2.7909896093239436e-05, 3.703014510541868e-06, -6.1793790540367385e-06, 1.399617514541384e-07]]
P1->P3
[[0.14211280814561028, -0.09263727473708204, 0.09350025864672487, -0.23302369456176186, 0.15011816526518457, -0.14791921518882414, 0.11858691158704301, -0.07340247171498179, 0.06444845090073002, -0.02121872518928927, 0.012512765208504488, -0.0011960681887374235, -0.013592753051686139, 0.00461839301228172, -0.013320615931880317, 0.005503807724421007, 0.002626834913427024, 0.002199510611538578, 0.0051845945025986865, -0.0069257447381631376, 0.004594723008850035, -0.004816087429880064, 0.004189946498719344, -0.002772222869126249, 0.001102083362730865, -0.0011953643474301356, 0.000497277392191436, 0.0004433228284300197, -0.00017763381005944784, -1.586140262494254e-05, -0.00025539045205310744, 0.0003563722199983675, -0.00010273841836273962, -0.0008711354727410349, 0.0012187859080273842, -0.00032935601710558154, 0.002103936683225714, -0.003229117202172482, 0.001267695414682706, -0.0019588170220473265, 0.0029644221886913373, -0.0013654062541343256, 0.0006026233427515331, -0.0008244707827581492, 0.00046560035084435545]]
W3->P5
[[6.44937430980037, -3.0607571587890394, -0.37728123975463823, -4.880465735876765, 3.009528062894002, 0.33275151491849525, -1.1563665733847497, 0.6924896000489518, -0.31339789842030114, 1.0355144431960401, -1.9861709929442888, 0.6499857751214309, 0.2906683242382491, -0.6550539179873157, 0.27159057499091643, -1.420578314728734, 1.9585235672825982, -0.6375357013961677, 0.5399944054900762, -0.7000209052344997, 0.25822099708751756, 0.33091685819525524, -0.3683178316879621, 0.1364912517619042, -0.6160313041573497, 0.9521454569423435, -0.3085862848014511, 0.486463526975455, -0.6353378550410054, 0.24887253334827808, -0.20542343935672824, 0.31045614738623045, -0.11017817555814707, -0.011564906013589232, 0.04529346836854847, -0.032401279169827296, -0.16592533134413887, 0.21529446327711388, -0.08001391477081961, 0.5181835082556937, -0.7364390124323249, 0.25435113844793594, -0.556011434741959, 0.7772289448626273, -0.2906815140060015]]
W3->P4
[[0.19153819289296112, 0.04329131566633849, 0.03425327992787893, 0.2832677741860906, 0.06336039865021649, 0.018981632453628643, 0.11352626207824555, -0.08603738044470771, -0.028791363179979476, 0.029541710045834602, -0.17495659552497078, -0.032627364965973536, 0.04902850869022363, -0.23017576974596204, 0.03203988526662722, 0.05737671972595739, -0.1518715245599266, 0.06511823497993872, 0.02041734151803967, -0.04254047676856321, 0.060261769075938665, -0.027917194184775385, 0.05467396894471329, 0.03152783675084348, -0.05189013821587565, 0.09706059773301526, 0.005429948738575234, -0.04765553191636355, 0.07669192486001455, -0.00661866103753866, -0.0348633971863032, 0.06601190511345092, -0.022352343179632358, -0.015413617916256884, 0.020753257032177425, -0.018144348440653137, -0.00610130434351689, 0.02327213044545447, -0.021939757534121574, 0.002148012364397374, -0.005097928870010665, -0.008100160141439803, -0.00035457810440512905, 0.01287506154466487, -0.00882062029696859]]
W3->P1
[[0.4228199078396894, -0.0520988928657414, -0.06600483196510383, 0.06351623600037208, 0.0020806903623497887, 0.060230044562539074, 0.008376174045930364, -0.15172677913632318, 0.07616835998388645, -0.05881628699658074, -0.014732616759498125, 0.0007289040772012066, -0.016176233540677046, -0.03810286334490825, 0.010143458269293, 0.01588403509706273, -0.011377454823732638, 0.008956808241379354, 0.040045320417790777, -0.03050749990985584, 0.023279171311564553, 0.03238529736221245, -0.02105852274770268, 0.023841006591607317, 0.010254470175262776, -0.0017307687172282448, 0.016165242039367922, 0.003211328686030559, -0.02168207224308371, 0.019034542220775105, -0.00896373280520208, 0.013407690608995618, 0.0021500224600128756, 0.0033801601276311744, -0.019797037167037762, 0.010269197205186332, -0.008681734830017036, 0.03208611934043648, -0.010169645355040531, 0.0022096755271395923, -0.004735499786604697, 0.0013415505023052286, -0.008874953577197994, 0.03349562340825435, -0.012223240916385755]]
W3->P3
[[0.21946755238034457, -0.010123814890181895, 0.011428706193683044, 0.3044626617174189, 0.13616334423751364, -0.0005622703370006805, 0.20039275273201299, -0.19229587357915556, 0.04068768883136608, -0.1132589730419783, -0.03059527661291229, -0.10494260843588442, 0.0732127368095376, -0.3547053421931155, 0.09714203704749094, 0.06359682044361006, -0.18693776407404322, 0.10860668837693468, 0.032494482430780035, -0.02557300603781997, 0.08916560311200063, -0.08420031061101166, 0.19809844619867495, -0.026596918500200604, -0.1354388199213853, 0.262723360574185, -0.09850382853795953, -0.02114882122447249, 0.0358873942023319, -0.01551890597813957, 0.004235363162316869, -0.005535782432319591, -0.01066127302546338, 0.10211096322108876, -0.17947776581889166, 0.08545501245603679, -0.016599329644405986, 0.03562863613768701, -0.019388302155673616, 0.017104022883913158, -0.03455041374871308, 0.023158827416319316, -0.06890278705045377, 0.12248315780169379, -0.062441614668746676]]
P5->W3
[[6.449881963375508, -3.0612355003938174, -0.3772008814776685, -4.879659833669876, 3.008825453336258, 0.33285530221858334, -1.155429425322069, 0.6915841598127573, -0.31323566104499545, 1.0362040728055668, -1.9868060483954744, 0.6501045010237427, 0.29134508788633595, -0.6557204194392542, 0.27173430930090003, -1.4201204458064303, 1.9580858094681224, -0.6374250019973666, 0.5403453644521526, -0.7003715907097838, 0.25831072455925297, 0.3311706781673006, -0.36858221525757073, 0.13657558807484807, -0.6159177285644135, 0.9520288368759963, -0.3085419092423888, 0.4865838409463552, -0.6354822434040096, 0.24893095105910618, -0.20549392868404306, 0.310547669935271, -0.11018371725658359, -0.011512440481265554, 0.045213638499620734, -0.032355919558868074, -0.1659887836363638, 0.21536091150677542, -0.07999489624535418, 0.5181796221416618, -0.7364390173805034, 0.2543554399740199, -0.5560627040097207, 0.7772812066362218, -0.29067057374284194]]
P1->W3
[[0.42328886407869687, -0.052519661869822626, -0.06594921687376851, 0.06439470119541807, 0.0012769354616528647, 0.060382085394177505, 0.009237712718361251, -0.1525231538718826, 0.07628319733217462, -0.058102320813428414, -0.015404292652182927, 0.0008607344708781596, -0.01552884835635081, -0.038726426855602875, 0.010270768600346479, 0.016359143535708505, -0.011845924499617163, 0.009075280675210705, 0.04038893314408412, -0.030845260886781044, 0.023365541966167885, 0.03265144178127928, -0.02134293262220303, 0.023929185946251052, 0.010425533743583269, -0.0019267213613078018, 0.016250429487055254, 0.003300686240952945, -0.021781039358446462, 0.019077043591081384, -0.008997881015878055, 0.013449253516404726, 0.0021684672043782763, 0.003390574724225933, -0.019816104285664046, 0.010289094942757903, -0.008744086681846631, 0.032145901560882977, -0.010153781287980031, 0.0021800032381631075, -0.004695139746426164, 0.0013274960971555077, -0.008943001801344136, 0.03357169999754306, -0.012227675491591419]]
P4->W3
[[0.1919849867104358, 0.042908307304060964, 0.03429183487981548, 0.2841864823059142, 0.06248793341921846, 0.019166100731958322, 0.1143964233593812, -0.08683721585533057, -0.028677128476581774, 0.03029997252372247, -0.17569979359431262, -0.03245540944023902, 0.049686268923205504, -0.23080909513742584, 0.03216785463659264, 0.057822275891573, -0.15229736158449603, 0.06522526700786739, 0.020810264040024406, -0.0429487894772864, 0.060381343429779334, -0.02772751778563563, 0.05450213246927899, 0.03156427137416848, -0.051675257137492464, 0.09679799359099922, 0.005548568199543464, -0.047612791476305025, 0.07666378218212022, -0.006617662621965518, -0.03482650664356128, 0.06594311652768516, -0.02227768986777844, -0.015427343995661029, 0.020776330740294224, -0.01815070549832845, -0.0061494850175097485, 0.023306781069329405, -0.02190657230585804, 0.002137306078756209, -0.00508281421720142, -0.008105949210941554, -0.00043803501483755846, 0.012975098233816101, -0.008830456773758875]]
P1->P4
[[-0.10875595690369462, 0.02846502034422701, -0.07037557863727963, 0.14187353585825566, -0.021943151842874056, 0.08840498021327796, -0.019999351880281534, -0.021852162221043105, -0.007015800094910756, -0.02224149255545693, 0.01798236477338886, -0.016955592230585705, 0.005117685793881272, 0.0014186217807560073, 0.002572830905568971, 0.00489874678013338, -0.0035531349221483593, 0.003670334836458241, -6.836812467528657e-05, -0.0015069567450133087, 0.0003556411093713701, -0.0007224845368187913, 0.00019998164901278805, -0.00046832656910511777, -8.846245215837257e-05, 0.0005379622377286071, -0.0001598074400239895, 0.00015530715255360704, 8.758526446835121e-05, 0.00014132602704596204, -8.257898504364468e-05, 3.2538654553195613e-05, -7.16426460692647e-05, -3.3106614590114434e-06, 9.889099990024217e-06, 5.464231900467132e-06, -0.0002648547425402024, 0.0003479982295600461, -0.0002466878575570634, -0.00013288666709368753, 0.0001575834079651533, -6.118514500418217e-05, -0.00012414371818640974, 8.60291421740309e-05, -0.00013124637562202384]]
P1->P5
[[0.0027247126856634113, -0.002939169542091521, 0.002267563202165697, -0.002206739867618439, 0.0023499244966166464, -0.0018421843166649397, -0.0019947477359951583, 0.002064924037644143, -0.001685306470906552, -0.0006902971517976635, 0.000713230935989745, -0.0005787968339783932, -0.00021547303682347858, 0.00015391511867241377, -0.00019507515393377416, -0.00011189303545034244, 8.666352566185975e-05, -9.075854232108577e-05, 1.7614505839940768e-07, -7.470006411672244e-05, -1.3759160854891313e-05, 1.382681403299382e-05, -7.573548179034391e-05, 6.219532851669207e-06, 1.4196930354559592e-05, -4.665385351361676e-05, 1.369672845020665e-05, 8.79781060245797e-05, -0.00015811070474169075, 6.498923591248391e-05, 8.010575449611685e-05, -9.468488820268869e-05, 7.197287955993896e-05, 3.867317578343654e-05, -6.40205354309661e-05, 3.636933429788615e-05, 9.080319051780945e-05, -8.285408321581385e-05, 7.945215855343229e-05, 5.090160431285011e-06, -6.459721701328328e-06, 9.747607832166757e-06, 2.6756727913850675e-05, 1.909833698106177e-06, 2.8118085244597907e-05]]
