==============================
W3_Energy_1
P3->P4
T_min:200.0 K    T_max:3000.0 K    P_min:0.0001 atm    P_max:10.0 atm
[[-26.120222973802065, -1.1700097436096701, 0.06889205350955972, 7.695909441414365, 1.3131422433738165, 0.007045647529951577, 1.2130872496773215, 0.2864732818706327, -0.16972812451217256, 0.551051486507652, -0.4962447183575402, 0.05460526164836808, 0.2090927344683304, -0.16126731554507573, 0.10684327306852778, -0.008699074283266672, 0.23774583560955248, -0.03998532813968661, -0.010352020660685156, 0.13931206111603286, -0.07867785019885946, 0.09723093488438049, -0.1401056052226049, 0.031689708485856526, 0.049186022241170795, -0.09440332908915954, 0.04958353466806273, -0.06473385245466426, 0.08758479907916122, -0.02336915678198878, -0.032659081582677364, 0.04720933097853697, -0.026316997829182474, 0.021543203584697263, -0.03319596162001056, 0.010129083565493502, 0.03529227302873021, -0.04729629240626158, 0.020424898444762783, -0.021209126079816277, 0.03458089491864542, -0.01060788113818155, -0.00767347955014939, 0.0142821936325778, -0.008232350039502793]]
P3->P5
T_min:200.0 K    T_max:3000.0 K    P_min:0.0001 atm    P_max:10.0 atm
[[-26.081183787762942, 0.002853856527760712, -0.0022070460678217142, 12.126186087818883, -0.003826417332132943, 0.0029482247921322944, 0.026602561502400604, 0.001087124177619932, -0.000848773958298185, 0.042227493469298626, 0.00021248857683689793, -0.00016942423660899617, 0.04737388910437378, 2.4254640558496025e-06, -7.020351311992394e-06, 0.034938038960167284, -3.4277332966097577e-06, -1.1474972470927555e-06, 0.020745693351670046, 5.570973098484653e-07, -3.826567930340175e-06, 0.010653976930987786, -2.747524438637128e-06, -6.970983475886819e-07, 0.004934541705191499, -2.0442414062479425e-06, 2.3266392861305815e-07, 0.001918336711776343, -3.066388851527503e-06, 1.5559804927632923e-06, 0.0008074936515075334, -4.091168175518758e-06, 3.5447340058891145e-06, 0.00017480093343197648, -1.373429626633138e-06, 1.1183401910449132e-06, 0.00016721112161309997, 1.5620414706709233e-07, 1.3033071419532835e-06, 2.3618447213525316e-06, 4.3844527682089846e-07, -1.437096544573786e-07, 9.503056652806187e-05, 1.0564191107671387e-06, -1.0090175267563979e-07]]
W3->P5
T_min:200.0 K    T_max:3000.0 K    P_min:0.0001 atm    P_max:10.0 atm
[[-6.408488436176192, 3.587694555450489, 1.0854483765674003, 14.179718193480639, -1.258267149258169, -0.9410444586289544, -0.6539570612389822, 1.1079628384152846, -0.3858548909116784, 0.026744473983557338, 0.3702783656731545, -0.1546323662015177, 0.45455131321564174, -0.2581194225138108, 0.03340878007218418, 0.31550880729175923, -0.1955996280319236, 0.03635558158664523, 0.002417784121914594, 0.07812258030708778, -0.057134329422236695, 0.050474799165288076, -0.08599682870222365, -0.0031342479336575217, 0.09953179957174854, -0.18976960391311318, 0.036322308840405264, -0.021887558129068438, -0.047556235664530794, -0.011327709751419559, 0.02289658265634668, -0.08884071293288144, 0.03575855036717059, -0.04205034311926929, -0.013354587694657319, 0.008785313413814685, 0.025625765633846623, -0.059432994734935615, 0.04513037865567468, -0.051594411590360566, 0.04050088015813054, -0.007405615006467976, 0.056625930223398124, -0.06986354272944699, 0.040785525787230416]]
P1->P4
T_min:200.0 K    T_max:3000.0 K    P_min:0.0001 atm    P_max:10.0 atm
[[-16.193792092183457, 0.05691311071290939, -0.13844638110904411, 0.7032164224189604, -0.06749171851135499, 0.1944827986876574, 0.4574011636713266, -0.0031831552641880924, -0.04987584865663096, 0.14840084899595085, 0.020471523879951818, -0.018456368616832714, 0.09815200418154553, -0.0024054850394989056, 0.009597025690189727, 0.10511334899454901, -0.004669837051594803, 0.00448572039551399, 0.07799662634092934, -0.00042131648589267796, -0.0015331954987753758, 0.03825262414855344, 0.0006875340258235388, -0.0009927638194735867, 0.010292325359916367, 9.847199881459492e-05, 0.00043755371641555083, -0.0042527838896936525, -0.0003601676007321067, 0.0005272851317627535, -0.005804803167583851, -9.111119360929093e-05, -5.8545688090703396e-05, -0.007442276727931447, -8.295864849132034e-05, 1.6743922641236156e-05, -0.0024160244620837702, 0.00023827061944737865, -0.000148112514839729, -0.00260156129528596, 7.650555661387042e-05, 2.2888161379149e-05, 0.0012238020888819376, 0.0002802059867170138, -0.00020177053225453785]]
P4->P5
T_min:200.0 K    T_max:3000.0 K    P_min:0.0001 atm    P_max:10.0 atm
[[-34.04914964364588, 0.003298111293901229, -0.002551032155118608, 19.6304671925604, -0.004467782593100038, 0.0034556043016038926, 0.15890657400910807, 0.00109003799322867, -0.0008448578531807908, 0.11760295465666923, 0.00019035277888963144, -0.00014762374732471575, 0.08560562282452616, -1.8944271624300052e-05, 1.5011121451612377e-05, 0.051988039861107685, -2.2014590461934815e-05, 1.6803535588596803e-05, 0.027223300456044593, -8.21502349437914e-06, 5.873226595396071e-06, 0.012729002631912182, -1.4970200481640643e-06, 1.3057946618804377e-06, 0.005535350682860548, -1.4839756488696746e-06, 5.367771664605817e-07, 0.0021183400670897524, -2.3494271730062135e-06, 8.019813383707139e-07, 0.0010381282034185994, -1.948546997383789e-06, 1.588777634018873e-06, 0.0003330343621518809, -1.60580975610364e-06, 4.124926591652799e-07, 0.00038211523375626763, -3.827345283219508e-06, 2.566097428361306e-06, 7.6730795888762e-05, 3.2363343307065314e-07, -1.4141090883536394e-07, 0.00019369487625270568, -2.10311753260302e-07, 4.0617783973998243e-07]]
P5->W3
T_min:200.0 K    T_max:3000.0 K    P_min:0.0001 atm    P_max:10.0 atm
[[-19.262371625480352, 3.589402041686044, 1.0850835132378553, 2.2186009365193335, -1.2554811484791109, -0.9415844636133276, -0.3619055303674391, 1.1109749055486742, -0.3865145832609377, 0.18692747786158262, 0.37245284278059476, -0.15506320188026942, 0.5226363705435758, -0.25603086695969307, 0.03295778971337079, 0.3425896563589225, -0.19424619043103486, 0.03609524604639266, 0.012929687191449555, 0.07916883339465117, -0.057353152024841675, 0.05476440531247336, -0.08538087790527281, -0.0032623359221166876, 0.10153606336339033, -0.18955970483098863, 0.0362927140777209, -0.021003449646081657, -0.04736460409684418, -0.011372288691979376, 0.023647295661184304, -0.08908211332242565, 0.03584380163413071, -0.04178813108123977, -0.013349566068702178, 0.008778223854181422, 0.02612806153372307, -0.05984765786706804, 0.045258749098063634, -0.05151005640154675, 0.040464238835593316, -0.007402766046061338, 0.05693081484693208, -0.07018431333355242, 0.04088839378977341]]
W3->P4
T_min:200.0 K    T_max:3000.0 K    P_min:0.0001 atm    P_max:10.0 atm
[[1.0157718942074572, 0.5380854217278774, 0.09571574514240293, 3.441354312826743, 1.0000829367818067, 0.08228112411560984, 0.02469972750626029, 0.7865690899312424, -0.16621608654372916, -0.13908609569217878, 0.43789106107002723, -0.21871125887226736, 0.2069966648048879, 0.08921648647883192, -0.13437541863008573, 0.2796616058662489, -0.14703580859480614, -0.0010662283529288754, 0.1632881416782689, -0.22945619148661583, 0.05285468100674179, 0.0887283183322696, -0.2227923468761914, 0.06463704786610543, 0.06067169006794078, -0.1811969331601356, 0.05960646123317491, 0.021988943283413356, -0.11862435566537124, 0.03523066557856875, 0.018262140829315508, -0.0552728040933347, 0.03075883101079725, -0.02463698008383166, 0.004273590789269215, 0.0030654773498550113, -0.00440624152129945, 0.02612441289851093, 0.011467876529489935, -0.02360422085477743, 0.029211884324436024, -0.005563498971378495, 0.011628221750342001, 0.008864232030594651, 0.010188880604009881]]
W3->P1
T_min:200.0 K    T_max:3000.0 K    P_min:0.0001 atm    P_max:10.0 atm
[[2.7156956419871223, 2.356565292840528, -0.25818740666322926, 6.189280840021343, -0.25152439102915447, 0.1540959639154135, -0.32005971217456125, -0.286023024890317, -0.006169112965046455, 0.11469720634712958, -0.1363759427002178, -0.01537241589427917, 0.1668198086173106, -0.08034659138277107, -0.01692602404946072, 0.08643143031822434, -0.05419756619899668, 0.01368163329007175, 0.0014244597424843788, -0.04840869332267321, 0.019291048652015405, -0.03808572270035187, -0.045281545968088276, 0.024397167787749304, -0.029883402252125383, -0.04326483020911554, 0.02550848858279341, 0.0028734952571245723, -0.048176722338531555, 0.011474150176377889, 0.028235181281485156, -0.04446028594354005, 0.022876330676821332, 0.03815107738958935, -0.04468487382042769, 0.008398063532619628, 0.028112611378156526, -0.02540075167763891, 0.025053460572606313, 0.01608766200966933, -0.015267432890858757, 0.005107083145357177, 0.0033450760003293344, 0.0010541349729396127, 0.015364086258631495]]
W3->P3
T_min:200.0 K    T_max:3000.0 K    P_min:0.0001 atm    P_max:10.0 atm
[[0.14996893117382706, 0.6637510305739771, 0.026806130843162395, 4.078149562521373, 1.0737294343272177, 0.10326585163588141, -0.43640005973123375, 0.7870907450745652, -0.1119378318894021, 0.05769187220633512, 0.4700107001807303, -0.24531049168417052, 0.4286092754996156, -0.08052711008247401, -0.14436967377583218, 0.3909041955838991, -0.34640634612267507, 0.020424367659430055, 0.2391758952961753, -0.40978208953441425, 0.13441030483885386, 0.04857929048563101, -0.20606919430634404, 0.11390026838181033, -0.08271169786813179, 0.02417445138616049, 0.025623095933868138, -0.05803911892760998, 0.017364623775679842, -0.012247415691016072, -0.04279601960314668, 0.048211766264390846, -0.024757505549337103, 0.07067080160531511, -0.12296070663996411, 0.03326597662338612, 0.024729709800810844, -0.0116361817422473, 0.024436968164532304, 0.058346425901867054, -0.08385186996708388, 0.039421100679810306, -0.02725454848624594, 0.06487757704626906, -0.0058820925689837805]]
P1->P3
T_min:200.0 K    T_max:3000.0 K    P_min:0.0001 atm    P_max:10.0 atm
[[-15.066469065285943, -0.09759054381285062, 0.10629671030497036, 0.5409834153124959, 0.14541993554378446, -0.1706170165822668, 1.0722515557283123, -0.042574024178384025, 0.07931780725276381, 0.1903060771139256, -0.028703779092820136, -0.00521261014230357, 0.05913545846203109, 0.036328560509775315, -0.018927712332086736, 0.054847289436748776, -0.01375477994637772, 0.010820321808390194, 0.02078477637634872, -0.0008551207350295898, -0.0004617076196614978, 0.0085793188329175, 0.002491355802914536, -0.0019321032145994748, 0.00477816717700516, -0.001429138033511426, 0.0009732594615863697, 0.0014040943585921551, 0.000707686156003153, -0.0001651763018391889, 0.001091363503721277, 0.00037360497541877796, -0.0002682181105658636, 0.0010918201916650305, -0.0005451855787456766, 0.0003277733553171203, 0.0007455681355575921, -0.00043463842873036696, -8.791107575865492e-05, -0.0003361890112015757, 0.0010064692206881885, -0.00013463617004360847, 0.0005322869646823435, -0.0006330908766893331, 0.00019234918539235443]]
P1->W3
T_min:200.0 K    T_max:3000.0 K    P_min:0.0001 atm    P_max:10.0 atm
[[-14.755643696072768, 2.3582769672301076, -0.2585534522697798, -1.199779277338869, -0.24874677980661467, 0.15355839310558872, 0.11849243679730549, -0.28300563137260315, -0.006830245246366589, 0.3005811923229112, -0.13420349001696114, -0.01580369477200358, 0.23733166721434423, -0.0782552316371968, -0.0173776966720469, 0.11295163800163663, -0.05284224185023101, 0.013419511833186494, 0.011542056949223818, -0.04736375078813838, 0.019073238743174473, -0.03393267168376933, -0.04466437709437255, 0.024268209208665126, -0.02791141640597725, -0.04305616827059191, 0.025479239569258464, 0.003753244014925172, -0.04798334440634929, 0.011429058406232954, 0.02898887674599663, -0.04470248308401453, 0.02296133467900933, 0.038413581768185226, -0.044675763380912926, 0.008390006321985503, 0.028617487561090046, -0.025817393700356156, 0.025181794036957774, 0.01617229363209936, -0.015303213797614202, 0.0051103713688695, 0.003650857043149666, 0.0007321801409561935, 0.01546699312395836]]
P4->W3
T_min:200.0 K    T_max:3000.0 K    P_min:0.0001 atm    P_max:10.0 atm
[[-32.28811255240155, 0.5397981791566862, 0.09534820361979846, 11.211495711131713, 1.0028594910973112, 0.08174599400578314, 0.42840530690578726, 0.7895858049618367, -0.16687842552865598, 0.040059776445431496, 0.4400641981088306, -0.21914110153853097, 0.27845946088300033, 0.09130869756017299, -0.13482801411592304, 0.3075589506623118, -0.14567980982785847, -0.0013281490658848378, 0.17410354959546515, -0.2284127544328684, 0.05263778992108159, 0.09314508393416135, -0.22217065016391055, 0.06450567437134001, 0.06273027753546918, -0.18099340907021877, 0.05958016065529221, 0.022881381533195713, -0.11842732797507576, 0.035183253906065456, 0.019013901345621288, -0.05551838799245801, 0.030846235280677384, -0.02438212843530095, 0.0042834503228781585, 0.0030563243735298434, -0.0039031355076254285, 0.025704482368645268, 0.011598525556699659, -0.023520326726172696, 0.02917397874797671, -0.005560173919245551, 0.011934268616992729, 0.00854120692472575, 0.01029256850838114]]
P3->W3
T_min:200.0 K    T_max:3000.0 K    P_min:0.0001 atm    P_max:10.0 atm
[[-24.65527836012484, 0.6654578216358176, 0.026441526009361192, 4.537710488959984, 1.0765175640280984, 0.1027248348739713, -0.0593102478590622, 0.7900980885595869, -0.11259538715420443, 0.21683656674187454, 0.47219305286056884, -0.2457452785697471, 0.4877166633787994, -0.0784411258959937, -0.14481908322324916, 0.4120500003306658, -0.3450482923700143, 0.02016159339100281, 0.24661145674898816, -0.4087375069889827, 0.13419248612405774, 0.05134304327180911, -0.20545356707307097, 0.11377201920700997, -0.0814897928336814, 0.02438599016109607, 0.02559269134419418, -0.057550611256206904, 0.017551716319948577, -0.012289996701604947, -0.04228028620010224, 0.0479734972264638, -0.02467373706221738, 0.07082844735144198, -0.12295809974486155, 0.03326010420826693, 0.025148142042208957, -0.012044915881282104, 0.024562187137865586, 0.0584127089467615, -0.08389286970786348, 0.03942642177550679, -0.026981525599382272, 0.06456090888476732, -0.005781301623287244]]
P1->P5
T_min:200.0 K    T_max:3000.0 K    P_min:0.0001 atm    P_max:10.0 atm
[[-15.184200550939732, -0.0020215980628595087, 0.001595579436455431, 3.684363987349427, 0.001696131445832317, -0.0013069835515349892, -0.20515695791320337, 0.0017160199263420025, -0.0013073652089189512, -0.0850961670169607, 0.0005437194230620099, -0.0004225605423723941, -0.01737349837790153, 0.0003735295759909036, -0.0002908946704268064, 0.006048224983542142, 0.00016032356557359314, -0.00014650864653526042, 0.009999931320642181, 0.00019031602931437406, -0.00017570273413366187, 0.007746411346384138, 0.00013597151706662558, -0.0001435468309882067, 0.004830142620447753, 4.283859776216556e-05, -8.015995006265549e-05, 0.00251660016752602, 8.578615108347166e-05, -0.000109265874475372, 0.0011901619533094035, -0.00010059919237116379, 2.7910418098245456e-05, 0.00044722079801134897, 2.0695116920126956e-05, -4.943078062011781e-05, 0.00010669885242408728, -0.00017869030044860858, 0.0001019172734905043, 2.7931883682720996e-05, -2.82518942123973e-06, -1.2147581884935463e-05, -3.7181514467246794e-05, -0.0001471667934214743, 9.805023199272638e-05]]
