==============================
W3_Energy_1
P3->P4
T_min:200.0 K    T_max:3000.0 K    P_min:0.0001 atm    P_max:10.0 atm
[[-26.12182051528077, -1.17126395412454, 0.06921147344669241, 7.6933961509266435, 1.3138320607475673, 0.006840116336655932, 1.2171854010132472, 0.28740925807071166, -0.16985775060974104, 0.5558461302666146, -0.49522978690151076, 0.054245710654549334, 0.21269340394246353, -0.16334728061293566, 0.10736072098075745, -0.010613774615184304, 0.23759292569458457, -0.039904883954076126, -0.013753088475872845, 0.14043062162922001, -0.07891223951023224, 0.09532096623984174, -0.13950016413660554, 0.03147496058756172, 0.04923344288119378, -0.09501574717547352, 0.049690057552260844, -0.06341435003425233, 0.08654185063390012, -0.023002275482194225, -0.033096148246689175, 0.04847500205281264, -0.026664927130352595, 0.022510819983413546, -0.033452267190044474, 0.010193002796539384, 0.03518416335756726, -0.04716730717823887, 0.0203028849811012, -0.020375381959633926, 0.033601001649031056, -0.010250062658391975, -0.008902730891560275, 0.015431141298947475, -0.008533425118027037]]
P3->P5
T_min:200.0 K    T_max:3000.0 K    P_min:0.0001 atm    P_max:10.0 atm
[[-26.038525471695475, 0.002908791832380686, -0.002247965323158315, 12.076181360661394, -0.003909909225781025, 0.0030105480050315685, 0.030035130644567667, 0.0011158587723481756, -0.0008702872881321341, 0.044710941777490604, 0.0002108059242655582, -0.00016884509159174443, 0.048492514154701925, -3.726173215331075e-06, -2.250877720572888e-06, 0.0352802776471051, -2.7387576969128967e-06, -1.8189021659956751e-06, 0.020766330970186715, -1.4929984157340972e-06, -2.3976469876215566e-06, 0.010577059682481845, 2.147744453629942e-06, -2.982108715127985e-06, 0.004861034241312729, -7.711894733827589e-07, -8.883153060669968e-07, 0.0018717194774347649, -5.689403037067657e-06, 3.965146747575867e-06, 0.0007865075491987366, -2.5038337654433333e-06, 1.4833275143908914e-06, 0.0001705031389643828, -5.8460944938979685e-06, 4.428906358610221e-06, 0.00017106349202927526, 6.460810124396103e-07, -3.5205340045533403e-07, 4.6007273376753066e-06, -2.715501652812045e-07, 6.668392622863006e-07, 9.82913376718182e-05, 3.10264204986911e-06, -1.998329746730991e-06]]
W3->P5
T_min:200.0 K    T_max:3000.0 K    P_min:0.0001 atm    P_max:10.0 atm
[[-6.260743819425757, 3.5500843513872455, 1.0867097806393602, 14.04552461348847, -1.2181552587694577, -0.9423392305021073, -0.663029368149507, 1.1143407993800727, -0.3904617882862702, 0.03618208234123344, 0.3516829249768791, -0.15118001653583618, 0.4728884906879826, -0.2856411493850034, 0.043478150278145895, 0.29321728643271566, -0.1679407843401594, 0.02649713652643892, 0.0034437373401500046, 0.07502875547541185, -0.05587965506436694, 0.06128694876085197, -0.10204535807133912, 0.002824998662438435, 0.09347374259529982, -0.18145339962076382, 0.03376749671640575, -0.016467097393514374, -0.05242031399779093, -0.008168935050160973, 0.017648465638612925, -0.08104385174351834, 0.033205341270419575, -0.03201184171965648, -0.023744034290914748, 0.013624624526700014, 0.016356204875197008, -0.04716255543260796, 0.04036139976918123, -0.0400342056739914, 0.02606171565041327, -0.0016209863115985328, 0.04236984119101153, -0.05190231187231717, 0.03354268509382338]]
P1->P4
T_min:200.0 K    T_max:3000.0 K    P_min:0.0001 atm    P_max:10.0 atm
[[-16.195979842849273, 0.05693742599066304, -0.13848018560990652, 0.701336817808577, -0.06745529074507968, 0.1944812384229231, 0.4594718509267621, -0.003331684156357327, -0.04977961329161454, 0.15303981905404326, 0.020467098587294414, -0.018421852724074667, 0.10157827564408775, -0.0023489155131023965, 0.009554741991715769, 0.10621038635994225, -0.00466320118672662, 0.004471218355815983, 0.07701241777357026, -0.0004636341406528035, -0.0015118416283754282, 0.0365928986717622, 0.0007096080526257652, -0.000997274626470743, 0.008982196665833381, 0.00015786973741498478, 0.0004094515948713843, -0.005030064770025113, -0.00036867784109585364, 0.0005103090661472123, -0.005849186507754912, -6.861295589728856e-05, -6.996287983542868e-05, -0.007353376887948257, -9.595167642798169e-05, 1.2475164427131768e-05, -0.0019817477362816843, 0.0002951687988055494, -0.00016017122764888173, -0.00238322993394381, 4.122941804833358e-05, 2.9922248091086448e-05, 0.0015494643361619936, 0.00025105549385249224, -0.00018829885039019974]]
P4->P5
T_min:200.0 K    T_max:3000.0 K    P_min:0.0001 atm    P_max:10.0 atm
[[-34.00821644132797, 0.0033481546892861758, -0.0025894514615762503, 19.581559624536837, -0.004545535863883725, 0.0035155966201933482, 0.16299447675023787, 0.0011203850134292048, -0.0008680075510710733, 0.12028558544900704, 0.00018980353267881436, -0.0001470159578784244, 0.08668896997624267, -2.3855516071116188e-05, 1.8589283691953444e-05, 0.052236822908789046, -2.280900235431794e-05, 1.7376021242171353e-05, 0.027168526249834287, -8.755580013808336e-06, 6.30564922556883e-06, 0.012619226196947657, -4.259143677384771e-06, 2.4284068569586615e-06, 0.005452245369935774, -1.016448804690478e-06, 3.3286892636827866e-07, 0.00207609185005993, -3.5525696022578645e-06, 1.6208268250694588e-06, 0.0010277260386877352, -2.2007540616134406e-06, 1.43601915922011e-06, 0.0003361696610660574, -3.802775887466023e-06, 2.0215833141512107e-06, 0.00038990909987597026, -2.3059505786298407e-06, 1.6945769258889792e-06, 8.233889351207592e-05, -1.608580351360658e-06, 8.710058111183652e-07, 0.0001989923970662347, -1.3224368658059652e-06, 1.008341209149662e-06]]
P5->W3
T_min:200.0 K    T_max:3000.0 K    P_min:0.0001 atm    P_max:10.0 atm
[[-19.114606095236496, 3.5517650649249313, 1.0863509145400374, 2.08446659850068, -1.2154412130138161, -0.9428588932758334, -0.37093927632838086, 1.11730229058367, -0.3911091332766931, 0.19641079356746557, 0.35380129597625526, -0.15159466738845853, 0.5410060584417438, -0.28359529161393915, 0.0430390718578944, 0.32032762429459727, -0.16662365439748103, 0.02624697963024324, 0.013976284822298542, 0.07604664191251932, -0.05608969369051718, 0.06558565748253986, -0.10144323499048982, 0.0027017507137288284, 0.09548460000474795, -0.18125465202737864, 0.03374349884952727, -0.015589167115257124, -0.0522250871641251, -0.00821294819019146, 0.018398640045433172, -0.08128586526270785, 0.03329318276424833, -0.031758051075766805, -0.02373173447048154, 0.013617173430035186, 0.016858386351393674, -0.04757532925629045, 0.040490819513231704, -0.03995342134141929, 0.026028296507231492, -0.0016182729234773187, 0.04267824025479767, -0.05222435039227229, 0.033646632217068394]]
W3->P4
T_min:200.0 K    T_max:3000.0 K    P_min:0.0001 atm    P_max:10.0 atm
[[1.0150458438625045, 0.5380307779180824, 0.09566252802523498, 3.435323285972769, 0.9964427216976626, 0.08330595318630746, 0.02467679501028494, 0.7845519820458209, -0.16571820399597761, -0.14256872669679455, 0.4326021185147434, -0.216917539023321, 0.20715919313564937, 0.08626850957484833, -0.13299201343271203, 0.277349206298794, -0.15043601195624318, 0.0007443778459400179, 0.16313251545254825, -0.23114476324049166, 0.05415927542086445, 0.08966632791486981, -0.22400299832234477, 0.0657010199200017, 0.06171567722554246, -0.18209350439596333, 0.060469510136784727, 0.02513685900746555, -0.11712716583040711, 0.03521792407538719, 0.01815656876742881, -0.05449855823413942, 0.030872682777547535, -0.02211746375878642, 0.007115618515934462, 0.0023621512373205775, -0.006270066270538652, 0.02632149766391872, 0.011529883303999993, -0.022703575391235478, 0.0310305188633887, -0.006102793562658228, 0.008949767268330555, 0.008091193131466412, 0.010463199192947721]]
W3->P1
T_min:200.0 K    T_max:3000.0 K    P_min:0.0001 atm    P_max:10.0 atm
[[2.7179416581298703, 2.3542616074783647, -0.25769342107869053, 6.181907324825984, -0.2511263596473004, 0.15310196719801922, -0.3166475806460173, -0.29041668638202744, -0.004960566998377914, 0.10788164358016346, -0.13603553803461838, -0.016054908653292174, 0.16816063147011073, -0.08335285328674949, -0.01619527091686377, 0.08262092339871513, -0.05508429155498927, 0.01362495631241719, 0.0011968549993514315, -0.05032307949491934, 0.019927468844808085, -0.03828991135401352, -0.04614826802902354, 0.024786658358500024, -0.03083380582385951, -0.043135814582065446, 0.025451554717349556, 0.007815606003798171, -0.050502548940415816, 0.012280462490240252, 0.026738889790997034, -0.04380968567207194, 0.022378836605839142, 0.04308866120517299, -0.04645263810247437, 0.008906909433112465, 0.023493463113692215, -0.022898805453726932, 0.023763626561163133, 0.019138573520301006, -0.01640555179490284, 0.005248670768479754, -0.0016745516386914262, 0.003130281929807427, 0.014266124613593183]]
W3->P3
T_min:200.0 K    T_max:3000.0 K    P_min:0.0001 atm    P_max:10.0 atm
[[0.149353086093764, 0.6628990391330145, 0.027467768557353934, 4.0675855390872115, 1.0779763010232786, 0.10216371937749973, -0.4321123673680308, 0.7811737809418055, -0.1105945256699433, 0.05522672154490249, 0.46671922992817017, -0.2452597996387605, 0.4328867447170651, -0.08884797872873675, -0.14202536588652337, 0.3862523718211056, -0.34686460368777217, 0.021392419363993234, 0.23595730903237477, -0.40773964971471377, 0.13530019791430412, 0.04620090520304379, -0.20248728448619815, 0.11389543745890515, -0.08384905571751382, 0.026721406188903663, 0.024825386028376268, -0.05168795853385267, 0.013861239039760071, -0.011861981732731054, -0.04122815791753925, 0.04725979895421931, -0.02509053480229594, 0.07829444387196248, -0.12742785942129137, 0.03478342103241937, 0.020630032203292223, -0.00774532707443744, 0.023575415956083052, 0.05822003906209171, -0.08210760469134994, 0.039183250094415, -0.0351486866050849, 0.07112892512781956, -0.007840475599961977]]
P1->P3
T_min:200.0 K    T_max:3000.0 K    P_min:0.0001 atm    P_max:10.0 atm
[[-15.066618058919545, -0.09759226167850518, 0.10630733917170382, 0.5407956004494214, 0.14551470488292848, -0.1706635300051444, 1.0724920304949395, -0.04275434269629699, 0.0793863550307362, 0.19049438880788852, -0.028617456194487675, -0.005249217148212533, 0.05921001855494014, 0.036366817145767644, -0.018929433665054746, 0.05481066925876023, -0.01376980963739386, 0.010811841295270753, 0.020691796941064867, -0.0009215267529008471, -0.00042702924786633005, 0.00849570096675886, 0.0025295934414765187, -0.001945583264039274, 0.00475413677016582, -0.0013442600386599963, 0.0009310948820282766, 0.001523910502563496, 0.0005766424963209278, -0.00010697470339834805, 0.001038289412082762, 0.00048221587959655, -0.00030611370258273104, 0.0011736674780654132, -0.0006822333251022922, 0.00037276156641629195, 0.0006143484851460801, -0.00024459595555990926, -0.00016650616314202, -0.00022362680357120422, 0.000822410027766639, -4.9976594355082224e-05, 0.00048565507124924824, -0.0005170435830577931, 0.00014332948098950082]]
P1->W3
T_min:200.0 K    T_max:3000.0 K    P_min:0.0001 atm    P_max:10.0 atm
[[-14.753369562812548, 2.3559358418980474, -0.2580492617428871, -1.2071048852129924, -0.24840348359117942, 0.15257852193008323, 0.12195297713773237, -0.2874644855874598, -0.005604016784828724, 0.2938062189184937, -0.13391103621574124, -0.01647212877339096, 0.2387088689186394, -0.08131044309473036, -0.01663308518529755, 0.10916846392587559, -0.05376169447493643, 0.01337212252971903, 0.011336597279278202, -0.049308544243777584, 0.019719700452146056, -0.034127711488975955, -0.04554502583697717, 0.02466223964025833, -0.02885744200038923, -0.042934678190925425, 0.02542681491424521, 0.008693507350712204, -0.050312355200825776, 0.01223819172232061, 0.027488010964680617, -0.04404598462739723, 0.022464891654572276, 0.043348456193780645, -0.0464451787592026, 0.008901241111603005, 0.02399071007177645, -0.023302475710810677, 0.023888856243194888, 0.019225307572079138, -0.016446527608700752, 0.005254927596911649, -0.0013688644609418411, 0.0028125263151082915, 0.014368246864398455]]
P4->W3
T_min:200.0 K    T_max:3000.0 K    P_min:0.0001 atm    P_max:10.0 atm
[[-32.28881328232026, 0.5397102708370154, 0.09530354953598874, 11.205520857860051, 0.9991526714493697, 0.08278982010089765, 0.42842410960275373, 0.7875126629900343, -0.16636684689253314, 0.03662297013819385, 0.4347194726239148, -0.2173309438497355, 0.2786559965237078, 0.08831516480980872, -0.1334322913554295, 0.3052776510095985, -0.14911845441671406, 0.000494107617446716, 0.17396867895125157, -0.2301296543222053, 0.05395126113297863, 0.09409567806422652, -0.2234001199388579, 0.06557684449193862, 0.06377774859681776, -0.18189621382718626, 0.06044699985686206, 0.026024006431937547, -0.11692828863951786, 0.035171426721717435, 0.0189074417008359, -0.054743809647241355, 0.030963068805522354, -0.021870788491128803, 0.00713157942837176, 0.0023521665549533833, -0.005768625038455824, 0.02590608111193705, 0.011660986434416199, -0.022624572853600804, 0.030997297324551358, -0.006100531964313544, 0.009260442635439474, 0.007765695633525355, 0.010569526400085894]]
P3->W3
T_min:200.0 K    T_max:3000.0 K    P_min:0.0001 atm    P_max:10.0 atm
[[-24.655872628867115, 0.6645784058151443, 0.027108930790110324, 4.527207456763285, 1.080690277746347, 0.10164559074342364, -0.054984646675776745, 0.7841313236513708, -0.11124140864472064, 0.21442203303059312, 0.46883901063485617, -0.24567436181560487, 0.4920240979115428, -0.08680185692335939, -0.14246568001711807, 0.40743156330458624, -0.34554835498400427, 0.021142920947209827, 0.24341175775866405, -0.40672047301237607, 0.13508999848368558, 0.0489764475069956, -0.20188935892853388, 0.11377382198998322, -0.08262098849400888, 0.02692298309801294, 0.02480098302570455, -0.05120842335340344, 0.014055678101595501, -0.011906533301294242, -0.04070923592191984, 0.04701561809255464, -0.0250008039722864, 0.07843933567542788, -0.1274123614807397, 0.034773509586017944, 0.021055084030832547, -0.0081617201598051, 0.023707263102447154, 0.05827960538889934, -0.08214097866046918, 0.039185626105255264, -0.034868174894629636, 0.07080540512590118, -0.007735272577286107]]
P1->P5
T_min:200.0 K    T_max:3000.0 K    P_min:0.0001 atm    P_max:10.0 atm
[[-15.13295940846298, -0.0021149831314279943, 0.0016680108283633702, 3.628712686992385, 0.001744573074725819, -0.0013464811056957272, -0.2043020789308631, 0.0017430416598766263, -0.0013306715125722909, -0.08350469976103883, 0.000515432433774262, -0.0004017501009275949, -0.016315281538725992, 0.00035779442692887375, -0.0002807912311951576, 0.006625950833313213, 0.00013526104625024925, -0.00012849959034198747, 0.010266181403001068, 0.00017567909446988486, -0.00016546779554846148, 0.007846964813535522, 0.00012199068241168639, -0.0001333921132869283, 0.00485323476695557, 2.8899866240275303e-05, -6.908327046637751e-05, 0.0025021819595757895, 8.049049826893909e-05, -0.00010560663375372847, 0.0011819868547508217, -0.00011907065989454821, 4.258370273574093e-05, 0.000429611264778882, 1.9031084915971503e-05, -4.8282054852996605e-05, 0.00010925246481291058, -0.0001949642170755146, 0.00011588126318533752, 2.29076389855434e-05, -3.2954232192235763e-06, -1.1757608536362298e-05, -2.8640440663673086e-05, -0.00015899950489204503, 0.00010850253961052194]]
