==============================
colrel_Epsilons
P3->P4
T_min:200 K    T_max:3000 K    P_min:0.0001 atm    P_max:100 atm
[[-27.07577834521353, -2.4868995751603507e-14, 8.231801899980377e-15, 8.878192331250256, 6.233515621484185e-14, -3.0549984256880585e-14, 1.1866530947532494, -9.274682956409841e-14, 4.307043785662234e-14, 0.3336677326489786, 1.4113477291280782e-13, -7.940290265031351e-14, 0.08756365681346294, -1.330490375517359e-13, 5.991643538333257e-14, 0.1258753608094092, 6.929246390143639e-14, -3.9564228789300174e-14, 0.0937355903519311, -7.76974496806499e-14, 5.3586706349382855e-14, 0.010342688288216073, 6.303062524253967e-14, -7.043072898208801e-14, -0.023155275378207288, -2.437110710473779e-14, 1.0490445227750552e-14, -0.007985779164614864, 5.0202113334781153e-14, -4.2497740197924076e-14, 0.0039690418033197766, -4.4378833510681e-14, 2.1864292046394287e-14, 0.001182567545229785, 3.6447150970220545e-14, -1.553289360516072e-14, -0.00011803026358472481, -3.716466713817226e-14, 2.102432477303831e-14, 0.002702600243040235, 9.25468033544205e-15, -2.720450736576635e-14, 0.0033124858108373742, 5.817696675947539e-15, 7.562668341540381e-15]]
P3->P5
T_min:200 K    T_max:3000 K    P_min:0.0001 atm    P_max:100 atm
[[-26.035802752621606, -5.551115123125783e-14, 3.3592390726324175e-14, 12.072670264518232, 9.736109493219166e-14, -5.1182071167990816e-14, 0.031196221766850343, -1.1681685784758778e-13, 6.408311193960449e-14, 0.04483358423319042, 1.341125196195163e-13, -7.184373206594108e-14, 0.04852120448539096, -1.2680199798192727e-13, 5.982270934872335e-14, 0.03523004207090096, 7.373975368959888e-14, -4.356647905638574e-14, 0.020736376678151206, -7.924607185187083e-14, 5.35449010823949e-14, 0.010597018170103702, 6.738041972816058e-14, -7.320057331589061e-14, 0.004819623925712868, -3.5453482485496916e-14, 1.983626890429432e-14, 0.0019217820616572485, 4.775957752069858e-14, -4.0166619982229517e-14, 0.0007224885658530222, -4.011365618141458e-14, 1.6980486880058936e-14, 0.0002278719783438325, 2.6003245754040877e-14, -1.0129465722720106e-14, 0.00012901801284451257, -2.2877462541341274e-14, 1.3376408727748162e-14, 2.1345114155399997e-05, -2.837574255343122e-15, -1.846929588442178e-14, 9.8437096287319e-05, 1.1474968550797506e-14, 3.0816871921758266e-15]]
P3->W3
T_min:200 K    T_max:3000 K    P_min:0.0001 atm    P_max:100 atm
[[-24.388977240412746, -1.865174681370263e-14, 4.114730861917894e-15, 4.915934836821347, 4.815265510725773e-14, -1.7899377931513355e-14, 0.3508104695393117, -7.148636082472557e-14, 2.8074490723907648e-14, 0.5604401573265725, 1.2249993909444425e-13, -6.895972701646142e-14, 0.5493009858760507, -1.278038171702373e-13, 6.081119057085749e-14, 0.24936031405835496, 7.192118814089887e-14, -3.8434982249792477e-14, -0.011342390217597084, -7.604498559659219e-14, 5.0278643636191575e-14, -0.11026185101205077, 6.700797928891294e-14, -7.224596303311799e-14, -0.0916212864520691, -2.5951586545113312e-14, 9.721945276117486e-15, -0.03473989816718845, 4.868189889851793e-14, -4.0385438584984026e-14, -0.005106489116872224, -3.847476732757643e-14, 2.0638014497118422e-14, 0.010427577925289547, 2.5609139265890268e-14, -1.1692243638278848e-14, 0.0004267238723074705, -2.7888416101598232e-14, 1.945787287835031e-14, 0.002721479579081522, 2.019987964195717e-15, -2.6563787733499416e-14, -0.004903700665605122, 1.0235242234982803e-14, 4.452630934182018e-15]]
P4->P5
T_min:200 K    T_max:3000 K    P_min:0.0001 atm    P_max:100 atm
[[-34.00509973368639, -7.105427357601002e-14, 4.3942747698587933e-14, 19.57749104109602, 1.368627928005124e-13, -8.092006953292154e-14, 0.16414968824664736, -1.6412289533483947e-13, 9.162478412733855e-14, 0.12039325160506835, 1.7895787634417805e-13, -9.463233853916537e-14, 0.08669027624393645, -1.7522034250693806e-13, 8.274326882937488e-14, 0.052170346633091176, 1.0307963069303255e-13, -6.467104952235076e-14, 0.027135709963208077, -1.0746357775116002e-13, 7.562884731001309e-14, 0.012636801722479187, 8.582176861220907e-14, -9.204982975842624e-14, 0.00541861212201634, -3.509739119378349e-14, 1.8536322597267855e-14, 0.002127641257634449, 4.116272682201157e-14, -3.692272653993949e-14, 0.0009715339425640608, -2.7289664194914526e-14, 5.87595800645305e-15, 0.0003906619895682413, 1.4202145862698372e-14, 1.8739406028835782e-15, 0.00034983989752649953, -9.572186886489767e-15, 1.9523040665876144e-15, 9.665370972529775e-05, -1.528806958462186e-14, -1.545490614932197e-14, 0.00019583539483186734, 1.6860128105153486e-14, 3.9344923240115085e-15]]
P5->W3
T_min:200 K    T_max:3000 K    P_min:0.0001 atm    P_max:100 atm
[[-18.40427513776633, -7.993605777301127e-15, -2.875807966372442e-16, 2.500776171511027, 1.714439021098076e-14, -1.1229452966160292e-15, 0.21670799356570122, -3.6038949638629e-14, 1.0372964520522073e-14, 0.3743086534870764, 7.536811450179019e-14, -4.1846177783405844e-14, 0.3605698437494054, -8.040180664176976e-14, 3.75543337189386e-14, 0.21643698732495503, 3.2328226941236404e-14, -1.6277154161188762e-14, 0.07945129080350986, -4.1440844962433e-14, 2.9597073727499875e-14, 0.027346146140009988, 4.20286794214602e-14, -5.0250843389300907e-14, 0.007691237184302266, -1.3162697992778368e-14, 4.305685722004454e-15, -0.023400277131525853, 3.3966221807287e-14, -3.028891451235868e-14, -0.03160918147713655, -2.542491499184411e-14, 1.4042257722100213e-14, -0.047262396010502486, 1.4841387144154873e-14, -7.887470274377125e-15, -0.02877906700719815, -1.4986226902718126e-14, 1.3392116058580582e-14, -0.026911186439724226, -3.9079976929748316e-15, -1.9088328743381826e-14, -0.003070337436932626, 1.1090686846226359e-14, 2.1064842435823127e-15]]
P2->W3
T_min:200 K    T_max:3000 K    P_min:0.0001 atm    P_max:100 atm
[[-42.464590663284156, -7.638334409421077e-14, 3.0700716228323636e-14, 12.976451207724557, 1.538648459136137e-13, -7.182429326528162e-14, -0.5491235659696069, -1.9701001559714036e-13, 9.496287182932765e-14, 0.11179522138952516, 2.6653282741544306e-13, -1.527371482714139e-13, 0.4509628651384704, -2.6762432677673483e-13, 1.357488652107765e-13, 0.3554850715728186, 1.57497963111481e-13, -9.06041805110896e-14, 0.13125839104077186, -1.613249799748675e-13, 1.0656808080777111e-13, -0.04110394851265608, 1.4031982516701937e-13, -1.3929322997755833e-13, -0.08753941978892715, -7.033641944338652e-14, 3.3844428568120536e-14, -0.031335316636037856, 9.491240142746074e-14, -7.540135897186319e-14, -0.01144982937294067, -7.282027879851029e-14, 3.238751280716438e-14, 0.0365472814861995, 4.018690308413494e-14, -1.1839422373536141e-14, -0.001805645906656074, -3.694599007671308e-14, 2.1909442700293965e-14, 0.017775010882926684, -4.818135706926404e-15, -3.6110203751072535e-14, -0.020978607175518155, 1.9252965553803412e-14, 6.41202621614139e-15]]
P1->P2
T_min:200 K    T_max:3000 K    P_min:0.0001 atm    P_max:100 atm
[[-11.717969546616194, -7.382983113757291e-15, 8.346534624131638e-16, -0.03366198601534527, 1.6006752269367888e-14, -1.3738630939600029e-15, 0.41055757705081747, -2.620964728329491e-14, 5.883457111130123e-15, 0.26191939442780166, 6.052589497382365e-14, -3.5627798496813107e-14, 0.11643977247071496, -6.275568496867527e-14, 3.152251639685072e-14, 0.040394628592501786, 2.770582554377287e-14, -1.3329565604781588e-14, 0.010383885898937979, -3.240124515024712e-14, 2.2129550558715477e-14, 0.0020055255898135723, 3.2614565239203766e-14, -3.585016284435977e-14, 0.0011582059525962318, -9.08856594103185e-15, 1.3320446805446653e-15, 0.0014998796822120904, 2.3611922353952265e-14, -2.0768771442472485e-14, 0.0017426771195904309, -1.680981642336737e-14, 8.785546843250135e-15, 0.000504685444694235, 8.438128669314714e-15, -3.2454442912107293e-15, 0.00019266897344720485, -9.49383682988223e-15, 8.079427939840302e-15, -0.00038605173983033143, -1.5659778582602444e-15, -1.309131578001195e-14, 0.00019656619218221317, 8.152242581637556e-15, -1.3264868560897147e-16]]
P1->P3
T_min:200 K    T_max:3000 K    P_min:0.0001 atm    P_max:100 atm
[[-15.390191291540647, -7.13318293321663e-15, 1.1486272312072877e-15, 1.0708596907929016, 1.2757927329981563e-14, -8.748131036833451e-17, 0.7947807052968956, -2.468478036234039e-14, 4.705202884422229e-15, 0.26006156724850776, 5.956306357504553e-14, -3.548583222329732e-14, 0.0733461587776147, -6.344471607047988e-14, 2.95338272573886e-14, 0.038182047833687345, 2.4349546439564992e-14, -1.0653837262164411e-14, 0.02360289762850369, -3.1359274865721885e-14, 2.3979283978886055e-14, 0.01056286273380942, 3.1579543794341485e-14, -3.918782349655894e-14, 0.0032654006083543486, -6.422985521615262e-15, -2.862631364911999e-16, 0.0017371817932284794, 2.4553242825311076e-14, -2.324963178484067e-14, 0.0013856313479251585, -1.6930337044285164e-14, 9.137328629593256e-15, 0.0009776375966572156, 8.293613202659382e-15, -2.0896984229962297e-15, 0.0003573404195204639, -1.1623851442544085e-14, 9.517203365921875e-15, 0.00025704848458942616, -2.8971222064751127e-15, -1.5472090029161637e-14, 0.0001391312211632718, 9.966501447057312e-15, -2.1445144859885945e-16]]
P2->P3
T_min:200 K    T_max:3000 K    P_min:0.0001 atm    P_max:100 atm
[[-45.73100199314055, -8.260059303211165e-14, 3.607359750639269e-14, 16.36959262106653, 2.0746342808008374e-13, -1.1704437561030435e-13, 0.7763735389548312, -2.2195788573843948e-13, 1.0629157122978224e-13, 0.8344360832410168, 2.924030814966765e-13, -1.6661388721684281e-13, 0.3303867277543019, -2.7049703117220687e-13, 1.3280742076484043e-13, -0.051531082025334296, 1.7752725205596173e-13, -1.0491574826589883e-13, -0.23902473217756492, -1.6930721162128892e-13, 1.1317816056407642e-13, -0.17075631893584653, 1.386915296586251e-13, -1.3787965092058618e-13, -0.012187341190793517, -6.807066184087415e-14, 3.254199846180939e-14, 0.04102712659648754, 9.93805429632004e-14, -8.122561486019394e-14, 0.07554079434385552, -7.789302923280103e-14, 3.951949075055083e-14, -0.03533431081221057, 6.245223954135095e-14, -2.796437633659076e-14, -0.009820149248657626, -5.699264939509286e-14, 3.7594222077541276e-14, -0.058623748056552176, 7.340200446702589e-15, -4.569929464966993e-14, 0.020986364369625365, 1.5412191441581096e-14, 1.1728056156303252e-14]]
P1->W3
T_min:200 K    T_max:3000 K    P_min:0.0001 atm    P_max:100 atm
[[-13.629881812648804, 1.787459069646502e-14, -1.8198385819948148e-14, -1.3916392342067831, -2.847327238973825e-14, 2.6613841840487162e-14, 0.02002386019344939, 1.6843349274976102e-14, -2.2556521419438134e-14, 0.2501635074194263, 3.210848917620096e-14, -1.855557509569639e-14, 0.21506076688355047, -4.09638692152581e-14, 1.843435384113344e-14, 0.07534372771234403, 2.6400689480066117e-15, 1.069246595033359e-15, -0.022294404973617364, -1.2959178876539173e-14, 1.1702483421497619e-14, -0.06897037855241282, 1.9136516833871665e-14, -3.118771344478199e-14, -0.06386271788631655, 5.2936810777796605e-15, -7.041011039586691e-15, -0.01898113083608475, 1.6227756380277702e-14, -1.6820810182420604e-14, -0.005912417585170731, -9.831388846735678e-15, 5.279692381036247e-15, 0.021203295629968234, 1.937320152912639e-15, 7.333243607565838e-16, -0.0014894678879687994, -4.944755400005122e-15, 6.5217341146263486e-15, 0.01071766920128052, -6.747310495354304e-15, -1.362837853860352e-14, -0.011383692612718337, 1.2854005949776285e-14, -2.136878238383497e-15]]
P2->P4
T_min:200 K    T_max:3000 K    P_min:0.0001 atm    P_max:100 atm
[[-47.47754793375752, -1.687538997430238e-14, 1.067871199718062e-14, 17.17238152119171, 1.7595890818624988e-16, 1.3899569192760801e-14, 0.18739031942998177, -5.2815373528748236e-14, 1.4106737478308606e-14, 0.6638071637952504, 1.2501283196089162e-13, -7.240597698927634e-14, 0.40064545190835626, -1.3825380086282257e-13, 5.866295215173141e-14, 0.041548225763267714, 3.941151913405547e-14, -1.95010583968113e-14, -0.19281744250964256, -6.085074460305251e-14, 5.277055641352271e-14, -0.1524750067333029, 5.936113467552089e-14, -9.338099344489955e-14, -0.017411278894618215, -1.2663472029384634e-14, 3.878558228090202e-16, 0.022849469522859885, 5.177305341032519e-14, -5.208719851068278e-14, 0.04882144234094524, -4.5784311265661104e-14, 2.072850438502338e-14, -0.04016216836559611, 3.766029455278857e-14, -1.3841975978650688e-14, -0.006999620066168276, -3.755376703720087e-14, 2.3405821420135908e-14, -0.04284828764638716, -3.979951219231014e-15, -3.9092041636250215e-14, 0.02654268490087111, 1.741267059557523e-14, 7.570548897200049e-15]]
P1->P4
T_min:200 K    T_max:3000 K    P_min:0.0001 atm    P_max:100 atm
[[-16.08437694879047, 7.147060721024445e-16, -4.87694523442981e-15, 0.54438620344152, -2.9597000499006216e-15, 1.0504218614077365e-14, 0.49236486320040035, -1.1784621353974934e-14, -4.759976268977006e-15, 0.1718633513689184, 5.4577060461653164e-14, -3.1136933521724176e-14, 0.09346264897148737, -5.953927251886332e-14, 2.72754752286607e-14, 0.10151385296541575, 1.634804285962127e-14, -6.721010385754902e-15, 0.07866823470344317, -2.558536314227955e-14, 1.9033658311203017e-14, 0.03819734438919224, 2.586000484986293e-14, -3.788334627154975e-14, 0.008923449653122346, -6.554860375660314e-16, -3.3888884780624227e-15, -0.005478996714161928, 2.1362721494265514e-14, -2.1940760376236068e-14, -0.005861816965252932, -1.5191966348309598e-14, 7.024524588162796e-15, -0.00735271430193421, 6.893923024313284e-15, -2.261532386821506e-15, -0.001895978145287546, -9.780378012579028e-15, 9.672577178207148e-15, -0.002407093187016967, -5.383930670775695e-15, -1.5852639254824673e-14, 0.0016725734451095023, 1.2207244134310741e-14, -2.7061729549922795e-16]]
P1->P5
T_min:200 K    T_max:3000 K    P_min:0.0001 atm    P_max:100 atm
[[-15.13497114281088, -1.0880185641326534e-14, 3.462645193250472e-15, 3.629714456710075, 2.907830955005865e-14, -1.1322776188888594e-14, -0.20300172105513478, -3.8009674117656076e-14, 1.4178381671153791e-14, -0.08354637371769215, 7.018644910499325e-14, -4.00442620200189e-14, -0.016295350242796654, -7.063945159973278e-14, 3.3271802539178474e-14, 0.006403574751602748, 3.383215260844703e-14, -1.849516558446763e-14, 0.010140596891299, -3.933874707172859e-14, 2.6849442668944506e-14, 0.007797135142444424, 3.6979426540194416e-14, -4.075490263583572e-14, 0.004693801864787539, -1.3001898625114886e-14, 4.507237947146024e-15, 0.0025479874944336098, 2.77403773063192e-14, -2.4390662690445555e-14, 0.0009495581231820301, -1.9124343410333543e-14, 9.469162179637977e-15, 0.0005062974883574858, 1.2686644390326243e-14, -5.343470035578325e-15, -0.000110225143890881, -1.2345272943633646e-14, 9.176932658457263e-15, 3.6751358594376037e-05, -2.9887082403630515e-15, -1.2919939648286884e-14, -0.00014495464087348913, 8.831089701383468e-15, 1.023227321907481e-15]]
P2->P5
T_min:200 K    T_max:3000 K    P_min:0.0001 atm    P_max:100 atm
[[-49.19966168213838, -3.907985046680551e-14, 3.6366469562494207e-14, 23.30352635753632, 1.0640503338565031e-13, -8.146143670866572e-14, -0.11762546607004501, -1.2243672569078185e-13, 7.119301795333321e-14, -0.04643604596314269, 1.5195168624010133e-13, -8.033587306330984e-14, -0.019175509649333004, -1.5290514663246354e-13, 5.887115002902599e-14, -0.01797707997501892, 5.2289385058155685e-14, -3.2879490371562004e-14, -0.02340140007657315, -8.661586951028614e-14, 7.563399596909304e-14, -0.024589632381299124, 6.977555589911498e-14, -1.0259257043467988e-13, -0.021331682136055987, -1.479426344427672e-14, 3.5198071780521604e-15, -0.016996293701210162, 4.61708369706011e-14, -5.191925241820677e-14, -0.01032465920896776, -3.855518646016348e-14, 1.44910777358478e-14, -0.006941274924108648, 2.3578389187489968e-14, -3.3532675199282624e-15, -0.002094345203714472, -2.3936836113255853e-14, 1.0306876465746246e-14, -0.0015491986750764471, -1.246178559452534e-14, -3.362163196824683e-14, 0.0008004467955047696, 2.4333474882764173e-14, 5.369204971344982e-15]]
P4->W3
T_min:200 K    T_max:3000 K    P_min:0.0001 atm    P_max:100 atm
[[-32.12217676104727, -8.126832540256146e-14, 4.982383937029683e-14, 11.570242722890605, 1.3513581585179693e-13, -7.235603981970236e-14, 0.870507881589261, -1.325501816231249e-13, 6.068258818744424e-14, 0.3586076580457288, 1.7589545526493557e-13, -9.959832174203038e-14, 0.40328100415943374, -1.7310340981616872e-13, 8.5624467911187e-14, 0.24023035039450852, 1.0019176509147869e-13, -5.853390269910195e-14, 0.041147507111027506, -1.1276832642619394e-13, 7.424102887790596e-14, -0.04341997140739786, 9.980499637434028e-14, -1.0197570176072028e-13, -0.052685881167108116, -5.793784914148528e-14, 2.9669248514185885e-14, -0.04343717728128898, 7.612839252151854e-14, -5.821182270265577e-14, -0.023786097259080458, -6.227157564021097e-14, 2.967726520059045e-14, -0.01695155192934284, 4.299919347239182e-14, -1.8586459471660055e-14, -0.003204600573566328, -3.705549239592105e-14, 2.0381224599439676e-14, -0.003499899989775519, 5.219735547516456e-16, -2.7931310523520094e-14, 0.003880331960308503, 1.2301080421077778e-14, 7.412269511896758e-15]]
==============================
B13_Energy_1
P3->P4
T_min:200 K    T_max:3000 K    P_min:0.0001 atm    P_max:100 atm
[[-27.07577834521353, -2.4868995751603507e-14, 8.231801899980377e-15, 8.878192331250256, 6.233515621484185e-14, -3.0549984256880585e-14, 1.1866530947532494, -9.274682956409841e-14, 4.307043785662234e-14, 0.3336677326489786, 1.4113477291280782e-13, -7.940290265031351e-14, 0.08756365681346294, -1.330490375517359e-13, 5.991643538333257e-14, 0.1258753608094092, 6.929246390143639e-14, -3.9564228789300174e-14, 0.0937355903519311, -7.76974496806499e-14, 5.3586706349382855e-14, 0.010342688288216073, 6.303062524253967e-14, -7.043072898208801e-14, -0.023155275378207288, -2.437110710473779e-14, 1.0490445227750552e-14, -0.007985779164614864, 5.0202113334781153e-14, -4.2497740197924076e-14, 0.0039690418033197766, -4.4378833510681e-14, 2.1864292046394287e-14, 0.001182567545229785, 3.6447150970220545e-14, -1.553289360516072e-14, -0.00011803026358472481, -3.716466713817226e-14, 2.102432477303831e-14, 0.002702600243040235, 9.25468033544205e-15, -2.720450736576635e-14, 0.0033124858108373742, 5.817696675947539e-15, 7.562668341540381e-15]]
P3->P5
T_min:200 K    T_max:3000 K    P_min:0.0001 atm    P_max:100 atm
[[-26.035802752621606, -5.551115123125783e-14, 3.3592390726324175e-14, 12.072670264518232, 9.736109493219166e-14, -5.1182071167990816e-14, 0.031196221766850343, -1.1681685784758778e-13, 6.408311193960449e-14, 0.04483358423319042, 1.341125196195163e-13, -7.184373206594108e-14, 0.04852120448539096, -1.2680199798192727e-13, 5.982270934872335e-14, 0.03523004207090096, 7.373975368959888e-14, -4.356647905638574e-14, 0.020736376678151206, -7.924607185187083e-14, 5.35449010823949e-14, 0.010597018170103702, 6.738041972816058e-14, -7.320057331589061e-14, 0.004819623925712868, -3.5453482485496916e-14, 1.983626890429432e-14, 0.0019217820616572485, 4.775957752069858e-14, -4.0166619982229517e-14, 0.0007224885658530222, -4.011365618141458e-14, 1.6980486880058936e-14, 0.0002278719783438325, 2.6003245754040877e-14, -1.0129465722720106e-14, 0.00012901801284451257, -2.2877462541341274e-14, 1.3376408727748162e-14, 2.1345114155399997e-05, -2.837574255343122e-15, -1.846929588442178e-14, 9.8437096287319e-05, 1.1474968550797506e-14, 3.0816871921758266e-15]]
P3->W3
T_min:200 K    T_max:3000 K    P_min:0.0001 atm    P_max:100 atm
[[-24.388968802031094, -3.9745984281580604e-14, 1.4145053925880607e-14, 4.915918996611016, 9.358384151181202e-14, -4.144047769851175e-14, 0.3508235595793191, -1.1111507648277904e-13, 4.8327119063097187e-14, 0.5604306060961487, 1.6254627163863965e-13, -9.190752412788339e-14, 0.5493071930982365, -1.6040811008076082e-13, 8.269252516646797e-14, 0.2493566608880372, 9.291927470313229e-14, -5.239195252200363e-14, -0.011340401560824052, -9.597569109633285e-14, 6.306248368366658e-14, -0.110262854862836, 8.706726648506408e-14, -8.270697384661944e-14, -0.09162088108021756, -4.0457110599683176e-14, 1.7829699238592734e-14, -0.03473995570105116, 5.949731883781686e-14, -4.667894077868912e-14, -0.005106581309246184, -4.212429196101054e-14, 2.2465084004981732e-14, 0.01042768599839196, 2.4329381822823e-14, -9.703418903582469e-15, 0.0004266606385683609, -2.2672697805971838e-14, 1.5931917581236148e-14, 0.00272150752671501, -1.5491724914630493e-15, -2.352150341258504e-14, -0.004903732522024632, 1.2782798776153001e-14, 2.4694852618566842e-15]]
P4->P5
T_min:200 K    T_max:3000 K    P_min:0.0001 atm    P_max:100 atm
[[-34.00509973368639, -7.105427357601002e-14, 4.3942747698587933e-14, 19.57749104109602, 1.368627928005124e-13, -8.092006953292154e-14, 0.16414968824664736, -1.6412289533483947e-13, 9.162478412733855e-14, 0.12039325160506835, 1.7895787634417805e-13, -9.463233853916537e-14, 0.08669027624393645, -1.7522034250693806e-13, 8.274326882937488e-14, 0.052170346633091176, 1.0307963069303255e-13, -6.467104952235076e-14, 0.027135709963208077, -1.0746357775116002e-13, 7.562884731001309e-14, 0.012636801722479187, 8.582176861220907e-14, -9.204982975842624e-14, 0.00541861212201634, -3.509739119378349e-14, 1.8536322597267855e-14, 0.002127641257634449, 4.116272682201157e-14, -3.692272653993949e-14, 0.0009715339425640608, -2.7289664194914526e-14, 5.87595800645305e-15, 0.0003906619895682413, 1.4202145862698372e-14, 1.8739406028835782e-15, 0.00034983989752649953, -9.572186886489767e-15, 1.9523040665876144e-15, 9.665370972529775e-05, -1.528806958462186e-14, -1.545490614932197e-14, 0.00019583539483186734, 1.6860128105153486e-14, 3.9344923240115085e-15]]
P5->W3
T_min:200 K    T_max:3000 K    P_min:0.0001 atm    P_max:100 atm
[[-18.404278553954196, 7.771561172376096e-15, -1.1906676795500394e-14, 2.500782980984642, -8.71817180756696e-15, 1.7725196382488936e-14, 0.21670122446129073, -1.1092309514774502e-14, -8.122279040419107e-15, 0.37431537563222883, 5.96974211835579e-14, -3.137890795296597e-14, 0.3605632086884012, -6.890842906773737e-14, 3.0614919131597075e-14, 0.21644341082918162, 2.364967884360166e-14, -1.0762659556956592e-14, 0.07944533818973057, -3.078201136183485e-14, 2.3434560203471913e-14, 0.027351243202170923, 3.007897542685019e-14, -4.255638832654492e-14, 0.007687355111181486, -5.080228849786632e-15, 5.699312577422744e-16, -0.023397814276261326, 2.6955444452382856e-14, -2.6191201525227776e-14, -0.031610316378975864, -2.0132302436032633e-14, 1.0714277006665759e-14, -0.0472621813292135, 1.3184683330123027e-14, -7.317679828583272e-15, -0.028778884204383424, -1.5740704828121386e-14, 1.2903851995549319e-14, -0.0269113736686213, -2.9868764775065168e-15, -1.860147932892493e-14, -0.0030702937802804336, 9.736128539371687e-15, 2.675655191130811e-15]]
P2->W3
T_min:200 K    T_max:3000 K    P_min:0.0001 atm    P_max:100 atm
[[-42.49147188230692, -6.483702463810914e-14, 3.9041766217358216e-14, 13.000537380044188, 6.692967580309569e-14, -2.7275670054815747e-14, -0.5501971042698219, -9.115637619808471e-14, 4.1601364010268017e-14, 0.11160699898466153, 1.5508223833511654e-13, -8.940013579040764e-14, 0.45287838379129053, -1.5117679603286588e-13, 6.986576282649838e-14, 0.358035433841414, 5.952269199956724e-14, -3.4589130208049044e-14, 0.13227997177588907, -7.057388810157606e-14, 5.6094140150782145e-14, -0.04144366574456737, 6.392731837468923e-14, -9.148013513634032e-14, -0.08827470914815662, -7.199409473121134e-15, -3.1569091469813035e-15, -0.03215644157548025, 4.320471095922421e-14, -4.5802502852218725e-14, -0.011774996559232344, -2.731209020749538e-14, 8.823860685596543e-15, 0.03598369743446729, 4.242502378722584e-15, 6.957389937192921e-15, -0.001654777805276022, -3.765722888262672e-15, 1.4732458198409518e-15, 0.017548253886038243, -2.848412809372714e-14, -2.186634206311664e-14, -0.020538747731814258, 3.46813312510315e-14, -5.009881860226272e-15]]
P1->P2
T_min:200 K    T_max:3000 K    P_min:0.0001 atm    P_max:100 atm
[[-11.717969546616194, -7.382983113757291e-15, 8.346534624131638e-16, -0.03366198601534527, 1.6006752269367888e-14, -1.3738630939600029e-15, 0.41055757705081747, -2.620964728329491e-14, 5.883457111130123e-15, 0.26191939442780166, 6.052589497382365e-14, -3.5627798496813107e-14, 0.11643977247071496, -6.275568496867527e-14, 3.152251639685072e-14, 0.040394628592501786, 2.770582554377287e-14, -1.3329565604781588e-14, 0.010383885898937979, -3.240124515024712e-14, 2.2129550558715477e-14, 0.0020055255898135723, 3.2614565239203766e-14, -3.585016284435977e-14, 0.0011582059525962318, -9.08856594103185e-15, 1.3320446805446653e-15, 0.0014998796822120904, 2.3611922353952265e-14, -2.0768771442472485e-14, 0.0017426771195904309, -1.680981642336737e-14, 8.785546843250135e-15, 0.000504685444694235, 8.438128669314714e-15, -3.2454442912107293e-15, 0.00019266897344720485, -9.49383682988223e-15, 8.079427939840302e-15, -0.00038605173983033143, -1.5659778582602444e-15, -1.309131578001195e-14, 0.00019656619218221317, 8.152242581637556e-15, -1.3264868560897147e-16]]
P1->P3
T_min:200 K    T_max:3000 K    P_min:0.0001 atm    P_max:100 atm
[[-15.390191291540647, -7.13318293321663e-15, 1.1486272312072877e-15, 1.0708596907929016, 1.2757927329981563e-14, -8.748131036833451e-17, 0.7947807052968956, -2.468478036234039e-14, 4.705202884422229e-15, 0.26006156724850776, 5.956306357504553e-14, -3.548583222329732e-14, 0.0733461587776147, -6.344471607047988e-14, 2.95338272573886e-14, 0.038182047833687345, 2.4349546439564992e-14, -1.0653837262164411e-14, 0.02360289762850369, -3.1359274865721885e-14, 2.3979283978886055e-14, 0.01056286273380942, 3.1579543794341485e-14, -3.918782349655894e-14, 0.0032654006083543486, -6.422985521615262e-15, -2.862631364911999e-16, 0.0017371817932284794, 2.4553242825311076e-14, -2.324963178484067e-14, 0.0013856313479251585, -1.6930337044285164e-14, 9.137328629593256e-15, 0.0009776375966572156, 8.293613202659382e-15, -2.0896984229962297e-15, 0.0003573404195204639, -1.1623851442544085e-14, 9.517203365921875e-15, 0.00025704848458942616, -2.8971222064751127e-15, -1.5472090029161637e-14, 0.0001391312211632718, 9.966501447057312e-15, -2.1445144859885945e-16]]
P2->P3
T_min:200 K    T_max:3000 K    P_min:0.0001 atm    P_max:100 atm
[[-45.75585152053714, -6.306066779870889e-14, 2.995672135267061e-14, 16.394685906398077, 1.145924042967155e-13, -5.473155180653465e-14, 0.7799260765361044, -1.367554673854716e-13, 6.169388409902131e-14, 0.8338961177807136, 1.9778250248735154e-13, -1.0942652261036858e-13, 0.32745958700903477, -1.8479334365225996e-13, 7.919974947660897e-14, -0.05319960418204182, 7.787756211761384e-14, -4.504228278327604e-14, -0.2396284072655645, -9.21095370428529e-14, 7.235187113150865e-14, -0.1696775867380526, 7.87588183252327e-14, -1.0180646968313943e-13, -0.010497249583437103, -1.8557929954077055e-14, 3.524143660089937e-15, 0.04123783103439213, 5.120972419142736e-14, -5.118758860732519e-14, 0.07524788081064783, -3.1509281687118567e-14, 1.147623997008683e-14, -0.03684271482968669, 2.3810553057507976e-14, -5.2813477303327985e-15, -0.00977112847541953, -2.3357870951138557e-14, 1.8525832177758818e-14, -0.05863367269254393, -1.6692610345705767e-14, -3.4807327038177296e-14, 0.022105221480625378, 2.4844704134944222e-14, 6.507145810113181e-15]]
P1->W3
T_min:200 K    T_max:3000 K    P_min:0.0001 atm    P_max:100 atm
[[-13.629881427815219, 4.218847493575595e-15, -8.80517392290581e-15, -1.3916399675062638, -7.178823126752901e-15, 1.400737239130697e-14, 0.020024494129611246, -6.744142963658483e-15, -6.9418420008238016e-15, 0.25016299894805716, 5.006465499464239e-14, -2.9892371821701155e-14, 0.21506114422644887, -5.5069681420274974e-14, 2.6624410946068883e-14, 0.07534349355756821, 1.5403145890976776e-14, -5.775099134801543e-15, -0.022294322512238042, -2.250029818951978e-14, 1.6894432408592965e-14, -0.06897033129079023, 2.6326132345630932e-14, -3.459063491643069e-14, -0.06386285098725766, -1.201820810556781e-15, -3.6031036147841415e-15, -0.018980972200681158, 1.9374953596951357e-14, -1.9018702186242323e-14, -0.005912568472553758, -1.295219743886204e-14, 7.273396884496836e-15, 0.021203435823260678, 4.194997535385032e-15, -5.602231166560045e-16, -0.0014895901049102236, -5.9097510797368644e-15, 7.220340188340708e-15, 0.010717756675580049, -5.6998796720070585e-15, -1.3642869590176593e-14, -0.011383735997518617, 1.159358007309864e-14, -1.6392362367978934e-15]]
P2->P4
T_min:200 K    T_max:3000 K    P_min:0.0001 atm    P_max:100 atm
[[-47.482426983296364, 1.9539925233402755e-14, -1.7234767678930247e-14, 17.177796960955273, -2.6124663255330237e-14, 2.6803450330289766e-14, 0.18655367588856206, -1.452107397007225e-14, -1.2536630440028819e-14, 0.6644169980244136, 1.0069064142331162e-13, -6.268032551133558e-14, 0.40052959525058096, -1.0675838976054297e-13, 4.371030894409471e-14, 0.04122614288597767, 1.8230477482480217e-14, -1.5045058555205637e-14, -0.1930202263492966, -3.703287267017579e-14, 3.862178349303573e-14, -0.15254108068104888, 3.864287051631559e-14, -8.038143642832766e-14, -0.017267922230894083, 9.703458907347136e-15, -1.5089648124412338e-14, 0.022925974560598954, 2.8883896170737556e-14, -3.970644517329866e-14, 0.04889385709651731, -2.172002501542755e-14, 5.6060218839731516e-15, -0.04028607426256583, 1.518732717234112e-14, 2.374428408246213e-15, -0.007010514613181645, -2.1609100310090168e-14, 1.5025308239008518e-14, -0.042930185136322234, -1.495408496044158e-14, -3.533937977749695e-14, 0.026629701096679576, 2.3556808575371204e-14, 5.559496474354283e-15]]
P1->P4
T_min:200 K    T_max:3000 K    P_min:0.0001 atm    P_max:100 atm
[[-16.08437694879047, 7.147060721024445e-16, -4.87694523442981e-15, 0.54438620344152, -2.9597000499006216e-15, 1.0504218614077365e-14, 0.49236486320040035, -1.1784621353974934e-14, -4.759976268977006e-15, 0.1718633513689184, 5.4577060461653164e-14, -3.1136933521724176e-14, 0.09346264897148737, -5.953927251886332e-14, 2.72754752286607e-14, 0.10151385296541575, 1.634804285962127e-14, -6.721010385754902e-15, 0.07866823470344317, -2.558536314227955e-14, 1.9033658311203017e-14, 0.03819734438919224, 2.586000484986293e-14, -3.788334627154975e-14, 0.008923449653122346, -6.554860375660314e-16, -3.3888884780624227e-15, -0.005478996714161928, 2.1362721494265514e-14, -2.1940760376236068e-14, -0.005861816965252932, -1.5191966348309598e-14, 7.024524588162796e-15, -0.00735271430193421, 6.893923024313284e-15, -2.261532386821506e-15, -0.001895978145287546, -9.780378012579028e-15, 9.672577178207148e-15, -0.002407093187016967, -5.383930670775695e-15, -1.5852639254824673e-14, 0.0016725734451095023, 1.2207244134310741e-14, -2.7061729549922795e-16]]
P1->P5
T_min:200 K    T_max:3000 K    P_min:0.0001 atm    P_max:100 atm
[[-15.13497114281088, -1.0880185641326534e-14, 3.462645193250472e-15, 3.629714456710075, 2.907830955005865e-14, -1.1322776188888594e-14, -0.20300172105513478, -3.8009674117656076e-14, 1.4178381671153791e-14, -0.08354637371769215, 7.018644910499325e-14, -4.00442620200189e-14, -0.016295350242796654, -7.063945159973278e-14, 3.3271802539178474e-14, 0.006403574751602748, 3.383215260844703e-14, -1.849516558446763e-14, 0.010140596891299, -3.933874707172859e-14, 2.6849442668944506e-14, 0.007797135142444424, 3.6979426540194416e-14, -4.075490263583572e-14, 0.004693801864787539, -1.3001898625114886e-14, 4.507237947146024e-15, 0.0025479874944336098, 2.77403773063192e-14, -2.4390662690445555e-14, 0.0009495581231820301, -1.9124343410333543e-14, 9.469162179637977e-15, 0.0005062974883574858, 1.2686644390326243e-14, -5.343470035578325e-15, -0.000110225143890881, -1.2345272943633646e-14, 9.176932658457263e-15, 3.6751358594376037e-05, -2.9887082403630515e-15, -1.2919939648286884e-14, -0.00014495464087348913, 8.831089701383468e-15, 1.023227321907481e-15]]
P2->P5
T_min:200 K    T_max:3000 K    P_min:0.0001 atm    P_max:100 atm
[[-49.20059573381183, -5.1514348342607263e-14, 4.880095196588485e-14, 23.304200631169373, 9.447366293169553e-14, -7.608157126612515e-14, -0.11744223250404656, -1.323979105101843e-13, 8.892599500032875e-14, -0.04640001760138725, 1.341102899939957e-13, -7.25480228958072e-14, -0.019189962747826292, -1.4276314316561635e-13, 5.713455695956029e-14, -0.01800367734760816, 4.604810421610241e-14, -2.9023357223694624e-14, -0.023423277627993535, -7.930072391126772e-14, 6.548639256964606e-14, -0.02460324395207342, 7.14987330113239e-14, -1.0277207736956644e-13, -0.02133842069126224, -2.4528613760978356e-14, 1.2194057067641148e-14, -0.016998437006173563, 6.274524912224185e-14, -6.13832456574145e-14, -0.010324756691270283, -5.0591947508578814e-14, 1.6403359050490196e-14, -0.006940426120049733, 3.7088700377506777e-14, -1.417455745056589e-14, -0.0020940828804581146, -3.826575883847738e-14, 1.9827928977289638e-14, -0.0015486132644177248, -5.146015754669057e-15, -3.397130058080018e-14, 0.0008001747564839917, 2.065596511804027e-14, 6.3797786180625355e-15]]
P4->W3
T_min:200 K    T_max:3000 K    P_min:0.0001 atm    P_max:100 atm
[[-32.12217676104727, -8.126832540256146e-14, 4.982383937029683e-14, 11.570242722890605, 1.3513581585179693e-13, -7.235603981970236e-14, 0.870507881589261, -1.325501816231249e-13, 6.068258818744424e-14, 0.3586076580457288, 1.7589545526493557e-13, -9.959832174203038e-14, 0.40328100415943374, -1.7310340981616872e-13, 8.5624467911187e-14, 0.24023035039450852, 1.0019176509147869e-13, -5.853390269910195e-14, 0.041147507111027506, -1.1276832642619394e-13, 7.424102887790596e-14, -0.04341997140739786, 9.980499637434028e-14, -1.0197570176072028e-13, -0.052685881167108116, -5.793784914148528e-14, 2.9669248514185885e-14, -0.04343717728128898, 7.612839252151854e-14, -5.821182270265577e-14, -0.023786097259080458, -6.227157564021097e-14, 2.967726520059045e-14, -0.01695155192934284, 4.299919347239182e-14, -1.8586459471660055e-14, -0.003204600573566328, -3.705549239592105e-14, 2.0381224599439676e-14, -0.003499899989775519, 5.219735547516456e-16, -2.7931310523520094e-14, 0.003880331960308503, 1.2301080421077778e-14, 7.412269511896758e-15]]
==============================
colrel_Factor
P3->P4
T_min:200 K    T_max:3000 K    P_min:0.0001 atm    P_max:100 atm
[[-27.100487317920315, -7.416289804496046e-14, 4.233473623842254e-14, 8.912009531188726, 1.112084077701231e-13, -5.6772417475591247e-14, 1.1813311509440456, -1.4803103842486567e-13, 7.842335516187714e-14, 0.32616112739330033, 1.8197500548131323e-13, -1.0047986059975153e-13, 0.08999522916243706, -1.8534928342672684e-13, 9.342270198685238e-14, 0.12894072732027287, 1.198379224347472e-13, -6.740471601474799e-14, 0.09256544940786153, -1.190945839903946e-13, 7.582621026219382e-14, 0.00878881905682255, 1.0072145709771863e-13, -9.456474907736214e-14, -0.02256073072255531, -5.502771190879026e-14, 2.93138573016507e-14, -0.007058373448577952, 7.37148692429848e-14, -5.62270614005635e-14, 0.003429234005759079, -6.718664339414407e-14, 3.2718479591023837e-14, 0.0009655048319422382, 5.750668197749432e-14, -2.8272195838407146e-14, -0.00010797965948920297, -5.3924614946419174e-14, 3.2392554080160955e-14, 0.003091494161815353, 1.9904689045090895e-14, -3.6333441057832075e-14, 0.003051026712847775, -4.3222921555946017e-16, 1.1697434225462958e-14]]
P3->P5
T_min:200 K    T_max:3000 K    P_min:0.0001 atm    P_max:100 atm
[[-26.03581940834088, -3.375077994860476e-14, 1.4821381614948012e-14, 12.072689963237579, 1.1986901438733304e-13, -7.332141368382129e-14, 0.03118991923305522, -1.256663299360546e-13, 7.18032536756358e-14, 0.0448318966253462, 1.539965579150234e-13, -8.66373576132954e-14, 0.04852028040698728, -1.3403870565925707e-13, 6.298720692527056e-14, 0.03522939211471177, 6.997395841611097e-14, -3.6060218947468564e-14, 0.02073589411178015, -8.738841655722422e-14, 5.876249843692834e-14, 0.01059600579009203, 7.259772988340121e-14, -7.550819458907328e-14, 0.004819694876472176, -3.5650894028534154e-14, 1.940543130680275e-14, 0.0019211409455694448, 4.095231150654144e-14, -3.545539546619342e-14, 0.0007226226246491083, -2.9058266772594285e-14, 1.145961556828861e-14, 0.0002275104276041512, 1.0482866982439804e-14, -3.8078819704116714e-16, 0.00012923350458562055, -9.31159276683027e-15, 5.4989590240265085e-15, 2.099997845634405e-05, -1.287577425405908e-14, -1.3849350906826147e-14, 9.84642314752214e-05, 1.557619415547238e-14, 4.2329494699711675e-15]]
P3->W3
T_min:200 K    T_max:3000 K    P_min:0.0001 atm    P_max:100 atm
[[-24.369823764864996, -2.020605904817785e-14, 6.239374756659863e-15, 4.949621798982282, 4.012074766306403e-14, -1.103830427261565e-14, 0.3589166454697269, -5.712922048211126e-14, 1.5588569175293774e-14, 0.5546757573540141, 1.1271156537836303e-13, -6.400680175238122e-14, 0.5362931080265253, -1.1581103190339658e-13, 5.492269966738249e-14, 0.24160767672342365, 5.41941260989749e-14, -2.921507996988699e-14, -0.014591884560342789, -6.386842445710432e-14, 4.575898715168782e-14, -0.10854232610973122, 6.305960975562497e-14, -6.963728339559218e-14, -0.08750441933194479, -2.448870957189223e-14, 9.0553957004225e-15, -0.0338374501449958, 4.805375181585189e-14, -4.152446093696692e-14, -0.0038496957738393626, -3.2440812726551254e-14, 1.6571724969588646e-14, 0.007539054149049914, 1.8083416691647693e-14, -6.314896909086732e-15, 0.0010119952705338118, -1.738223421745889e-14, 1.4005845270782246e-14, 0.0008955545500548146, -6.588533375214699e-15, -2.1852035277107616e-14, -0.0029592737148325093, 1.5143002535643268e-14, 1.3435710851185402e-15]]
P4->P5
T_min:200 K    T_max:3000 K    P_min:0.0001 atm    P_max:100 atm
[[-34.00511670381249, -7.993605777301127e-15, 1.5315568547273308e-15, 19.577513055972773, 3.77669822964075e-14, -5.803779571193291e-15, 0.16414560083464252, -4.3890630359448356e-14, 4.9215065032999105e-15, 0.12039134468984744, 8.96108733491657e-14, -3.995154315497531e-14, 0.08669048089107087, -8.694173691343292e-14, 2.860881970082043e-14, 0.052170150745954706, 5.5972751043717223e-14, -3.492277840896903e-14, 0.027135956690831232, -6.184582130381914e-14, 4.7879700980299786e-14, 0.012636885081429915, 5.268486397390815e-14, -7.032984175457692e-14, 0.005418299566796732, -2.013899354238147e-14, 8.801951553845624e-15, 0.0021282261953100077, 3.9247369176589774e-14, -3.66045450643511e-14, 0.00097084115701084, -3.3859495362820364e-14, 1.0182154717679547e-14, 0.00039126345229698934, 1.879785467996202e-14, -4.37967603840021e-16, 0.00034950575634683765, -1.4337781431909762e-14, 3.701547370500308e-15, 9.726504906718423e-05, -1.510020502572697e-14, -1.5278180499037525e-14, 0.0001957398901019141, 1.4980955672113465e-14, 7.171918876735491e-15]]
P5->W3
T_min:200 K    T_max:3000 K    P_min:0.0001 atm    P_max:100 atm
[[-17.887764849770345, -8.104628079763643e-15, -1.8313772034524362e-15, 2.1078554779420804, 1.8084570042471894e-14, -2.7543793105056987e-16, 0.16843193059687023, -3.672515841660334e-14, 1.0396087925814546e-14, 0.3606237093180532, 7.525362423348415e-14, -4.044243796861715e-14, 0.345814530834647, -8.083662010254524e-14, 3.7565147725187796e-14, 0.20099742076725374, 3.4754926881288506e-14, -1.7469583481335128e-14, 0.08740298186418818, -4.0436491549720325e-14, 2.9573574663839844e-14, 0.03623688786082381, 3.9621576547936196e-14, -4.743353941375637e-14, 0.005687711434986809, -1.1185051262349728e-14, 3.912441757984555e-15, -0.020417680768923818, 3.0603270416955475e-14, -2.797137177126185e-14, -0.031099911945858823, -2.1564631497112022e-14, 1.1334972233068893e-14, -0.04418930003798349, 1.1857910806327294e-14, -5.5290855013016845e-15, -0.03153137745640773, -1.2382537777412384e-14, 1.0899632575260137e-14, -0.02456013473439292, -3.590654096275261e-15, -1.8321717035917394e-14, -0.0046810579566154845, 1.0965356163360255e-14, 1.9551472843326757e-15]]
P2->W3
T_min:200 K    T_max:3000 K    P_min:0.0001 atm    P_max:100 atm
[[-42.45804196170318, 3.552713678800501e-15, -1.4932130604319241e-15, 12.990748957169762, -2.6417375655906265e-14, 2.5697896023186554e-14, -0.5378927669871009, 1.1584894002403765e-15, -1.3053978189229583e-14, 0.11781702035936376, 8.090715403945447e-14, -4.4373830149380086e-14, 0.4544213825207302, -9.11105697086623e-14, 3.1942252793709307e-14, 0.35627000844269036, 1.3218862115740974e-14, -1.2456968816907725e-14, 0.12923903096303105, -3.388378318899175e-14, 3.3296855111579906e-14, -0.043719263682237046, 3.6482692414280964e-14, -8.073831771349234e-14, -0.08894551772466779, 1.1736120447805855e-14, -1.2853440236043327e-14, -0.03190503219918399, 3.853001646804328e-14, -4.436295968696599e-14, -0.011268385390480118, -2.8094130017885087e-14, 6.46512018356257e-15, 0.0366465702363781, 1.8544097511863367e-14, -1.798708142474078e-15, -0.001275946363721301, -2.3725865498672287e-14, 1.5552630235116462e-14, 0.017847728858579954, -1.4012663294225497e-14, -3.2013427777107025e-14, -0.020681389116611663, 2.1220345595183727e-14, 6.2263796447538384e-15]]
P1->P2
T_min:200 K    T_max:3000 K    P_min:0.0001 atm    P_max:100 atm
[[-11.71657568654531, -1.8735013540549517e-14, 6.3511981412668324e-15, -0.03583991170728442, 3.726645593946838e-14, -1.3407628514488708e-14, 0.41109988292923294, -4.708104701813141e-14, 1.779639154919054e-14, 0.2622471179383932, 7.881476379843826e-14, -4.591074393480071e-14, 0.11636747070582841, -7.988184256927937e-14, 4.1561963344078605e-14, 0.040237779226481245, 4.376158585362317e-14, -2.2785917284762482e-14, 0.010324333935561801, -4.6671940761610926e-14, 3.0676705457632034e-14, 0.00204612737905903, 4.449304854997052e-14, -4.198662604967844e-14, 0.0012141965197391524, -1.9017068177317562e-14, 7.339083377341347e-15, 0.0015052082188053695, 3.064866492695626e-14, -2.4020518050982023e-14, 0.0017195866646493934, -2.186214598452084e-14, 1.2148304418558115e-14, 0.0004827807407427525, 1.2702544475811603e-14, -5.6582302598960806e-15, 0.00019675999380881117, -1.240399277647222e-14, 9.606162648338135e-15, -0.00037942946079979896, -1.2267022024949803e-16, -1.357209120803607e-14, 0.00020645655403859155, 7.23040293355283e-15, 5.666404987653063e-16]]
P1->P3
T_min:200 K    T_max:3000 K    P_min:0.0001 atm    P_max:100 atm
[[-15.392259449198585, -1.6306400674181987e-14, 6.5770917971417544e-15, 1.0738873769833461, 3.3155594154156906e-14, -1.0433632977857321e-14, 0.7937987921797981, -4.658928260831011e-14, 1.5996211078241855e-14, 0.25989202031778674, 8.486683872842527e-14, -5.015399720829975e-14, 0.07350657578292188, -8.721683084340545e-14, 4.419804100471388e-14, 0.03823708148259597, 4.488690097116643e-14, -2.3689978680654785e-14, 0.023549070326427807, -4.7723145753540775e-14, 3.232075911943518e-14, 0.010546285014674856, 4.698517764531359e-14, -4.832629878729163e-14, 0.003275865741739719, -1.6960903293764136e-14, 5.460250662861699e-15, 0.00174407095568751, 3.29771793116917e-14, -2.7293259620970785e-14, 0.0013789163920399114, -2.416782323768904e-14, 1.2929709872037596e-14, 0.0009794176558521296, 1.5641532787864598e-14, -6.1731051933499135e-15, 0.00035401017033194785, -1.5832196915368458e-14, 1.14322933293068e-14, 0.0002598955331436277, 5.979746551652995e-16, -1.710441989123435e-14, 0.00013801088262987128, 7.959046434485655e-15, 1.4742167917561473e-15]]
P2->P3
T_min:200 K    T_max:3000 K    P_min:0.0001 atm    P_max:100 atm
[[-45.773646423171584, -5.595524044110789e-14, 3.4244088559785244e-14, 16.41348949001403, 1.0986538473259686e-13, -5.18607257071372e-14, 0.7814356268583903, -1.3699371017545514e-13, 5.2253179958257154e-14, 0.8342602918690472, 2.1686695114963456e-13, -1.1996025932241754e-13, 0.3252160710542076, -2.208218738907625e-13, 1.0083057629258149e-13, -0.05519249799472539, 1.1758859662504202e-13, -6.660533934502768e-14, -0.23989029581463903, -1.2875504843351484e-13, 9.015331606649669e-14, -0.16817496313219354, 1.2233306121406276e-13, -1.3183077402934369e-13, -0.009029288670018832, -5.839722992436277e-14, 2.896449534403828e-14, 0.041054710326535064, 9.273437495544371e-14, -7.729176259441009e-14, 0.07457615453129189, -8.089428205444179e-14, 3.9457766650295905e-14, -0.03791102856238255, 6.856736708674585e-14, -2.9766503213065216e-14, -0.009523806035591678, -6.232843464694088e-14, 3.687889684480782e-14, -0.05843780909587507, 9.043958067970262e-15, -4.559244981008555e-14, 0.02290478121639001, 1.3637610542406168e-14, 1.0819037760501452e-14]]
P1->W3
T_min:200 K    T_max:3000 K    P_min:0.0001 atm    P_max:100 atm
[[-13.587905244691807, -3.2751579226442118e-15, -3.913756672116979e-15, -1.390702026107345, 9.820486094650873e-15, 4.220786340116979e-15, 0.010335487142793911, -1.8557351868782548e-14, -1.564762538273338e-15, 0.24413847511603812, 6.580192238231053e-14, -3.9191137162763675e-14, 0.2117005711318109, -6.915105749392272e-14, 3.5317438623831496e-14, 0.07610593938472877, 2.537727697235181e-14, -1.1814351060801945e-14, -0.020866713597199424, -3.0811708733780894e-14, 2.1318242043664236e-14, -0.06801426653624339, 3.375161449427325e-14, -3.972468851026247e-14, -0.06387137541051825, -4.464506219485894e-15, -2.14828790284263e-15, -0.020629716013633507, 2.2149954067703868e-14, -2.0499175710284838e-14, -0.006428488959816189, -1.2107059539614308e-14, 6.1183067615071476e-15, 0.020082885159363892, 2.965988538179883e-15, 7.184970930957945e-16, -0.0005682658526659053, -5.252168264437293e-15, 6.816137644337902e-15, 0.01062493817600803, -6.519993939323651e-15, -1.382044098439057e-14, -0.010240483044951997, 1.2546179046199501e-14, -1.5900411364642024e-15]]
P2->P4
T_min:200 K    T_max:3000 K    P_min:0.0001 atm    P_max:100 atm
[[-47.51816659192687, -1.509903313490213e-14, 1.4931966491483194e-14, 17.208097940872726, 3.218630033818759e-14, -1.9380643279709096e-14, 0.20027716254041222, -8.41701429717644e-14, 5.281620042744752e-14, 0.6654532371252336, 1.2047621168547367e-13, -6.25331453018369e-14, 0.3923033943922408, -1.323754114750429e-13, 4.944748051616543e-14, 0.03565767736743896, 3.741596024124939e-14, -1.5393139175580013e-14, -0.19289273979204352, -6.434307461130198e-14, 5.28584430656334e-14, -0.14823980595184366, 5.754875979731075e-14, -9.428959594802191e-14, -0.013522347009323374, -1.134761751075131e-14, 2.1548503166889755e-15, 0.022400651024127145, 5.668058272964307e-14, -5.798642105728681e-14, 0.046806626727776655, -4.958685689855203e-14, 2.1203070831856813e-14, -0.04300440164288543, 4.0970322427806476e-14, -1.882704726330048e-14, -0.006453602644524722, -4.3297235313107244e-14, 2.741044265822847e-14, -0.04188086834496958, 9.55129620913192e-16, -4.2688026962501637e-14, 0.02857950275685246, 1.4841959946371674e-14, 1.329600409675197e-14]]
P1->P4
T_min:200 K    T_max:3000 K    P_min:0.0001 atm    P_max:100 atm
[[-16.089351657371857, -1.6285583992470265e-14, 3.98285579189417e-15, 0.5516561222663225, 3.173283686487343e-14, -8.51532462812572e-15, 0.49000383638872064, -4.6390008715098754e-14, 1.4444869093441e-14, 0.17146124126862078, 8.8637897184732e-14, -5.099074845037617e-14, 0.09388079899449905, -9.257067697469203e-14, 4.6986837752432185e-14, 0.10161864386204325, 4.3085828637250683e-14, -2.1805782088965833e-14, 0.07856774858828526, -4.966851248335166e-14, 3.3008002621036727e-14, 0.03817064077776522, 4.725917800341321e-14, -5.0660282307092874e-14, 0.00896043611050494, -1.665185631590844e-14, 5.393523023753086e-15, -0.005463344147912936, 3.4283489289634746e-14, -2.898900772680376e-14, -0.0058674930495911555, -2.4220289337599507e-14, 1.2239994907288752e-14, -0.007353629681121633, 1.2239056478430513e-14, -4.6528341422339795e-15, -0.0018943638299594686, -1.2504369094424362e-14, 1.0627119338906034e-14, -0.0024107840404560357, -3.7390189330554665e-15, -1.714922279834477e-14, 0.001669565185824668, 1.1917145751186118e-14, 2.9150743525157997e-16]]
P1->P5
T_min:200 K    T_max:3000 K    P_min:0.0001 atm    P_max:100 atm
[[-15.134989517971759, -1.1546319456101628e-14, 3.8231598888288685e-15, 3.6296587129910804, 2.127286129705727e-14, -7.8125716586956e-15, -0.2030617733493039, -3.372086421289092e-14, 1.2937385192298488e-14, -0.08358969417790445, 5.879547770555192e-14, -3.265208877749481e-14, -0.016336815864409, -6.091116107785164e-14, 2.7555239449986477e-14, 0.006373169102412967, 2.3421106271222303e-14, -1.1845507798076075e-14, 0.010115044714364066, -3.388065921898554e-14, 2.562647335164415e-14, 0.007778575479657177, 3.1887889395952486e-14, -3.963071798143488e-14, 0.004682505483015147, -1.1125506936029184e-14, 4.19707099747779e-15, 0.0025384700300567337, 2.6011604199307938e-14, -2.268418383950776e-14, 0.0009491063766490765, -2.1576698161605823e-14, 9.735421206388554e-15, 0.0005029361880201182, 1.637584693688301e-14, -6.8010481448560896e-15, -0.00010539094985535705, -1.6724892766163357e-14, 1.0661469214553843e-14, 3.599344348879619e-05, 8.480772406133128e-16, -1.5845280044687384e-14, -0.0001403541679512757, 6.503463295184078e-15, 2.6041971397226224e-15]]
P2->P5
T_min:200 K    T_max:3000 K    P_min:0.0001 atm    P_max:100 atm
[[-49.199650012387686, -9.50350909079134e-14, 8.3724147547938e-14, 23.303469234963305, 1.190560246217319e-13, -8.341868098434296e-14, -0.11773445884882255, -1.5643744587903736e-13, 9.925368460512607e-14, -0.04650387187333458, 1.549810638151677e-13, -8.251373955229113e-14, -0.019178266121325768, -1.3688456171712962e-13, 4.2491808340289004e-14, -0.01799665276708307, 6.450564346989559e-14, -4.4443075797336035e-14, -0.023449832689396252, -8.076393004372608e-14, 6.924706832700424e-14, -0.024631854848577866, 9.166573768736477e-14, -1.151841351906751e-13, -0.021348028810905084, -4.2464530683647536e-14, 2.122801597574123e-14, -0.01699952321009474, 7.039398140480149e-14, -5.97594867796915e-14, -0.010337407921974639, -5.1057157608554426e-14, 2.1091571532733076e-14, -0.00695423057293328, 2.7057941892199423e-14, -3.325221688523054e-15, -0.0021068871427183744, -1.7423864802162623e-14, 7.23712596831812e-15, -0.0015501945036444729, -2.91847454455355e-14, -2.3399993650802426e-14, 0.0007982238985537199, 3.091465642240113e-14, 4.992398558969304e-15]]
P4->W3
T_min:200 K    T_max:3000 K    P_min:0.0001 atm    P_max:100 atm
[[-32.104759951157554, -6.616929226765933e-14, 3.8853370584669876e-14, 11.597410782415778, 1.2044578572852282e-13, -6.697794673041932e-14, 0.8793776089613851, -1.4519284323022814e-13, 8.17414644346585e-14, 0.35603397273656884, 1.708642587844503e-13, -9.355885019433958e-14, 0.39683804299733216, -1.6577364587233913e-13, 8.032167127252239e-14, 0.23555487349813434, 8.89382330781178e-14, -5.060890729204948e-14, 0.03796346039380905, -9.166928319962427e-14, 6.453823081423032e-14, -0.04537436475185277, 8.330786601061315e-14, -8.798713347364003e-14, -0.053650334926702306, -3.9769639170121665e-14, 1.8115440837536605e-14, -0.04400978433446357, 5.733362156917742e-14, -4.781672839047071e-14, -0.02310648440165801, -3.972791796557152e-14, 1.7872276049705398e-14, -0.016389504865371045, 1.8903965830809558e-14, -6.188623511386e-15, -0.00189277788702526, -9.144871511141674e-15, 5.269527549489993e-15, -0.003073731882711964, -1.7915909378750462e-14, -1.8465138160884074e-14, 0.004578185984517114, 2.3103934740934285e-14, 4.574925939757609e-16]]
==============================
W1a_Energy_1
P3->P4
T_min:200 K    T_max:3000 K    P_min:0.0001 atm    P_max:100 atm
[[-27.07577834521353, -2.4868995751603507e-14, 8.231801899980377e-15, 8.878192331250256, 6.233515621484185e-14, -3.0549984256880585e-14, 1.1866530947532494, -9.274682956409841e-14, 4.307043785662234e-14, 0.3336677326489786, 1.4113477291280782e-13, -7.940290265031351e-14, 0.08756365681346294, -1.330490375517359e-13, 5.991643538333257e-14, 0.1258753608094092, 6.929246390143639e-14, -3.9564228789300174e-14, 0.0937355903519311, -7.76974496806499e-14, 5.3586706349382855e-14, 0.010342688288216073, 6.303062524253967e-14, -7.043072898208801e-14, -0.023155275378207288, -2.437110710473779e-14, 1.0490445227750552e-14, -0.007985779164614864, 5.0202113334781153e-14, -4.2497740197924076e-14, 0.0039690418033197766, -4.4378833510681e-14, 2.1864292046394287e-14, 0.001182567545229785, 3.6447150970220545e-14, -1.553289360516072e-14, -0.00011803026358472481, -3.716466713817226e-14, 2.102432477303831e-14, 0.002702600243040235, 9.25468033544205e-15, -2.720450736576635e-14, 0.0033124858108373742, 5.817696675947539e-15, 7.562668341540381e-15]]
P3->P5
T_min:200 K    T_max:3000 K    P_min:0.0001 atm    P_max:100 atm
[[-26.035802752621606, -5.551115123125783e-14, 3.3592390726324175e-14, 12.072670264518232, 9.736109493219166e-14, -5.1182071167990816e-14, 0.031196221766850343, -1.1681685784758778e-13, 6.408311193960449e-14, 0.04483358423319042, 1.341125196195163e-13, -7.184373206594108e-14, 0.04852120448539096, -1.2680199798192727e-13, 5.982270934872335e-14, 0.03523004207090096, 7.373975368959888e-14, -4.356647905638574e-14, 0.020736376678151206, -7.924607185187083e-14, 5.35449010823949e-14, 0.010597018170103702, 6.738041972816058e-14, -7.320057331589061e-14, 0.004819623925712868, -3.5453482485496916e-14, 1.983626890429432e-14, 0.0019217820616572485, 4.775957752069858e-14, -4.0166619982229517e-14, 0.0007224885658530222, -4.011365618141458e-14, 1.6980486880058936e-14, 0.0002278719783438325, 2.6003245754040877e-14, -1.0129465722720106e-14, 0.00012901801284451257, -2.2877462541341274e-14, 1.3376408727748162e-14, 2.1345114155399997e-05, -2.837574255343122e-15, -1.846929588442178e-14, 9.8437096287319e-05, 1.1474968550797506e-14, 3.0816871921758266e-15]]
P3->W3
T_min:200 K    T_max:3000 K    P_min:0.0001 atm    P_max:100 atm
[[-24.388977240412746, -1.865174681370263e-14, 4.114730861917894e-15, 4.915934836821347, 4.815265510725773e-14, -1.7899377931513355e-14, 0.3508104695393117, -7.148636082472557e-14, 2.8074490723907648e-14, 0.5604401573265725, 1.2249993909444425e-13, -6.895972701646142e-14, 0.5493009858760507, -1.278038171702373e-13, 6.081119057085749e-14, 0.24936031405835496, 7.192118814089887e-14, -3.8434982249792477e-14, -0.011342390217597084, -7.604498559659219e-14, 5.0278643636191575e-14, -0.11026185101205077, 6.700797928891294e-14, -7.224596303311799e-14, -0.0916212864520691, -2.5951586545113312e-14, 9.721945276117486e-15, -0.03473989816718845, 4.868189889851793e-14, -4.0385438584984026e-14, -0.005106489116872224, -3.847476732757643e-14, 2.0638014497118422e-14, 0.010427577925289547, 2.5609139265890268e-14, -1.1692243638278848e-14, 0.0004267238723074705, -2.7888416101598232e-14, 1.945787287835031e-14, 0.002721479579081522, 2.019987964195717e-15, -2.6563787733499416e-14, -0.004903700665605122, 1.0235242234982803e-14, 4.452630934182018e-15]]
P4->P5
T_min:200 K    T_max:3000 K    P_min:0.0001 atm    P_max:100 atm
[[-34.00509973368639, -7.105427357601002e-14, 4.3942747698587933e-14, 19.57749104109602, 1.368627928005124e-13, -8.092006953292154e-14, 0.16414968824664736, -1.6412289533483947e-13, 9.162478412733855e-14, 0.12039325160506835, 1.7895787634417805e-13, -9.463233853916537e-14, 0.08669027624393645, -1.7522034250693806e-13, 8.274326882937488e-14, 0.052170346633091176, 1.0307963069303255e-13, -6.467104952235076e-14, 0.027135709963208077, -1.0746357775116002e-13, 7.562884731001309e-14, 0.012636801722479187, 8.582176861220907e-14, -9.204982975842624e-14, 0.00541861212201634, -3.509739119378349e-14, 1.8536322597267855e-14, 0.002127641257634449, 4.116272682201157e-14, -3.692272653993949e-14, 0.0009715339425640608, -2.7289664194914526e-14, 5.87595800645305e-15, 0.0003906619895682413, 1.4202145862698372e-14, 1.8739406028835782e-15, 0.00034983989752649953, -9.572186886489767e-15, 1.9523040665876144e-15, 9.665370972529775e-05, -1.528806958462186e-14, -1.545490614932197e-14, 0.00019583539483186734, 1.6860128105153486e-14, 3.9344923240115085e-15]]
P5->W3
T_min:200 K    T_max:3000 K    P_min:0.0001 atm    P_max:100 atm
[[-18.404275367408754, -1.554312234475219e-14, 4.502567130942785e-15, 2.5007765017804946, 2.943307532847672e-14, -8.310283151988707e-15, 0.21670797460046748, -4.660675427110605e-14, 1.724168255297223e-14, 0.3743082629059153, 8.376454236601179e-14, -4.6824208015379717e-14, 0.36057061572210475, -8.635399126909944e-14, 4.143511455223074e-14, 0.2164360162090787, 3.785371321445236e-14, -1.923841420832812e-14, 0.07945221110341358, -4.5354409802903436e-14, 3.180046150568524e-14, 0.027345458197652786, 4.280749873043561e-14, -4.9482745444244613e-14, 0.007691575298402438, -1.3439642192143257e-14, 4.563371001783674e-15, -0.023400327372629124, 3.280806819191859e-14, -2.981341786150705e-14, -0.03160928266423818, -2.2861473725290126e-14, 1.280777987817765e-14, -0.04726223730473655, 1.2876303973020483e-14, -5.577114951514043e-15, -0.028779219067908715, -1.4140834857453156e-14, 1.1500312667258788e-14, -0.026911064651073235, -4.123152533201638e-15, -1.7482716470283495e-14, -0.0030704443222333623, 1.1617726751517823e-14, 1.250211557437561e-15]]
P2->W3
T_min:200 K    T_max:3000 K    P_min:0.0001 atm    P_max:100 atm
[[-42.46439869562549, -2.1316282072803006e-14, 4.165691332079129e-15, 12.977218902524141, 2.742276897288628e-14, -4.204444878961914e-15, -0.550053621450189, -6.005584443576635e-14, 2.0259752806573815e-14, 0.11061099217359104, 1.308060128792451e-13, -7.343625155503617e-14, 0.44906070540807447, -1.4032086914012499e-13, 6.226170626866766e-14, 0.3547731669590537, 3.049748449222933e-14, -1.0283664421915652e-14, 0.1316202329756378, -6.564006202389958e-14, 5.555605247764144e-14, -0.03992796672297233, 5.751479562083931e-14, -9.219959944346845e-14, -0.08655350049100195, -6.1860160562292956e-15, -2.60032257099542e-15, -0.031643916590925456, 4.306237708838304e-14, -4.264190790816273e-14, -0.012061783701375962, -3.403155472385481e-14, 1.101665221110528e-14, 0.03556139496269388, 1.8085375255618254e-14, -8.96465899796813e-17, -0.0016340999448528307, -2.183062974611863e-14, 1.2700771617439199e-14, 0.017958292183743396, -1.749272966070262e-14, -2.8245295576524873e-14, -0.020308472196354187, 2.7084681129559823e-14, 2.6907710208010093e-15]]
P1->P2
T_min:200 K    T_max:3000 K    P_min:0.0001 atm    P_max:100 atm
[[-11.719225217291365, 1.0186296250935811e-14, -1.159990827640128e-14, -0.03185268802585812, -1.6256726832361224e-14, 1.834121547453798e-14, 0.41015953809151, 3.3908440572183172e-15, -1.1407798933592805e-14, 0.2615721305003714, 3.207576772204728e-14, -1.9128297079909884e-14, 0.11654287136906978, -3.781261369025441e-14, 1.7120711506728723e-14, 0.04052962604958011, 5.755243675938858e-15, -8.178428384870732e-16, 0.010372525009622496, -1.3900328046225219e-14, 1.1498952556883552e-14, 0.0019095584933492124, 1.7955259713052128e-14, -2.7105463395455587e-14, 0.0011425517383745996, 2.3417973353280186e-15, -5.236541950946693e-15, 0.0015951897019064183, 1.4453132232919527e-14, -1.5604001090642753e-14, 0.0017178907968341348, -1.0358648951599835e-14, 4.808099226896959e-15, 0.0004562340653611608, 4.492065167544393e-15, -4.619797409658173e-16, 0.00011799344360775717, -7.166477794731992e-15, 7.359193963418598e-15, -0.0002991517947494704, -2.444646510544437e-15, -1.2997888089049599e-14, 0.0002214972747489139, 8.140846842345217e-15, -2.512532907367814e-16]]
P1->P3
T_min:200 K    T_max:3000 K    P_min:0.0001 atm    P_max:100 atm
[[-15.390191291540647, -7.13318293321663e-15, 1.1486272312072877e-15, 1.0708596907929016, 1.2757927329981563e-14, -8.748131036833451e-17, 0.7947807052968956, -2.468478036234039e-14, 4.705202884422229e-15, 0.26006156724850776, 5.956306357504553e-14, -3.548583222329732e-14, 0.0733461587776147, -6.344471607047988e-14, 2.95338272573886e-14, 0.038182047833687345, 2.4349546439564992e-14, -1.0653837262164411e-14, 0.02360289762850369, -3.1359274865721885e-14, 2.3979283978886055e-14, 0.01056286273380942, 3.1579543794341485e-14, -3.918782349655894e-14, 0.0032654006083543486, -6.422985521615262e-15, -2.862631364911999e-16, 0.0017371817932284794, 2.4553242825311076e-14, -2.324963178484067e-14, 0.0013856313479251585, -1.6930337044285164e-14, 9.137328629593256e-15, 0.0009776375966572156, 8.293613202659382e-15, -2.0896984229962297e-15, 0.0003573404195204639, -1.1623851442544085e-14, 9.517203365921875e-15, 0.00025704848458942616, -2.8971222064751127e-15, -1.5472090029161637e-14, 0.0001391312211632718, 9.966501447057312e-15, -2.1445144859885945e-16]]
P2->P3
T_min:200 K    T_max:3000 K    P_min:0.0001 atm    P_max:100 atm
[[-45.73110676390526, -8.881784197001252e-16, -6.262993317658813e-15, 16.369130593659147, 3.394357180994925e-14, -7.608189263664528e-15, 0.7773113422412332, -6.290244498317578e-14, 1.1692082860499903e-14, 0.8344088234791076, 1.504997533520081e-13, -8.084317222068386e-14, 0.33006812131608093, -1.506146346576543e-13, 6.160314516898449e-14, -0.05215493894223342, 6.483722784928503e-14, -2.94053401916639e-14, -0.23874426989302241, -8.072536642181151e-14, 6.159447612250191e-14, -0.17014396195596984, 7.260780158342999e-14, -1.0280743346439201e-13, -0.012136606051668814, -1.6493293199477548e-14, 2.6852128025908653e-15, 0.04073652823173652, 5.663672160314781e-14, -5.6058470670000166e-14, 0.07490709063748603, -4.721455255309272e-14, 2.3767279784557745e-14, -0.03497891219796717, 3.505487202890525e-14, -1.5585739569971924e-14, -0.009660939451876172, -4.033437981049561e-14, 2.6049589639450427e-14, -0.05831036859643558, -9.725874883380901e-16, -4.0693530689450613e-14, 0.020568906818687685, 1.9334451367501734e-14, 8.093183099683652e-15]]
P1->W3
T_min:200 K    T_max:3000 K    P_min:0.0001 atm    P_max:100 atm
[[-13.629881812648804, 1.787459069646502e-14, -1.8198385819948148e-14, -1.3916392342067831, -2.847327238973825e-14, 2.6613841840487162e-14, 0.02002386019344939, 1.6843349274976102e-14, -2.2556521419438134e-14, 0.2501635074194263, 3.210848917620096e-14, -1.855557509569639e-14, 0.21506076688355047, -4.09638692152581e-14, 1.843435384113344e-14, 0.07534372771234403, 2.6400689480066117e-15, 1.069246595033359e-15, -0.022294404973617364, -1.2959178876539173e-14, 1.1702483421497619e-14, -0.06897037855241282, 1.9136516833871665e-14, -3.118771344478199e-14, -0.06386271788631655, 5.2936810777796605e-15, -7.041011039586691e-15, -0.01898113083608475, 1.6227756380277702e-14, -1.6820810182420604e-14, -0.005912417585170731, -9.831388846735678e-15, 5.279692381036247e-15, 0.021203295629968234, 1.937320152912639e-15, 7.333243607565838e-16, -0.0014894678879687994, -4.944755400005122e-15, 6.5217341146263486e-15, 0.01071766920128052, -6.747310495354304e-15, -1.362837853860352e-14, -0.011383692612718337, 1.2854005949776285e-14, -2.136878238383497e-15]]
P2->P4
T_min:200 K    T_max:3000 K    P_min:0.0001 atm    P_max:100 atm
[[-47.477348038180736, -6.750155989720952e-14, 4.0736288052060223e-14, 17.170703805379134, 9.698529623960231e-14, -4.111367206875522e-14, 0.18968778495639452, -1.6833816451794544e-13, 8.870957386538579e-14, 0.6639487889368906, 2.1423031910520424e-13, -1.1632768126131022e-13, 0.39990521985307836, -2.1645103463579827e-13, 9.449755345366217e-14, 0.039718198177991035, 1.1874084024302026e-13, -6.872841420129015e-14, -0.19206751857900892, -1.302630924033945e-13, 9.214908783992136e-14, -0.15070087443570124, 1.1206362973775514e-13, -1.258540854526738e-13, -0.017259827698081185, -5.1638944505524834e-14, 2.414946699801898e-14, 0.02200649252332703, 8.944355823654711e-14, -7.51648511176904e-14, 0.04708781526042037, -8.264651875795048e-14, 4.0992106264978924e-14, -0.039152430853626394, 6.100146178786829e-14, -2.7636244297272757e-14, -0.006545073990990879, -6.018402935720576e-14, 3.7015269501697186e-14, -0.04197672806719432, 7.626670524868284e-15, -4.8249574094925164e-14, 0.02541653959053292, 1.1952643863925987e-14, 1.4714110747007217e-14]]
P1->P4
T_min:200 K    T_max:3000 K    P_min:0.0001 atm    P_max:100 atm
[[-16.08437694879047, 7.147060721024445e-16, -4.87694523442981e-15, 0.54438620344152, -2.9597000499006216e-15, 1.0504218614077365e-14, 0.49236486320040035, -1.1784621353974934e-14, -4.759976268977006e-15, 0.1718633513689184, 5.4577060461653164e-14, -3.1136933521724176e-14, 0.09346264897148737, -5.953927251886332e-14, 2.72754752286607e-14, 0.10151385296541575, 1.634804285962127e-14, -6.721010385754902e-15, 0.07866823470344317, -2.558536314227955e-14, 1.9033658311203017e-14, 0.03819734438919224, 2.586000484986293e-14, -3.788334627154975e-14, 0.008923449653122346, -6.554860375660314e-16, -3.3888884780624227e-15, -0.005478996714161928, 2.1362721494265514e-14, -2.1940760376236068e-14, -0.005861816965252932, -1.5191966348309598e-14, 7.024524588162796e-15, -0.00735271430193421, 6.893923024313284e-15, -2.261532386821506e-15, -0.001895978145287546, -9.780378012579028e-15, 9.672577178207148e-15, -0.002407093187016967, -5.383930670775695e-15, -1.5852639254824673e-14, 0.0016725734451095023, 1.2207244134310741e-14, -2.7061729549922795e-16]]
P1->P5
T_min:200 K    T_max:3000 K    P_min:0.0001 atm    P_max:100 atm
[[-15.13497114281088, -1.0880185641326534e-14, 3.462645193250472e-15, 3.629714456710075, 2.907830955005865e-14, -1.1322776188888594e-14, -0.20300172105513478, -3.8009674117656076e-14, 1.4178381671153791e-14, -0.08354637371769215, 7.018644910499325e-14, -4.00442620200189e-14, -0.016295350242796654, -7.063945159973278e-14, 3.3271802539178474e-14, 0.006403574751602748, 3.383215260844703e-14, -1.849516558446763e-14, 0.010140596891299, -3.933874707172859e-14, 2.6849442668944506e-14, 0.007797135142444424, 3.6979426540194416e-14, -4.075490263583572e-14, 0.004693801864787539, -1.3001898625114886e-14, 4.507237947146024e-15, 0.0025479874944336098, 2.77403773063192e-14, -2.4390662690445555e-14, 0.0009495581231820301, -1.9124343410333543e-14, 9.469162179637977e-15, 0.0005062974883574858, 1.2686644390326243e-14, -5.343470035578325e-15, -0.000110225143890881, -1.2345272943633646e-14, 9.176932658457263e-15, 3.6751358594376037e-05, -2.9887082403630515e-15, -1.2919939648286884e-14, -0.00014495464087348913, 8.831089701383468e-15, 1.023227321907481e-15]]
P2->P5
T_min:200 K    T_max:3000 K    P_min:0.0001 atm    P_max:100 atm
[[-49.19965488338902, -5.773159728050814e-14, 2.83838661966342e-14, 23.303487886410288, 9.42076754242372e-14, -4.144280266428638e-14, -0.11761439094176089, -1.238601645961281e-13, 5.398279628797764e-14, -0.046469054303703135, 1.6297733833576693e-13, -9.274747339864218e-14, -0.01917426833374739, -1.5687430789091063e-13, 6.553333632866907e-14, -0.01800240571509929, 5.988808411405103e-14, -4.386846541874496e-14, -0.023412414988264726, -8.64651662041255e-14, 6.86998962022004e-14, -0.02460225103909741, 7.855663056271541e-14, -1.0325497076403099e-13, -0.021352856394965505, -3.588629064037807e-14, 1.6895997449283596e-14, -0.01699818261169614, 6.238740020634184e-14, -6.023764240102636e-14, -0.01035503399021008, -4.037947286327519e-14, 1.3058805570615391e-14, -0.006939189849351684, 2.1653698466051123e-14, 1.243559988550343e-15, -0.0021286660135146286, -1.3972400572423854e-14, 5.623887055603127e-15, -0.0015471889737534543, -3.160353277688797e-14, -1.9466882850095805e-14, 0.0007723805184415288, 3.228106446308711e-14, -1.4752773127748368e-16]]
P4->W3
T_min:200 K    T_max:3000 K    P_min:0.0001 atm    P_max:100 atm
[[-32.12217676104727, -8.126832540256146e-14, 4.982383937029683e-14, 11.570242722890605, 1.3513581585179693e-13, -7.235603981970236e-14, 0.870507881589261, -1.325501816231249e-13, 6.068258818744424e-14, 0.3586076580457288, 1.7589545526493557e-13, -9.959832174203038e-14, 0.40328100415943374, -1.7310340981616872e-13, 8.5624467911187e-14, 0.24023035039450852, 1.0019176509147869e-13, -5.853390269910195e-14, 0.041147507111027506, -1.1276832642619394e-13, 7.424102887790596e-14, -0.04341997140739786, 9.980499637434028e-14, -1.0197570176072028e-13, -0.052685881167108116, -5.793784914148528e-14, 2.9669248514185885e-14, -0.04343717728128898, 7.612839252151854e-14, -5.821182270265577e-14, -0.023786097259080458, -6.227157564021097e-14, 2.967726520059045e-14, -0.01695155192934284, 4.299919347239182e-14, -1.8586459471660055e-14, -0.003204600573566328, -3.705549239592105e-14, 2.0381224599439676e-14, -0.003499899989775519, 5.219735547516456e-16, -2.7931310523520094e-14, 0.003880331960308503, 1.2301080421077778e-14, 7.412269511896758e-15]]
==============================
colrel_Power
P3->P4
T_min:200 K    T_max:3000 K    P_min:0.0001 atm    P_max:100 atm
[[-27.069569653944313, -3.863576125695545e-14, 1.5482127636352594e-14, 8.866921814131091, 7.658576512663741e-14, -3.3211090017072576e-14, 1.1941073849070984, -9.89014885019139e-14, 4.416738394715527e-14, 0.33159741122569025, 1.4430097733380095e-13, -8.076260400948054e-14, 0.0862636142768254, -1.409374986772566e-13, 6.466091049713797e-14, 0.12685051391128588, 8.422078965775366e-14, -4.655980936987616e-14, 0.09423978960789395, -8.702884123015978e-14, 6.004734738228064e-14, 0.009808764392805088, 7.351968804678111e-14, -7.771033669096189e-14, -0.02340026041108238, -3.511001421371696e-14, 1.5172137993733794e-14, -0.007641863658814789, 5.361760256965642e-14, -4.43346354236536e-14, 0.004013278858757626, -4.296316333543124e-14, 2.0109063487382833e-14, 0.001086371429262639, 3.52311141740096e-14, -1.353416770716865e-14, -0.00024310086881592516, -3.3855447766570245e-14, 1.8421482222040007e-14, 0.0028600249226995705, 5.708872573918447e-15, -2.6823612779005015e-14, 0.0032917006073437875, 5.036421403950971e-15, 7.526689209153505e-15]]
P3->P5
T_min:200 K    T_max:3000 K    P_min:0.0001 atm    P_max:100 atm
[[-26.03580141754767, -7.149836278586008e-14, 4.5006032780525224e-14, 12.072659779652756, 1.34300587527926e-13, -7.752770225062573e-14, 0.031197900150787647, -1.41161028329595e-13, 7.226404376402489e-14, 0.04482990329255773, 1.6489820961304395e-13, -9.436213835307614e-14, 0.04851817444543588, -1.4430889998788195e-13, 7.018609244736152e-14, 0.035228045456588565, 9.399495556461771e-14, -5.664750787663439e-14, 0.020734691077212635, -9.311509063162367e-14, 6.190959749512922e-14, 0.01059555242514943, 8.263308581650954e-14, -7.919239577495594e-14, 0.004818650192397347, -4.567631703103777e-14, 2.2356437893382855e-14, 0.0019211294561257489, 5.5398601351839955e-14, -4.500329934807388e-14, 0.0007219305320137617, -3.4477028142865424e-14, 1.4103026324276078e-14, 0.00022787378785171146, 1.4491974720630055e-14, -3.491586942682048e-15, 0.00012880918847959575, -9.275809606780224e-15, 4.017773535102127e-15, 2.0970552203720244e-05, -1.65384589315314e-14, -1.1182519794375414e-14, 9.836460904102644e-05, 1.595803901985941e-14, 2.2276153273466657e-15]]
P3->W3
T_min:200 K    T_max:3000 K    P_min:0.0001 atm    P_max:100 atm
[[-24.359556334746255, -3.1530333899354446e-14, 1.3682404110563274e-14, 4.970060651619849, 6.994713756685968e-14, -3.03229102626558e-14, 0.3746793810321623, -8.617494498118924e-14, 3.740431416523855e-14, 0.565043572077418, 1.346572071796146e-13, -7.669513830112387e-14, 0.5364498885369636, -1.4170466847896932e-13, 7.105625103010831e-14, 0.2385408740820484, 6.931802888195644e-14, -3.5558376682677814e-14, -0.018109423239013874, -7.838461371121887e-14, 5.558934176837529e-14, -0.11056483178485728, 7.136998314190099e-14, -7.316328191969444e-14, -0.08774174880001809, -3.1777972321827864e-14, 1.3679180902289512e-14, -0.03337894076679591, 5.2887553954801244e-14, -4.350929810790503e-14, -0.002586008016250645, -4.098725885797546e-14, 2.1898329243537058e-14, 0.007626598610074789, 2.5643495294703e-14, -1.05509077290662e-14, 0.0014907185534273162, -2.386473550365022e-14, 1.7214625311474705e-14, 0.000517298978004793, 1.749099945005866e-16, -2.5851746212445495e-14, -0.0025185922644719097, 1.0589587060657524e-14, 5.000141650764667e-15]]
P4->P5
T_min:200 K    T_max:3000 K    P_min:0.0001 atm    P_max:100 atm
[[-34.00509614016137, -1.5987211554602254e-14, -4.894187261397608e-15, 19.577482925990704, 8.58860842416807e-14, -3.59218387098942e-14, 0.16415550184969585, -1.0176028124841905e-13, 4.311152903898117e-14, 0.12039188666521448, 1.5837229052393972e-13, -8.360622138328332e-14, 0.08668961562117738, -1.458223896316987e-13, 6.358063768896809e-14, 0.052170122159837906, 8.761882319981642e-14, -5.787598006052268e-14, 0.027135813046430028, -9.061399334257874e-14, 6.717557289158883e-14, 0.012636770207116047, 6.590786040447116e-14, -7.649929886024459e-14, 0.0054185778156918074, -3.131137065888079e-14, 1.5286581444246095e-14, 0.0021278018249462046, 4.093895823807537e-14, -4.062713940873814e-14, 0.0009713306433922531, -3.095044478259647e-14, 9.664321705594251e-15, 0.0003909684867162201, 3.073933212635268e-14, -1.0202647418320168e-14, 0.00034967351850478647, -2.841438217549877e-14, 1.7470847215787353e-14, 9.707079434098965e-05, -1.955644880431097e-15, -2.421890853601776e-14, 0.00019580398746771205, 8.843532295691627e-15, 1.0187280256300007e-14]]
P5->W3
T_min:200 K    T_max:3000 K    P_min:0.0001 atm    P_max:100 atm
[[-18.37656118118266, -1.5543122344752192e-15, -3.592852838405004e-15, 2.8135118912155295, -4.676356973787475e-15, 1.1218734953069036e-14, 0.09279449194966889, -1.3944118398758144e-14, -1.8846380396964536e-15, 0.3069400092584987, 5.312202661864905e-14, -2.8411677320431538e-14, 0.3349003137681101, -5.960921782223788e-14, 2.5878679302587698e-14, 0.19647993036137282, 1.47947503509857e-14, -5.864084031952224e-15, 0.07472736701969285, -2.463517076796522e-14, 1.906399274137934e-14, 0.03480273956950716, 2.69715472395749e-14, -4.088582896589485e-14, 0.009529145562824132, -3.948751057888866e-16, -2.816576172287918e-15, -0.015757661598327723, 2.349750839382435e-14, -2.3236627275441828e-14, -0.034304108000679394, -1.7645671495022905e-14, 8.819461878089677e-15, -0.039330050406116514, 1.0951314423117002e-14, -4.738688841376197e-15, -0.03303627998772082, -1.4597881026454367e-14, 1.1906053140612125e-14, -0.023281664582782153, -1.6651720157386196e-15, -1.9299580564142807e-14, -0.0052196903642517025, 9.643928596799282e-15, 2.910855087024132e-15]]
P2->W3
T_min:200 K    T_max:3000 K    P_min:0.0001 atm    P_max:100 atm
[[-42.450272691289854, 4.884981308350689e-14, -3.5877076733056194e-14, 13.004353959112958, -9.149761510611881e-14, 7.302167028843874e-14, -0.527149320880701, 4.9334980762036816e-14, -5.716065956765008e-14, 0.12835239103775273, 4.594765583029586e-14, -2.2017449058183505e-14, 0.45954874734169837, -6.477063209846731e-14, 1.6037778118587954e-14, 0.35897375296720135, -2.0264952423554877e-14, 1.0491015971774907e-14, 0.1303295674279266, -1.3181300195269793e-14, 2.6738781214393985e-14, -0.04385584165167948, 1.7495596278712474e-14, -6.709619919523421e-14, -0.08993346952663811, 2.518960601346738e-14, -1.96452217940924e-14, -0.03300403884918146, 2.4720955732527675e-14, -3.7404519406213e-14, -0.011470200687706137, -2.2802115065892604e-14, 9.821449431216489e-15, 0.03642794330510771, 1.3922377618001453e-14, 2.4700100310493807e-15, -0.0009225585644752283, -2.1469779454531655e-14, 1.4664276285220234e-14, 0.017897766207312687, -1.3436171095186387e-14, -3.2410985027858285e-14, -0.020302369920356174, 2.5407966033718092e-14, 3.1851982335145715e-15]]
P1->P2
T_min:200 K    T_max:3000 K    P_min:0.0001 atm    P_max:100 atm
[[-11.718430083939165, -6.5780714209040525e-15, 6.435942313178916e-16, -0.03310836256217799, 1.359718630713582e-14, 3.3952582676303527e-16, 0.41005890246248183, -2.5165389010214457e-14, 5.135945604475067e-15, 0.26209989315062554, 5.835103585165305e-14, -3.440432558158752e-14, 0.11649907013328172, -6.1302598461771e-14, 3.104161385059372e-14, 0.04030070368295502, 2.690685226517119e-14, -1.2810359759463044e-14, 0.010293122825642985, -3.1798898284768926e-14, 2.1596545396050238e-14, 0.0019964420044405, 3.229400494000283e-14, -3.586806393858502e-14, 0.00119343832825808, -8.935082358515499e-15, 1.305567764323853e-15, 0.0015156570570195615, 2.4377792040178462e-14, -2.15979946897358e-14, 0.0017370417844504125, -1.6532199841920446e-14, 8.07256506146242e-15, 0.0004812592990999999, 9.008401799660359e-15, -3.8317315503322715e-15, 0.00019021534947365299, -1.0801113859234635e-14, 9.58160156154484e-15, -0.00038544297741520617, -1.5841462988640184e-15, -1.292836339575153e-14, 0.00020758675026934058, 8.364568968292638e-15, -5.731290875297045e-16]]
P1->P3
T_min:200 K    T_max:3000 K    P_min:0.0001 atm    P_max:100 atm
[[-15.389630177166916, -2.232936058277346e-14, 7.768224885379139e-15, 1.0697992314150784, 4.598766142966642e-14, -1.7255310719728262e-14, 0.7954804144035438, -6.185199625345943e-14, 2.4488248489408035e-14, 0.259796941136388, 1.0043692470632808e-13, -5.831856759756685e-14, 0.07329884699288287, -9.878017048905168e-14, 4.964534713501266e-14, 0.03822622888268289, 5.289431726664926e-14, -2.8501896581681897e-14, 0.023608962425850755, -5.58827228858316e-14, 3.747669755968148e-14, 0.010541233231225154, 5.205113749632965e-14, -5.18208318668255e-14, 0.0032586945698001558, -2.289260607994303e-14, 9.725776075947259e-15, 0.0017396230952959652, 3.662089965947603e-14, -2.9847435411881364e-14, 0.001386311024662275, -2.647587949589189e-14, 1.424785153010463e-14, 0.0009746853364739936, 1.4650549250569715e-14, -5.814102053063886e-15, 0.00035630723260284377, -1.4202802786374973e-14, 1.1073876114167986e-14, 0.0002565173925325546, -2.1732910176030817e-15, -1.6078062628508623e-14, 0.00013872320351562289, 9.499915011730982e-15, 1.113087185332755e-15]]
P2->P3
T_min:200 K    T_max:3000 K    P_min:0.0001 atm    P_max:100 atm
[[-45.72755850987018, -1.7763568394002505e-15, 1.1855086424246682e-14, 16.353555370124525, -2.6658436001523493e-14, 2.1340452315598312e-14, 0.7909662981955918, 7.338931561637287e-15, -2.4529364206317294e-14, 0.8386444051746098, 8.078383027507484e-14, -4.539121431615629e-14, 0.32608735784649867, -8.555695096117847e-14, 3.426666444565416e-14, -0.055098740995445525, 2.5847955959836047e-15, -6.348980808872963e-15, -0.2406856722677971, -3.0480497011098874e-14, 2.970034281761702e-14, -0.1691881078583523, 4.1910499345762954e-14, -8.062827313773296e-14, -0.009200990114736926, -5.484590572293917e-15, -1.382514406274373e-16, 0.041253981651320736, 6.322505447524328e-14, -5.821699503140931e-14, 0.07548175314448091, -6.10978423976615e-14, 2.596400790058162e-14, -0.03805571059546138, 5.518736804690512e-14, -2.674255762329307e-14, -0.009463242602745368, -5.797182807591574e-14, 3.419064853910806e-14, -0.05910346066027918, 1.0325762245641493e-14, -4.259965800116403e-14, 0.022885484125267416, 1.1603859421853003e-14, 1.2441806857191123e-14]]
P1->W3
T_min:200 K    T_max:3000 K    P_min:0.0001 atm    P_max:100 atm
[[-13.61011876366641, -5.551115123125783e-15, -4.654802688305627e-15, -1.3456682598697496, 1.8320693432838556e-14, 3.668481276538425e-16, 0.023417687304336573, -3.023607303525986e-14, 4.4361325728408326e-15, 0.24624182168567324, 7.703874094353859e-14, -4.498141030916419e-14, 0.2098088655990796, -8.139658553047444e-14, 4.2256695285004606e-14, 0.0748789181862999, 3.8032933561570337e-14, -1.9962753011606546e-14, -0.021642027451408304, -4.093871553364234e-14, 2.7826048335735195e-14, -0.06816818376975985, 4.0651882599406894e-14, -4.3523059080772325e-14, -0.06364445382282954, -9.950851926611179e-15, 1.2454853479878378e-15, -0.021002267262166533, 2.7434379974688896e-14, -2.345111516382025e-14, -0.006349577954438779, -1.9597841399053948e-14, 1.1136667235444212e-14, 0.01935905988693659, 9.52006000603223e-15, -3.2695826258513423e-15, -0.00022467461941450264, -1.161084329606703e-14, 9.98425228091587e-15, 0.01036711062730109, -8.479543772504166e-16, -1.6763607205430335e-14, -0.009619291055269182, 9.66114219151708e-15, -3.920068880492009e-16]]
P2->P4
T_min:200 K    T_max:3000 K    P_min:0.0001 atm    P_max:100 atm
[[-47.47653344132304, -3.552713678800501e-14, 2.2742671833086768e-14, 17.158051670994396, 4.2489408468273005e-14, -1.3346485093671305e-14, 0.20226988657232287, -1.0395000100852911e-13, 5.4325992336805517e-14, 0.6700920831908131, 1.551724879785215e-13, -8.301787632490345e-14, 0.3956852123089898, -1.5739568240401752e-13, 6.177342064421454e-14, 0.036134685464161286, 6.470902676125403e-14, -3.2910472125351745e-14, -0.19467625615630113, -8.831969592624992e-14, 7.017694033875733e-14, -0.14978444175083758, 7.950169812608157e-14, -1.0288091413820683e-13, -0.013651265172600862, -2.7063038528393675e-14, 1.2160704534781025e-14, 0.02303108635583781, 6.45254542497704e-14, -6.012523490902778e-14, 0.04793213848645546, -5.5552403020738507e-14, 2.6818963064684827e-14, -0.04317695022719835, 4.4539334693694876e-14, -1.8087875285353007e-14, -0.006620980628739955, -4.447401339828069e-14, 2.9471699657822807e-14, -0.042710578171608796, 1.8065261586198968e-16, -4.247572420389806e-14, 0.028645700020968595, 1.3670126396958892e-14, 1.2361745087266563e-14]]
P1->P4
T_min:200 K    T_max:3000 K    P_min:0.0001 atm    P_max:100 atm
[[-16.083065801105832, -2.550737399076297e-14, 1.0118483770129793e-14, 0.5418895383339907, 5.456774714719236e-14, -2.1372717790321836e-14, 0.49400915139058443, -6.668952019868478e-14, 2.6771870384770327e-14, 0.17126428999512905, 1.0745804399109879e-13, -6.167187986680011e-14, 0.09335889171206632, -1.0850519134155958e-13, 5.498984894490044e-14, 0.1016447250498568, 5.906782225026671e-14, -3.106447833248519e-14, 0.07870074443239183, -6.22584613540809e-14, 4.1448853580891246e-14, 0.03817590594590545, 5.777853319046912e-14, -5.617736858700455e-14, 0.008927140174576322, -2.5395165656144418e-14, 1.0691840870017486e-14, -0.005455460744351999, 3.9377494936351176e-14, -3.1789348156710955e-14, -0.005855876305793937, -2.861713700295478e-14, 1.365441163710555e-14, -0.007348360351190315, 1.6279661369271333e-14, -7.768828453267754e-15, -0.0019029416940712768, -1.4215461786489575e-14, 1.2615102160276922e-14, -0.0024058543393903923, -2.8229405693068717e-15, -1.687332272116997e-14, 0.0016649015893302642, 1.0560583833325601e-14, 3.7742218211093585e-16]]
P1->P5
T_min:200 K    T_max:3000 K    P_min:0.0001 atm    P_max:100 atm
[[-15.13503891263053, 8.881784197001252e-16, -4.4806170846315755e-15, 3.629600757277796, -6.113553244980832e-15, 1.158455804580517e-14, -0.20313295156093336, -7.988340746732645e-15, -4.496816883984985e-15, -0.08365285407478519, 4.239512416907577e-14, -2.539882189484914e-14, -0.016396217534328007, -4.297780347528003e-14, 1.711176649648585e-14, 0.0063276164218758766, 9.669382765223178e-15, -4.512321012905656e-15, 0.010076545266743763, -1.807984642146328e-14, 1.6429592062203005e-14, 0.00774957127894371, 1.8113652561803566e-14, -3.0073720560483664e-14, 0.00466264434645851, 2.9047611798939895e-16, -2.679895132007466e-15, 0.0025229988170946916, 1.7324142330143692e-14, -1.7868434862327618e-14, 0.000943107441486137, -1.5467924740765148e-14, 7.712106397970812e-15, 0.0004970380077895642, 9.968958016645737e-15, -3.0317332584248667e-15, -0.00010364019001848671, -1.2125431558318169e-14, 8.122413136244049e-15, 3.483546372106437e-05, -1.334905804796442e-15, -1.338727611287197e-14, -0.00013673893106675068, 7.48885873562933e-15, 9.252954447248661e-16]]
P2->P5
T_min:200 K    T_max:3000 K    P_min:0.0001 atm    P_max:100 atm
[[-49.19971390937657, -1.1901590823981678e-13, 7.869350762668387e-14, 23.303387530473444, 2.36033752697423e-13, -1.423236283726992e-13, -0.11776029540626168, -2.530820750927064e-13, 1.3639685202547002e-13, -0.046577039978140285, 3.0855387901368233e-13, -1.6962400966265042e-13, -0.019268253047881583, -2.94334208853357e-13, 1.442233167266906e-13, -0.018062795354460492, 1.9028402127193467e-13, -1.215793217621423e-13, -0.02347914082274165, -1.7987595679831177e-13, 1.251584488582272e-13, -0.02466273307459878, 1.361324518205413e-13, -1.3977175656242158e-13, -0.02139083238420784, -8.257538875038113e-14, 4.769973230936435e-14, -0.01702833295505568, 1.0171109307268985e-13, -8.005525510588998e-14, -0.010361680343884754, -9.595418843304424e-14, 4.5137873769858075e-14, -0.006960293879188545, 8.878712959004655e-14, -3.7680509333578126e-14, -0.002125216645540166, -8.196728291673137e-14, 4.488635300527055e-14, -0.0015558501280899862, 2.65060954068975e-14, -5.170520494918113e-14, 0.0007852357204722896, 2.7388128402716568e-15, 1.912683744674745e-14]]
P4->W3
T_min:200 K    T_max:3000 K    P_min:0.0001 atm    P_max:100 atm
[[-32.095930629305926, 3.9968028886505635e-15, -1.0459284717565717e-14, 11.616918992581162, -1.3373977489747514e-15, 1.2356884889972831e-14, 0.8952739987434433, -1.8670178157674135e-14, -9.429585094635397e-15, 0.36644104300772173, 7.9190346117883e-14, -4.063156738262921e-14, 0.3983184527207714, -9.104017361678155e-14, 3.235996767335089e-14, 0.23341907110645718, 2.984887315929762e-14, -1.56262959484036e-14, 0.03457912882846565, -5.0923442010189045e-14, 4.007317248528388e-14, -0.047894149136944314, 4.9006268563594695e-14, -7.108810176354003e-14, -0.05480679525595261, -2.1521032184828302e-14, 9.716755862843418e-15, -0.04487679774394176, 5.083813075456103e-14, -4.64236985621885e-14, -0.02252072491708974, -4.865453733049292e-14, 2.4254018123619004e-14, -0.01648207045701811, 3.5434143059934476e-14, -1.3511183964996276e-14, -0.0006922792196362317, -3.285290408541597e-14, 1.9923850987442785e-14, -0.002965664103585564, -9.303211932749547e-16, -2.698869954658805e-14, 0.005538788333547754, 1.0062290040086353e-14, 8.058554377441827e-15]]
