==============================
W3_Energy_1
P3->P4
T_min:200.0 K    T_max:3000.0 K    P_min:0.0001 atm    P_max:10.0 atm
[[-26.10694503031885, -1.1798541454043794, 0.07112237896303533, 7.673422190425931, 1.319920618044975, 0.005139060716704082, 1.2143907481462852, 0.2933972758199879, -0.16991300614065707, 0.5576715193813965, -0.49378143150873127, 0.052307495462499444, 0.2175661413750372, -0.1718689987307494, 0.10950598151897363, -0.011030575225162967, 0.23762846213668634, -0.03891416511163485, -0.016362764493879526, 0.1460284645258285, -0.08030277891579808, 0.09500963549104278, -0.13809898247055666, 0.030129373407859195, 0.05160715294260163, -0.09896199441656008, 0.05077997804926127, -0.06192185395987493, 0.08385440467955312, -0.021309923981608282, -0.03649678724406139, 0.05350086702322786, -0.028578872075757548, 0.022719603454720395, -0.03392128891699454, 0.010192659468890645, 0.03563672016854212, -0.047859280264286444, 0.020337565499848123, -0.018575365104091433, 0.030921011886986358, -0.008865466149334263, -0.010855153519927723, 0.018444090082543697, -0.009786696492023609]]
P3->P5
T_min:200.0 K    T_max:3000.0 K    P_min:0.0001 atm    P_max:10.0 atm
[[-26.038325952295825, 0.0027573684849295788, -0.0021318571138951225, 12.076090218409027, -0.00370166002719281, 0.0028505193433147045, 0.03014451360729082, 0.0010618333892667613, -0.0008282244509683633, 0.04473029000965593, 0.00020224072123839696, -0.00016223495287273797, 0.048472133912516285, -1.218906025588611e-06, -4.520235845006979e-06, 0.0352525380587855, -1.96387073877685e-06, -2.142633090913124e-06, 0.020744996516829543, 6.353558359233943e-07, -3.8803717642865544e-06, 0.010569734659804878, 7.391485546272807e-07, -2.317385332260672e-06, 0.004861666095319838, -1.3406052432676436e-06, -5.093295703185088e-07, 0.0018748839023388707, -4.170372590638705e-06, 2.860644595021836e-06, 0.0007883911655118361, -3.1859920574574536e-07, 6.691954773486455e-07, 0.00017135514166510861, -3.1254587883757794e-06, 2.836435358989381e-06, 0.00017225411763493748, -3.154947951960934e-07, 5.203123202918153e-07, 5.085370192936765e-06, -2.6342671035128325e-07, 6.394919623864384e-07, 9.934998653747865e-05, 7.375174125745354e-07, -5.229987781132771e-07]]
W3->P5
T_min:200.0 K    T_max:3000.0 K    P_min:0.0001 atm    P_max:10.0 atm
[[-6.301650554032139, 3.554079476939074, 1.068862422216125, 14.094471727851882, -1.2300570600427025, -0.9249650580158579, -0.6695677193850561, 1.1294020292066231, -0.38964536043229847, 0.05544903019669048, 0.3205004757342959, -0.13846979351683686, 0.4455288730014428, -0.24128119887785504, 0.02581620471082518, 0.29866773978669287, -0.1784650671078344, 0.02966807457712862, 0.008377450628214295, 0.06798562921800717, -0.05332537770979579, 0.06681737485507715, -0.10969986894185851, 0.005183521282579888, 0.09055824470137828, -0.17848907290483476, 0.03216721282917554, -0.03865035739330632, -0.017321054379475467, -0.021102623607604988, 0.04381809472456775, -0.12325159178757265, 0.049373044414803585, -0.04672417100613416, -0.0003457090240651124, 0.005441898539336608, 0.019854203714031814, -0.05956960557210769, 0.045209070252034876, -0.06635794735620877, 0.06468175235437763, -0.015875305559764637, 0.07172418833549869, -0.10086831858284678, 0.05166439382326991]]
P1->P4
T_min:200.0 K    T_max:3000.0 K    P_min:0.0001 atm    P_max:10.0 atm
[[-16.193076138706225, 0.05698614520519629, -0.13570102223287409, 0.6946975107525234, -0.06819529581928302, 0.19087721030782964, 0.45905595367622354, -0.0021043742976207852, -0.04933917061030392, 0.15312629515098275, 0.019964306653871503, -0.017819989332528152, 0.10131803067152993, -0.0025028455056005554, 0.009430647954621073, 0.10633582277455773, -0.004592739032273602, 0.004351426514267578, 0.07743529330060181, -0.00038335240595160843, -0.0015162804721727129, 0.03700298988881921, 0.0007198279511033916, -0.0009768799122341718, 0.009237853058524627, 0.00013355601013993916, 0.00041581666042464195, -0.004929741456944325, -0.00038115735396544406, 0.0005020642132586098, -0.005885616052224755, -6.939000536467341e-05, -6.705655370409758e-05, -0.007443218295659324, -8.441642381874162e-05, 8.261206554836438e-06, -0.002082234318159756, 0.00028890073999005456, -0.00014920977183412342, -0.0024353528549144045, 3.2506323729989115e-05, 3.086592880358882e-05, 0.0015203803896283235, 0.00023936565448994034, -0.000178126990054886]]
P4->P5
T_min:200.0 K    T_max:3000.0 K    P_min:0.0001 atm    P_max:10.0 atm
[[-34.007992036231784, 0.0031727494505542353, -0.002454288445641945, 19.581441292164335, -0.0043056765925391415, 0.003331107906822919, 0.1631021499600028, 0.0010655764435727939, -0.0008248138044944719, 0.12030005400769628, 0.0001796133743973827, -0.0001393287707350625, 0.08666164900143788, -1.974456327059693e-05, 1.5887195053199306e-05, 0.05220633490668544, -2.1832238019983714e-05, 1.658091748993334e-05, 0.02714960931358854, -8.564270129224114e-06, 5.934436083523456e-06, 0.012611888569759684, -1.1353301650941242e-06, 9.042876216371643e-07, 0.005453838707544586, 1.0510904687567436e-06, -7.809440979241203e-07, 0.0020793326663298916, -3.0061882865207835e-07, -1.0633369885165431e-07, 0.0010311780000723896, -2.136943333895178e-06, 1.3785904601284976e-06, 0.00033388680238094536, 2.275728724831124e-06, -1.013401762939119e-06, 0.0003908408905517715, -3.9350422633256004e-06, 2.6459290041173743e-06, 7.96672600359358e-05, 2.040259592144692e-06, -9.500663283514541e-07, 0.00019778024956368772, -6.877196538027054e-07, 9.781689827916363e-07]]
P5->W3
T_min:200.0 K    T_max:3000.0 K    P_min:0.0001 atm    P_max:10.0 atm
[[-19.17608958367308, 3.5558096586267567, 1.068494119729288, 2.130850672976948, -1.2273313119086755, -0.9254884672558934, -0.37381828810794804, 1.1324529749021144, -0.3903111765616728, 0.21790833934159226, 0.3226245130488328, -0.13888673925249378, 0.5146613913957814, -0.23917746868319992, 0.02536436133391456, 0.326230256808689, -0.17714827157482052, 0.029417088318090482, 0.019062940955617336, 0.06901883058793198, -0.05353932311279857, 0.07117336246734379, -0.10909651145679417, 0.00505938183635884, 0.09261017799874112, -0.1783109959593816, 0.03214666558069457, -0.037772377757890184, -0.017118363787553718, -0.02114890184555798, 0.04462186556153294, -0.12354668076422107, 0.04947164014979712, -0.046468170035381805, -0.0003366753649361472, 0.005435836111558081, 0.020423109647909107, -0.060051538451366536, 0.045352492856806655, -0.06627277998226488, 0.06464229033683158, -0.015869985856066523, 0.07208631907641593, -0.10124666230033992, 0.05178063363174485]]
W3->P4
T_min:200.0 K    T_max:3000.0 K    P_min:0.0001 atm    P_max:10.0 atm
[[1.032405409149797, 0.5376045417210924, 0.0939968183777155, 3.4286240889182102, 0.9920949822919083, 0.08372221276469101, 0.02254196227097031, 0.7886565425027698, -0.16570763735194305, -0.14618750383183582, 0.43462544059546265, -0.2147491147507964, 0.20702068669195703, 0.09234765988057429, -0.13416077107514496, 0.2733883109141673, -0.14824442750018935, -0.0003507473774942916, 0.16178561616764486, -0.22986730362349125, 0.052531829986029926, 0.08980275756602216, -0.22471665810272073, 0.06477144113067262, 0.06155558317484688, -0.183555063428314, 0.060208584370488066, 0.02664542795535447, -0.11497109543906753, 0.03393239643663537, 0.015343955960657713, -0.05387278715866633, 0.030951856490193875, -0.02190579258140204, 0.011131189094098012, 0.0010885614184629959, -0.01038372892166954, 0.025453989810877452, 0.012457188324475118, -0.022515854779853524, 0.03249335841304918, -0.006521103085003744, 0.005751291346850537, 0.005518870759771146, 0.011764516968111538]]
W3->P1
T_min:200.0 K    T_max:3000.0 K    P_min:0.0001 atm    P_max:10.0 atm
[[2.7255978034736597, 2.357517921769417, -0.2544033510426047, 6.182626987453274, -0.25355945732512586, 0.1507520883662627, -0.3131349273961521, -0.2873794936988523, -0.006732561397972871, 0.10541685220854731, -0.13446996605414982, -0.015614000949513727, 0.17113631115041528, -0.08380533410910172, -0.0160633059057208, 0.07990701350328763, -0.05507217858473842, 0.013792508301886084, -0.00030280319653831566, -0.049586060942198605, 0.01952265996522092, -0.040123082420016304, -0.04468160948473275, 0.024139078307713033, -0.032915158038533426, -0.041789467042206936, 0.024894043290254464, 0.010415479404957404, -0.05022253733596197, 0.011616584466753763, 0.02477421014725649, -0.04325654749481591, 0.022227613565022994, 0.04599148031073462, -0.046393097882540896, 0.008470790317527371, 0.019125689184642452, -0.021973056947213847, 0.023888849802899716, 0.0202413972247936, -0.016297164892400896, 0.005051226479014199, -0.006240660221700818, 0.0037163928262992974, 0.014552853278362239]]
W3->P3
T_min:200.0 K    T_max:3000.0 K    P_min:0.0001 atm    P_max:10.0 atm
[[0.1641278814260566, 0.6639349622035602, 0.02588041274471491, 4.056161727108961, 1.080475817743291, 0.1018401685241059, -0.43102780211617053, 0.7834866466075578, -0.11085436492684804, 0.057632684436737525, 0.4627341797846882, -0.2414701626477086, 0.4380690197895754, -0.08822023403429115, -0.1420197840223915, 0.3817431057037765, -0.3436269688636484, 0.020291226907174813, 0.23125203949511608, -0.4028744693208486, 0.1326029445400133, 0.043710927838481115, -0.20070680940314745, 0.1124114702740137, -0.08409569832167975, 0.025049520646731677, 0.025217330533692402, -0.04788737081843104, 0.013366922902246595, -0.012263179973697887, -0.042919978254951925, 0.04700730231895186, -0.02446418560244549, 0.07965024737621688, -0.12422048996916815, 0.033084045409773916, 0.015811528907707196, -0.007286912528842171, 0.024216137712261967, 0.058767093183906764, -0.08088634032145418, 0.0384634718146996, -0.03905923403485104, 0.06946639721365976, -0.006330293414414338]]
P1->P3
T_min:200.0 K    T_max:3000.0 K    P_min:0.0001 atm    P_max:10.0 atm
[[-15.070175342815032, -0.0891604176710099, 0.1024225635703586, 0.5467494668568381, 0.1318527325661797, -0.16423399318801438, 1.069175885682422, -0.036027662985821114, 0.07596083004003064, 0.1913187854041428, -0.029716472780130638, -0.0044573283278724965, 0.05952576300926926, 0.035498140253353454, -0.018606765718985667, 0.05449687206243947, -0.013212384629027227, 0.010502715422115057, 0.020752028961066062, -0.0009586329707172683, -0.00036919356288923444, 0.008539561771212692, 0.0024441983777141185, -0.001905578316031502, 0.004716741565049198, -0.0012850290683064209, 0.0008980598934694555, 0.0015350918305411416, 0.0005580743070264516, -0.00010118565298935008, 0.0010473251208575262, 0.0004639149076980238, -0.00029739667169942005, 0.0011637640022734532, -0.0006668973349463727, 0.0003670119142539087, 0.0006124188470396157, -0.00023983516190226404, -0.00016468309815883793, -0.00022092659340752264, 0.0008184828757169933, -5.258099385028907e-05, 0.0004898069115802251, -0.0005238059955857136, 0.00014606461584867065]]
P1->W3
T_min:200.0 K    T_max:3000.0 K    P_min:0.0001 atm    P_max:10.0 atm
[[-14.766300155497065, 2.3592556967638254, -0.2547756977568099, -1.2089328697568489, -0.25084693195369717, 0.15023544178473744, 0.1291105796234661, -0.28431743039607094, -0.007403934493484207, 0.2935828522370858, -0.1323555534015248, -0.01602648763577415, 0.24269058201638374, -0.08169193827107242, -0.01652007537452884, 0.1069154286071772, -0.05376261746801328, 0.013544827020949373, 0.009985026544353593, -0.04854940491628883, 0.019307203382632657, -0.03590086697672623, -0.04408111587679032, 0.0240160438313032, -0.030894843335150517, -0.041613481881958125, 0.024874547338617714, 0.011287238984945517, -0.05001558819805369, 0.01156830073129883, 0.02558633085579219, -0.043559512505740104, 0.022330273582579326, 0.04623866049578421, -0.0463675459283231, 0.008456576850772344, 0.01970602750792212, -0.022469215375934312, 0.024039231274244788, 0.020318011804705566, -0.01632336207237658, 0.0050499955908126495, -0.005873699878956654, 0.003331385012635702, 0.014672514556524154]]
P4->W3
T_min:200.0 K    T_max:3000.0 K    P_min:0.0001 atm    P_max:10.0 atm
[[-32.29203585694504, 0.5393415449948451, 0.09362472581146143, 11.196262964525957, 0.9948089281787738, 0.08320514819356027, 0.4299407176588398, 0.7917192350820815, -0.1663801048523204, 0.03523776006724683, 0.43674327808359914, -0.21516244380361482, 0.2795284504305511, 0.0944588542322995, -0.13461674193448353, 0.30177241897597884, -0.1469327025647999, -0.0005992882665595863, 0.17277111186169064, -0.2288316533588964, 0.052316754571315946, 0.0942887818647831, -0.22411174750240004, 0.06464654251143376, 0.06366038320424032, -0.1833815145862846, 0.060190505013017016, 0.027531876351433473, -0.11476269136681701, 0.033883143911063694, 0.016151801913664908, -0.0541768627613065, 0.031055078398563453, -0.02166114470725868, 0.01115160170262177, 0.0010771074830910757, -0.009812902062838715, 0.024964579826324728, 0.01260446080792231, -0.022435313107094793, 0.03245913981166854, -0.006518492307182718, 0.006115277754767807, 0.005136957601236545, 0.011882787909956314]]
P3->W3
T_min:200.0 K    T_max:3000.0 K    P_min:0.0001 atm    P_max:10.0 atm
[[-24.661676825486182, 0.6656669020086232, 0.02551091509935976, 4.513219723875722, 1.0832021359212227, 0.10131684488455707, -0.05024357478305961, 0.7865379583761007, -0.11152076531650676, 0.21905991317319498, 0.46485719027042466, -0.2418865494326564, 0.4982205017368562, -0.08611451138436785, -0.14247303984758955, 0.4033750489616243, -0.3423121125667485, 0.020041233634347257, 0.2388596109608961, -0.401840369314423, 0.13238865881407405, 0.04654108540750176, -0.200103941946245, 0.11228731135694782, -0.08282432588905997, 0.02522683575420565, 0.025197704913578506, -0.04740779510499304, 0.013569096204918939, -0.012309655269120172, -0.04234826021332064, 0.0467111013138007, -0.024364443521940705, 0.07979771507831464, -0.12420800586800479, 0.03307645415071983, 0.016302847309091154, -0.007772232122903269, 0.02436116177010873, 0.05883028311108746, -0.0809242134685421, 0.038468189795526235, -0.03872561981404269, 0.06908712522754801, -0.006213632326589027]]
P1->P5
T_min:200.0 K    T_max:3000.0 K    P_min:0.0001 atm    P_max:10.0 atm
[[-15.133020906002004, -0.0019947168286564843, 0.0015737899489663475, 3.6288776545880808, 0.0016670712055812966, -0.0012853507261537146, -0.2041914400409742, 0.0016933586028106981, -0.001289829993977718, -0.08345657551186128, 0.0004946533332391484, -0.00038644461581638167, -0.016322057314203532, 0.0003689329943979189, -0.00028682549560774044, 0.00661408923917382, 0.00013462424342581506, -0.00012754772843415158, 0.010246262315004506, 0.00018125386134932762, -0.00016787279068012528, 0.007833638427482498, 0.0001243583755311643, -0.00013376594024687918, 0.004847654195719012, 2.9401167657938238e-05, -6.775699431620625e-05, 0.0024992424243751076, 8.243739357636103e-05, -0.00010611769119415065, 0.0011888438202250497, -0.00012463720555701602, 4.788569026697062e-05, 0.0004296319808191729, 2.1349630186446848e-05, -4.9084022149908657e-05, 0.00012028831732037505, -0.00020510398781178364, 0.0001234485420685537, 2.2196775860858374e-05, -1.1080876789170578e-06, -1.291731018509161e-05, -2.0807371981194937e-05, -0.00016714179993340998, 0.00011449655667647176]]
