==============================
B7_Energy_1
P3->P4
[[5.3978828280404506e-05, -2.0950212053740082e-08, 3.110447561286384e-08, 8.612578568320185e-05, 4.455176981839226e-08, -4.706886245248038e-10, 5.656253941436019e-05, -6.441833969295955e-08, 2.3974423559348804e-08, 8.214238246391634e-06, 3.952110295285504e-08, -4.2665657642108466e-08, -1.7915255999818454e-05, 7.553221350630535e-09, -1.4891047598096791e-08, -3.323687067321253e-05, 5.663531484784352e-08, -2.7708572272172216e-08, -2.551253488447081e-05, -1.7755655969865605e-08, 1.2836217381985766e-08, -1.1689128103515428e-05, -5.3482201029517546e-08, 3.067300135157115e-08, 1.8195380749601914e-07, -2.28942121238764e-08, 1.818862552501107e-08, 9.809097672560432e-06, -1.7305773999443295e-08, 1.6676102099732716e-08, 6.028385319721731e-06, 5.3225644480485007e-08, -2.5715211624312387e-08, 7.217400396082507e-06, -3.493346427702517e-08, 1.3979880433221575e-08, -1.884104230735794e-06, 1.2256827033455515e-08, -1.0514952374099374e-08, 7.70087039603535e-07, -4.180659646521366e-08, 2.133557869624302e-08, -4.263154607182409e-06, 4.653774741590372e-08, -2.3366438324573284e-08]]
P3->P5
[[-2.9094336497061074e-06, -1.93827702263386e-08, 9.267124600050277e-09, -4.872839558027234e-06, -5.780634661532489e-08, 2.694776919911404e-08, -2.7968025794093877e-06, -1.3024369012654601e-08, 9.163395091015263e-09, -4.498950116968485e-07, -2.2829342468999855e-08, 1.4884436050399926e-08, 9.732451862116808e-07, -6.198115470500097e-11, -4.894347360587279e-10, 1.3662101705145422e-06, 9.97916909371909e-09, -2.194142744379058e-09, 9.712535361643743e-07, 7.23472376060372e-09, 2.4114740362176107e-09, 3.9369183229795406e-07, -1.6387716473590947e-08, 1.050922114088817e-08, -1.9580458806400652e-08, -2.520090411747409e-08, 1.4204033043375828e-08, -1.9992724927132775e-07, -3.275854122175199e-08, 1.7173235430207117e-08, -1.5208031506272125e-07, -3.3334992497937534e-08, 1.7327052418557463e-08, -1.2221302069923438e-07, 9.177295975577729e-09, -1.5382457136348786e-09, 1.9713463343242458e-08, -4.0707909634163705e-08, 1.7583145063214422e-08, 1.0479737546932929e-08, -2.2819625182584263e-08, 8.503275768701848e-09, 3.951813037373675e-08, -9.136691879234845e-09, 4.8989769321881964e-09]]
P3->W3
[[1.3160575964100793e-06, -1.1563944863295258e-06, 1.057509061112322e-06, 4.200649364109723e-06, -3.1660776203956285e-06, 3.499474128780124e-06, 2.4707292655789924e-06, -2.0730920926949886e-06, 2.0214537281697343e-06, 3.7820170001732833e-06, -2.8521407022079515e-06, 3.1512310596325033e-06, 2.5428045339914553e-06, -2.150327272606509e-06, 2.059975467839866e-06, 3.093065707135286e-06, -2.3750793668811466e-06, 2.5650438813461496e-06, 2.286606122582241e-06, -1.7668565885833794e-06, 1.903533952429194e-06, 2.1084749580641676e-06, -1.6300834424870572e-06, 1.7507897326113107e-06, 2.2106937300121475e-06, -1.7111522257707973e-06, 1.8241780916900386e-06, 1.307575235209815e-06, -1.1147739190440888e-06, 1.0572019898087802e-06, 1.9042495600184764e-06, -1.3331819014250946e-06, 1.6137709866737344e-06, 6.450138592812469e-07, -5.563162980085483e-07, 5.242021939735013e-07, 1.701465310549093e-06, -1.2101327303662138e-06, 1.419983311272399e-06, 3.288046987235675e-07, -3.6993183054881186e-07, 2.3439451525723077e-07, 1.0419388648539296e-06, -6.687749122182878e-07, 8.895644452797903e-07]]
P4->P5
[[-3.039460947158492e-06, 7.878168332268144e-09, -2.1476061228336026e-09, -4.943433145222753e-06, -7.861543438892758e-08, 4.075903368550007e-08, -2.6751180381920567e-06, -1.4590201559489699e-09, -3.1750748941833234e-10, -1.0977319384595285e-07, -5.977758808296644e-08, 2.7138259412672627e-08, 1.2301994829753814e-06, 2.918653227882118e-08, -1.4879842677590907e-08, 1.4844054325540164e-06, 9.81885543326442e-09, -1.5206580192688078e-09, 8.792683394788555e-07, 4.018125217853355e-08, -1.360470587344812e-08, 2.125939389181828e-07, 1.950902832186766e-08, -3.4487586931276776e-09, -1.5596269201680392e-07, -2.9573786122305256e-08, 1.7777459573270934e-08, -2.837601631961867e-07, -2.2516374897041165e-08, 1.0477442957013057e-08, -1.179745367732006e-07, -7.593957503052499e-08, 3.4023643951752547e-08, -8.695725383636469e-08, -1.0713818854670412e-08, 2.111235239336604e-09, 7.983070584271549e-08, -6.45507723588425e-08, 3.108773011933557e-08, 2.74573095424372e-09, 1.1120872063036567e-08, -2.624434615577407e-09, 7.580929651867034e-08, -3.756888720374167e-08, 2.124720198301166e-08]]
P1->P3
[[3.074791693769032e-07, -2.85825746629018e-09, 1.646473952785967e-09, 5.012872341049181e-07, -4.898388544325022e-09, -3.3669031870959504e-09, 2.9145345955438183e-07, 1.406918688549055e-09, 1.6753111418976001e-10, 2.584816428926307e-08, -8.126077371048107e-09, 3.3581992615165225e-10, -1.288237224536248e-07, -1.6543631497344154e-08, 1.0032167557579275e-08, -1.938895526013546e-07, -1.3301751331342862e-08, 6.559732775005503e-09, -1.559560877437126e-07, 1.136895562447911e-08, -2.630559748375586e-09, -8.447908149254889e-08, 3.495607708148653e-08, -1.4069851817753184e-08, -1.7261593007793158e-08, 3.777441968741656e-08, -1.7500483123574252e-08, 3.2915918388988905e-08, 2.3942997977817247e-08, -9.93592056331619e-09, 2.7108091132921422e-08, 9.670000191966496e-09, -7.674461808951814e-09, 2.0973612579953614e-08, 1.017518523205206e-08, -2.8694528175636462e-09, -1.3802977757443557e-08, 1.1239923701446e-08, -6.126778492893496e-09, -3.907089179714761e-09, 5.834265803446465e-09, 2.1710242481139173e-09, -1.1620579051021417e-08, -3.3688831227358712e-09, 8.037896739024695e-10]]
W3->P5
[[-5.1683710619084884e-05, 7.29558952968953e-05, -2.3129661285891617e-05, 7.161096792831697e-05, -0.00010193475832953639, 3.232984694562673e-05, -4.599185174811165e-05, 6.506144966386061e-05, -2.1832063432452427e-05, 6.836042345732903e-05, -9.72598351677214e-05, 3.086066065967822e-05, -6.718733918605197e-05, 9.467801998256922e-05, -2.9685523284769944e-05, 1.3620354624930751e-05, -1.962020987697723e-05, 6.160255659678453e-06, 4.932015514378318e-06, -6.9900965469792575e-06, 1.321851487713795e-06, 1.1798550165399162e-05, -1.6819772553694438e-05, 4.892864718092413e-06, 8.23326850538714e-06, -1.2027272270164246e-05, 4.251360673629155e-06, -5.803781657615435e-05, 8.208244824670102e-05, -2.6284554193349405e-05, 5.860486052278006e-05, -8.309228364347364e-05, 2.6081180060067727e-05, -2.6275085522474012e-05, 3.7095392129141715e-05, -1.176583783460916e-05, 4.672690930018073e-05, -6.654574897391294e-05, 2.1835871160181916e-05, -8.510572925190549e-05, 0.00012070260914266201, -3.916873666485516e-05, 4.224673584726213e-05, -5.965734542442034e-05, 1.8106945888830466e-05]]
W3->P4
[[2.4540931593111175e-06, -2.039314414091699e-06, 2.02008907627661e-06, 8.534384116171436e-06, -6.348306066605525e-06, 7.0807688631443745e-06, 4.8904447833026535e-06, -4.038063605843872e-06, 4.027003625235621e-06, 7.717064418168248e-06, -5.768110957097467e-06, 6.399803807345313e-06, 4.8506876464594e-06, -3.902081126515098e-06, 4.0018518933216655e-06, 6.229704164999032e-06, -4.6845938458431675e-06, 5.164951612222938e-06, 4.697192593725658e-06, -3.6312884577336544e-06, 3.887142470961366e-06, 4.286431251089928e-06, -3.277909573531498e-06, 3.549512354157025e-06, 4.354049013577357e-06, -3.2195059558082646e-06, 3.6142169465624027e-06, 2.4219317579376074e-06, -1.9042658177465671e-06, 2.0040513735610154e-06, 3.968686394927109e-06, -2.7773896568707973e-06, 3.3098653040265314e-06, 1.19728894106795e-06, -9.556783745790564e-07, 9.912511467505114e-07, 3.3689933717884403e-06, -2.248690932688813e-06, 2.81401167529394e-06, 3.672539807794755e-07, -3.081830655105813e-07, 2.99996104146061e-07, 2.188814523978326e-06, -1.40242986029651e-06, 1.83200580814967e-06]]
W3->P1
[[4.648649951722634e-07, -4.868250326122766e-07, 3.836657398281983e-07, 2.6152432670969555e-06, -2.6532883269371614e-06, 2.1879526747081552e-06, 9.612346537340763e-07, -9.973399726132105e-07, 7.972446896809358e-07, 2.351223481404645e-06, -2.3887334885089364e-06, 1.9650638929954076e-06, 1.1322313103948946e-06, -1.1737697302122146e-06, 9.374213308597096e-07, 1.881412450406818e-06, -1.9146641135008906e-06, 1.57188048603846e-06, 1.2876987101374831e-06, -1.3117897738553923e-06, 1.076666130645657e-06, 1.2347699526699163e-06, -1.258073224607144e-06, 1.031262531442576e-06, 1.4101851794161915e-06, -1.4363475674564222e-06, 1.1763691399638774e-06, 6.355337426320489e-07, -6.571656267277914e-07, 5.271354306358471e-07, 1.4555866609126337e-06, -1.4648825992743318e-06, 1.223244066560617e-06, 2.7781317688417815e-07, -2.8498188890396676e-07, 2.326686937258661e-07, 1.397020944624899e-06, -1.407328302110082e-06, 1.1709152804000476e-06, 8.644426310456749e-08, -9.798455115600172e-08, 6.717412200253963e-08, 9.826762071137524e-07, -9.856782782314758e-07, 8.252202248687112e-07]]
W3->P3
[[1.3004942614349435e-06, -1.1315768941144154e-06, 1.048291405091323e-06, 4.158866956336151e-06, -3.1105707729605474e-06, 3.4687050358656885e-06, 2.4741499668305335e-06, -2.0748877093465305e-06, 2.0217887176157014e-06, 3.7694040542660454e-06, -2.837406983374255e-06, 3.1397874845618885e-06, 2.530773558704208e-06, -2.1288598102499897e-06, 2.0544652078782894e-06, 3.0607090215677257e-06, -2.328535645194325e-06, 2.544333592422734e-06, 2.274548342302947e-06, -1.7482176536089195e-06, 1.8947651479336583e-06, 2.111348169182597e-06, -1.6340534389846098e-06, 1.751008628580565e-06, 2.2012534637314344e-06, -1.698763647831901e-06, 1.8166174200969012e-06, 1.2828409580802807e-06, -1.0771478739531663e-06, 1.0401301281809208e-06, 1.8605507407067883e-06, -1.2743459484276312e-06, 1.5802879077166958e-06, 6.383665356660737e-07, -5.463831007980528e-07, 5.170920936540775e-07, 1.7023776467205095e-06, -1.2175787850362064e-06, 1.417317150225769e-06, 3.4371837885814083e-07, -3.909028330391556e-07, 2.4358390307449023e-07, 1.0300613307780735e-06, -6.563434208454918e-07, 8.787571702676001e-07]]
P5->W3
[[-5.170119523080493e-05, 7.298352145379592e-05, -2.3133100138839583e-05, 7.169968688389707e-05, -0.00010206697001823907, 3.237684355498826e-05, -4.6078527423491195e-05, 6.518722077634986e-05, -2.186471340530936e-05, 6.852476062272516e-05, -9.749660304201089e-05, 3.0956804417894234e-05, -6.726551159742336e-05, 9.479426474558718e-05, -2.9723626399413686e-05, 1.3632425999913345e-05, -1.9640515643542603e-05, 6.165811061482291e-06, 4.9806046404561655e-06, -7.052598666512302e-06, 1.3490385603212582e-06, 1.1755562047240404e-05, -1.6749616920543278e-05, 4.870905258988931e-06, 8.242582118542842e-06, -1.2038627277601676e-05, 4.248980841037742e-06, -5.8059954056431914e-05, 8.21177799436529e-05, -2.6290929799282426e-05, 5.8648502136404944e-05, -8.315584461488686e-05, 2.610694670356706e-05, -2.6371040001078122e-05, 3.723646056045109e-05, -1.1828742725364254e-05, 4.686067989684679e-05, -6.674349490970379e-05, 2.1917277113796083e-05, -8.521711145031022e-05, 0.00012086907198825003, -3.92372642637987e-05, 4.231860445563974e-05, -5.9769929737611996e-05, 1.815099191176858e-05]]
P1->W3
[[4.508046065163384e-07, -4.674014039541164e-07, 3.711575558259722e-07, 2.5564994266472584e-06, -2.576184904435917e-06, 2.152905648903255e-06, 9.25696644332448e-07, -9.484570470841101e-07, 7.704625908498787e-07, 2.295196902332181e-06, -2.314618899197326e-06, 1.9322011090418735e-06, 1.1029404010952372e-06, -1.1335395540679241e-06, 9.148431421628026e-07, 1.8439305013549467e-06, -1.8649449091689372e-06, 1.548411454557428e-06, 1.2574420067930483e-06, -1.2705692472026263e-06, 1.056631747972137e-06, 1.199151581707857e-06, -1.2087299424324484e-06, 1.0088110207551256e-06, 1.3699562762941504e-06, -1.380743731494166e-06, 1.1523843418141992e-06, 6.166240278162958e-07, -6.301199937981353e-07, 5.136162977692441e-07, 1.4437754001666454e-06, -1.451513115566046e-06, 1.2187875856570352e-06, 2.9558221480194685e-07, -3.1033735264863595e-07, 2.408420651398097e-07, 1.3870731232408393e-06, -1.3959319405171819e-06, 1.1666885419195432e-06, 6.910071463022676e-08, -7.158639342685354e-08, 5.369673547898039e-08, 9.475920370899254e-07, -9.376639035987897e-07, 8.07254086343608e-07]]
P4->W3
[[2.4355158463013175e-06, -2.0062797392213048e-06, 2.0072064717622597e-06, 8.591282616307294e-06, -6.435991510988694e-06, 7.121109215053174e-06, 4.8513484739882744e-06, -3.9714008740849195e-06, 4.001720234344531e-06, 7.763347200175792e-06, -5.840936584852861e-06, 6.4344231238231745e-06, 4.838555595238317e-06, -3.879718566762213e-06, 3.995615785247071e-06, 6.2685399230497304e-06, -4.744842013647952e-06, 5.1941774413996835e-06, 4.704965166201066e-06, -3.6411234499596883e-06, 3.895181908267113e-06, 4.294142838532489e-06, -3.287262475504831e-06, 3.5576044272071873e-06, 4.379607953770519e-06, -3.2567706190680376e-06, 3.6338479563213606e-06, 2.4137953736263734e-06, -1.8858818709445113e-06, 1.9988541772935182e-06, 4.017005156926875e-06, -2.851003420005752e-06, 3.343117510372319e-06, 1.184314915807062e-06, -9.313734246192128e-07, 9.822477497644127e-07, 3.425094509539464e-06, -2.3388583293023278e-06, 2.8540963479486196e-06, 3.544108880674758e-07, -2.879243552926141e-07, 2.925366385441495e-07, 2.2372000589146587e-06, -1.4816735169671126e-06, 1.8664047511437038e-06]]
P1->P4
[[4.273071475002278e-05, -4.059359451984048e-08, 5.682032112706346e-08, 7.896884654512612e-05, -2.542035083510948e-07, 2.3753420920407759e-07, 5.6203786989251054e-05, -2.258084758800478e-08, 5.124802771546477e-08, 2.9873517289695477e-05, -9.271339106149857e-08, 9.314894043944361e-08, 3.1556479231809447e-06, 1.361817281251711e-07, -8.423349838009578e-08, -1.3615440919745735e-05, 1.1944741653097007e-07, -7.549111520088689e-08, -2.1107226734010862e-05, 2.102297647421986e-07, -1.474271366336122e-07, -1.918732516058087e-05, 2.0886088374547918e-07, -1.4923940234710037e-07, -1.1991457904272399e-05, 1.533995674427715e-07, -1.1000380651348135e-07, -4.627138453149818e-06, 1.678655915397476e-07, -1.2633900816861526e-07, 2.148640268579271e-06, -2.1901931995614584e-08, 6.357362086717604e-09, 4.09303620566941e-06, 2.242590123583441e-08, -3.430069395415104e-08, 5.2464780606103975e-06, -1.4491151793037918e-07, 9.220374191143337e-08, 2.885012247413551e-06, -1.921969682074702e-09, -6.5506978492540476e-09, 2.004739411568454e-06, -1.0118094164007977e-07, 7.461719862611978e-08]]
P1->P5
[[-2.5355522067889824e-06, 5.125682497013833e-08, -2.4187697261938507e-08, -4.563344044381281e-06, 1.0432430445614275e-07, -5.580140513880041e-08, -3.077674642955953e-06, 9.3344116707226e-08, -5.192721874754783e-08, -1.4054314457157707e-06, 4.336223785160399e-08, -3.029816897673808e-08, -2.0616069424763263e-08, 3.6290200335576785e-08, -2.5191334174035854e-08, 6.816524104364359e-07, 6.9379725869314655e-09, -1.3583600569586003e-08, 8.476817313707492e-07, -3.065858182199136e-08, 7.510251241167323e-09, 6.238433176455619e-07, -1.3427206196419646e-08, 2.8599206143358936e-09, 3.0880883372804327e-07, 2.752178782846066e-09, -3.6115591821483245e-09, 1.1839107005699766e-07, -2.657320794866302e-08, 9.901766678860078e-09, -2.393080969533997e-08, -4.1253906409876646e-08, 1.232486640094362e-08, -4.5941177267720964e-08, -1.4206720559230155e-08, 1.0057463575403283e-09, -7.770936896873817e-08, -1.0451788872334526e-08, 7.289211834151094e-12, -3.9358645998372964e-08, 1.9960301072900312e-08, -1.2684597041493098e-08, -5.1340520934330395e-08, 1.8961794266467213e-08, -1.3440759721050144e-08]]
