==============================
W3_Energy_1
P3->P4
T_min:200.0 K    T_max:3000.0 K    P_min:0.0001 atm    P_max:10.0 atm
[[-26.121701032183378, -1.170707973418875, 0.06907084812987231, 7.693554261135746, 1.3136034823300695, 0.006919666555230851, 1.2147192865064926, 0.28703698960320523, -0.1698358792474272, 0.5536107752836624, -0.4958116018788655, 0.05445556601287672, 0.21121294563898682, -0.16257429859726716, 0.10717929558664858, -0.009613845440378604, 0.23787767931058587, -0.0400092314246709, -0.01199978592606384, 0.14009616556612925, -0.07886491761787293, 0.09650616999304905, -0.13991221639583365, 0.03162531510637785, 0.04935505610721143, -0.09487150017705401, 0.049688398770103115, -0.06419144963865328, 0.08711945872420322, -0.02321440041163584, -0.03315278479875183, 0.04813475179294122, -0.026576417522229057, 0.022117527463447903, -0.03354942627791763, 0.010232943721034865, 0.03537183591532124, -0.04739730500294863, 0.020408113018798874, -0.020808636526234853, 0.03409990924880826, -0.010433502155057265, -0.008573471544922589, 0.015274251594400332, -0.008491770174583713]]
P3->P5
T_min:200.0 K    T_max:3000.0 K    P_min:0.0001 atm    P_max:10.0 atm
[[-26.050654551759674, 0.0029726705531878395, -0.0022982660362502304, 12.088640997809595, -0.003990005643123984, 0.0030734235142477035, 0.031702055155152196, 0.001127723859024253, -0.0008800342245914443, 0.0436224114663494, 0.00021555946955777622, -0.00017247116442012267, 0.04792010781841903, -1.432731410773915e-06, -4.168930361882791e-06, 0.03504395733634245, -1.4889449537049914e-06, -2.027074228713186e-06, 0.020733800259979125, -1.2738155732714578e-06, -2.7648846828572313e-06, 0.010608610104650569, 2.2713156467293512e-06, -3.2829317566862415e-06, 0.0048735453366270725, -3.5952748108184956e-06, 1.0307189074953633e-06, 0.0019276355888661798, -4.830907546611861e-06, 2.540451460404492e-06, 0.0007728488951803942, -2.7666192645267104e-06, 2.3117473734841196e-06, 0.00019251841404849284, -4.32231162235946e-06, 3.0505482472588546e-06, 0.0001620203712982945, 1.189018550948529e-06, -1.6622587301502603e-07, 2.9042503721361036e-06, 1.3208616608781246e-07, 5.17091541348712e-07, 0.00010092841233485476, 2.7371887136462703e-06, -1.8261512693178996e-06]]
W3->P5
T_min:200.0 K    T_max:3000.0 K    P_min:0.0001 atm    P_max:10.0 atm
[[-6.274257705559778, 3.5465721278757947, 1.0873275824326574, 14.041208494185087, -1.2101656528495996, -0.9432086459622301, -0.6566592434789843, 1.1143023460800272, -0.3903462152094979, 0.03771873297438041, 0.35162383388001966, -0.15118663396685816, 0.4755772005083921, -0.2883699250499266, 0.04485024879511473, 0.28800662076580846, -0.16072585232598016, 0.024082047474137516, 0.0028199951038808545, 0.07664820108998398, -0.056562196967573655, 0.06329230705039074, -0.10392928439583057, 0.0033278055805126463, 0.09245494595181095, -0.17989054414849154, 0.033114054823111874, -0.016131533181466397, -0.051765659337963496, -0.008586139542808563, 0.014660997737370311, -0.07714112143221595, 0.03150649606151501, -0.028869027582514573, -0.02774798560625283, 0.014936048890317665, 0.01598472578905646, -0.047262657610099, 0.040240466306828565, -0.038628382526335214, 0.02401915537762815, -0.0008457079909206844, 0.03754226071812705, -0.04540393625158548, 0.031032016429933643]]
P1->P4
T_min:200.0 K    T_max:3000.0 K    P_min:0.0001 atm    P_max:10.0 atm
[[-16.1954659470588, 0.05692483568417131, -0.13846783674266036, 0.7012958543774755, -0.06745147202366931, 0.19447873840092653, 0.457995160457449, -0.0033049527606620367, -0.049807637448197196, 0.15059018733684404, 0.020489774810211837, -0.018442437665687105, 0.09991506592170123, -0.002355855161251599, 0.009562589168261904, 0.10576598009446335, -0.004672499147485518, 0.004480506476326359, 0.0776542893906615, -0.0004676883268731033, -0.0015112387125094226, 0.03756126874999851, 0.0007083733892793957, -0.000998789116582077, 0.009734143069376073, 0.00015290934960754946, 0.00041366976572198915, -0.0045672563986614125, -0.0003801831833561643, 0.000519755525494419, -0.005843224400807222, -7.357271236776531e-05, -6.583138945798447e-05, -0.007422252860704393, -0.00010189220640233138, 1.6178883349679136e-05, -0.0022729502924442625, 0.00029647313837864557, -0.00016079558216645535, -0.0025022508011911674, 4.050319368163512e-05, 3.071205777593736e-05, 0.0013743900125294166, 0.0002543938001225158, -0.00019021691261102565]]
P4->P5
T_min:200.0 K    T_max:3000.0 K    P_min:0.0001 atm    P_max:10.0 atm
[[-34.02001194913999, 0.003411749241543305, -0.0026381980002880604, 19.594054246816835, -0.004628295614027755, 0.0035785075863235148, 0.16433534370663302, 0.001138535467497207, -0.0008804018005030502, 0.1190663380422048, 0.00018900081299938823, -0.00014794188802657606, 0.08610795870344627, -1.990336650018511e-05, 1.649999159345464e-05, 0.05204295765570932, -2.74428954615329e-05, 1.9666772512257113e-05, 0.027169694684906247, -6.1962927981149625e-06, 5.1480071009929086e-06, 0.012672943378566486, -5.371739573179363e-06, 3.0265950764109786e-06, 0.005475422324649581, -3.5577829011787203e-06, 1.6511639497656449e-06, 0.002123980003256597, 4.100082428066271e-06, -2.2509269625962884e-06, 0.0010158523184121068, -7.400816012908152e-06, 4.000708036545697e-06, 0.00034770154880867245, 3.952937821500305e-06, -1.599548989300895e-06, 0.00038212584082404015, -6.755592122157537e-06, 3.7815656922933084e-06, 7.674194145392677e-05, 2.0606328037003305e-06, -6.557248717864443e-07, 0.0002031451033679714, -4.516743729868146e-06, 2.450794486828711e-06]]
P5->W3
T_min:200.0 K    T_max:3000.0 K    P_min:0.0001 atm    P_max:10.0 atm
[[-19.128120051032116, 3.5482554410876204, 1.0869684526342522, 2.0801421920082253, -1.207435005511384, -0.9437353396624882, -0.36456605382844376, 1.1172638434251119, -0.3909920260308595, 0.19793912921743972, 0.35375859951119676, -0.15160843336350766, 0.5436939529906084, -0.28631883279474074, 0.04441017312974488, 0.3151133146117865, -0.1593999492911476, 0.023828491918141424, 0.013350692485845023, 0.07767211417101735, -0.05677384143794318, 0.06758903554297756, -0.10332140090563721, 0.003202227492324984, 0.09446208140367783, -0.17968435921229403, 0.0330866970093491, -0.015254462038344338, -0.051567065948767976, -0.008631265736637259, 0.015405696103195424, -0.07737366495737318, 0.03158964544807452, -0.028613052908623014, -0.027737807741637713, 0.014929804740631613, 0.016481707077987975, -0.047666991032219906, 0.04036513033770095, -0.03854415128946469, 0.023981442230261548, -0.0008405832277733065, 0.037849646090675114, -0.045723977134509215, 0.031134664090744002]]
W3->P4
T_min:200.0 K    T_max:3000.0 K    P_min:0.0001 atm    P_max:10.0 atm
[[1.015042774130108, 0.539565997710993, 0.09532098888703973, 3.4360629628327284, 0.9978334927679441, 0.08316252857624172, 0.02447803217850369, 0.7874961504613281, -0.16652580725496893, -0.1423047956134128, 0.43405132782443756, -0.21736810114142122, 0.20666963089525725, 0.08868609765497093, -0.133943794112656, 0.27712035196427726, -0.1491021261966453, 3.810993470818656e-05, 0.16260983709662974, -0.22965628739320004, 0.053311758763578625, 0.08916897494269195, -0.22290987350123564, 0.06494704350123935, 0.06140187911326413, -0.18161524240051286, 0.059922100704849726, 0.024597234232319864, -0.11632348130106089, 0.034577130922246214, 0.018182207703213604, -0.054910226237196685, 0.03070257031869465, -0.022477589219915217, 0.007522037105961932, 0.001970567481940315, -0.00593065896732308, 0.025364751668904038, 0.011691511908977643, -0.022848099841127862, 0.031164212502482275, -0.006252067427382482, 0.00935038076446186, 0.0071975457471657065, 0.010735110863599353]]
W3->P1
T_min:200.0 K    T_max:3000.0 K    P_min:0.0001 atm    P_max:10.0 atm
[[2.717708611665838, 2.355334483914403, -0.2579422223194451, 6.181908217683198, -0.25005168826927837, 0.1528345508532832, -0.3171619372824913, -0.28834211048720004, -0.005505227647772045, 0.10770731719056646, -0.13489714199569622, -0.01644720738677935, 0.16758928170350995, -0.08156321007190322, -0.016805259142600795, 0.08224350496587268, -0.05394198039199231, 0.013104406344905686, 0.0006578411795982648, -0.04903119343318021, 0.0193254558361258, -0.038814581858166594, -0.04506280484289667, 0.024201278161133297, -0.03125151164448563, -0.042417061022022376, 0.02493990951210925, 0.007267799727853674, -0.04957983932949187, 0.011732881981002433, 0.026555058379472238, -0.04370624423067921, 0.02205913381726554, 0.04271120753867776, -0.045896551288608624, 0.00854061575710431, 0.023586553124182053, -0.023304991737577305, 0.02369352387843781, 0.018985550715575422, -0.016197364963357778, 0.005102973114570075, -0.0014591575211317835, 0.0026069402685878333, 0.01434950879880889]]
W3->P3
T_min:200.0 K    T_max:3000.0 K    P_min:0.0001 atm    P_max:10.0 atm
[[0.14928027476370784, 0.6642025664134481, 0.027144743462605474, 4.068121976971245, 1.0790943809903402, 0.10201259979705515, -0.4324084743955675, 0.7836620183574748, -0.11133278608039336, 0.05537126015382521, 0.467887969648856, -0.24565679027315457, 0.4323720960113743, -0.08680933123097065, -0.14286096434497522, 0.38599556569839394, -0.3457622773787113, 0.020789077193274587, 0.23545066825096472, -0.4064696963361466, 0.13456991311883665, 0.04572531619870699, -0.20153173510342023, 0.11324251682909213, -0.08415507442597017, 0.027162500947320024, 0.02434846518418532, -0.052194540093402006, 0.014604553904807914, -0.012432773703658929, -0.04121790423506732, 0.046928046420242404, -0.025240307045751913, 0.07795976504776267, -0.12704282805939454, 0.03443033852827509, 0.020931849004739347, -0.008575134386252143, 0.02372255607143903, 0.058087473205311074, -0.08198244664056153, 0.03904931114183369, -0.03478557448645869, 0.0703391651032574, -0.00759282546075587]]
P1->P3
T_min:200.0 K    T_max:3000.0 K    P_min:0.0001 atm    P_max:10.0 atm
[[-15.066556440975592, -0.09759249944394335, 0.10630763008510134, 0.5408513718589033, 0.14551724608843294, -0.17066495189140551, 1.072430477931749, -0.04275762657401665, 0.07938824050793468, 0.19038726970186648, -0.02861515926192713, -0.005250642877325423, 0.05916438612754677, 0.03636527609141318, -0.01892856892128374, 0.054840954979505675, -0.013769324515492478, 0.010811487830988462, 0.02074399152202898, -0.000921233117768983, -0.00042715219723712207, 0.008521816570094239, 0.0025295011949490243, -0.0019454615116314517, 0.004749360569050459, -0.0013437536174461858, 0.0009308229238247202, 0.001508951079065831, 0.0005765582398775527, -0.00010690866286153838, 0.0010278109750050239, 0.00048430380432851774, -0.0003074144633880265, 0.0011733914836240852, -0.0006846716630999158, 0.000374201614552331, 0.0006152234257965114, -0.00024266630296830704, -0.00016755110314353182, -0.00022010984380143567, 0.000819556819332412, -4.831142295775768e-05, 0.0004867079491621888, -0.0005168895545331591, 0.0001430908360488783]]
P1->W3
T_min:200.0 K    T_max:3000.0 K    P_min:0.0001 atm    P_max:10.0 atm
[[-14.753604817890128, 2.357013964321112, -0.2582996954790052, -1.2071056585996907, -0.24732127318534036, 0.15230838959823106, 0.12143358957823837, -0.2853786851282108, -0.006152374966470349, 0.2936290330146531, -0.1327638971392253, -0.01686772539640869, 0.2381329671318393, -0.07951065612179825, -0.017246596771526342, 0.10878888889890964, -0.052612514185601034, 0.01284900692645869, 0.010795421824363006, -0.04801043903077734, 0.019115507035748318, -0.03465411937908057, -0.04445428118230079, 0.024074976314725428, -0.029276347645984042, -0.04221161942179224, 0.024913470460489997, 0.008143411352594734, -0.049384575544386966, 0.011688668785115756, 0.02730352861182238, -0.04393965738538618, 0.022143601007736147, 0.042968413284258544, -0.045884472584362894, 0.008532922264193167, 0.02408367311677477, -0.02370718723309832, 0.023817550756085028, 0.019071019405948318, -0.016236249917387143, 0.005108292188374879, -0.0011520895759497985, 0.002287883396130357, 0.014451789390206173]]
P4->W3
T_min:200.0 K    T_max:3000.0 K    P_min:0.0001 atm    P_max:10.0 atm
[[-32.28881890396466, 0.5412512627151278, 0.09496028593493162, 11.20625660932987, 1.0005543320986834, 0.0826421957841984, 0.4282203956837093, 0.7904680991911038, -0.16717784114598347, 0.03688280820687958, 0.43617940204213324, -0.21778562062413961, 0.27816168848544265, 0.09074334687025547, -0.13438760219687726, 0.3050452433141498, -0.14777559454184655, -0.0002157247344900657, 0.17344308673607803, -0.22863385616758777, 0.05310098909158405, 0.09359612286618903, -0.22230104619123964, 0.06482051377323039, 0.06346203694680105, -0.18141260598145037, 0.05989717064417326, 0.025481752711460182, -0.1161190334673738, 0.034528346021558694, 0.018930803623167666, -0.05515026741106977, 0.030790097576423037, -0.022233891741193335, 0.007543121703274675, 0.0019583325878363717, -0.005430861202803538, 0.024952938364445842, 0.01182027496403744, -0.022770604079333026, 0.031133391720345405, -0.006250858710072088, 0.009661172937349733, 0.006872554827040522, 0.010840630967813175]]
P3->W3
T_min:200.0 K    T_max:3000.0 K    P_min:0.0001 atm    P_max:10.0 atm
[[-24.655946325864594, 0.6658852780143554, 0.02678509416244284, 4.5277387067715456, 1.0818206679827902, 0.10148948476549806, -0.05528283073104256, 0.7866267304390726, -0.11198129487189762, 0.21456161872079352, 0.4700195145393421, -0.24607581798529507, 0.4915068605884369, -0.08475561560335604, -0.1433034151241262, 0.4071706115418894, -0.3444362854616822, 0.02053576130283617, 0.24290200691937996, -0.4054429372342557, 0.1343569016611149, 0.04849776369429972, -0.20092666748852783, 0.11311805387935694, -0.08293038419390515, 0.027371357438767615, 0.024320833966572957, -0.051716667594163115, 0.014803198087005157, -0.012478906991905616, -0.04070211420965877, 0.046690232686990234, -0.02515370822982581, 0.07810410550459385, -0.12702548635989697, 0.03441980291259213, 0.02135444744326097, -0.008986867215690713, 0.0238516915050258, 0.058147427841309524, -0.08201612113633383, 0.039051780968505576, -0.03450666640696414, 0.07001838897412174, -0.007489413370006105]]
P1->P5
T_min:200.0 K    T_max:3000.0 K    P_min:0.0001 atm    P_max:10.0 atm
[[-15.146426987319739, -0.002035483677572225, 0.001605803087672553, 3.6407798456955445, 0.0016717426022109458, -0.0012891362303896383, -0.20131801049542278, 0.0017251000925747784, -0.0013166691051317311, -0.0840061954850675, 0.0005233708285926245, -0.00040707675832905155, -0.01676542388307862, 0.00035962591447111675, -0.00028179176222117283, 0.006314624821621145, 0.00014083280515887276, -0.00013170712505764483, 0.010137056307527618, 0.00017859095764562478, -0.0001664193373270813, 0.007805418705379354, 0.00012382726599072746, -0.00013453018740616562, 0.00480013943138148, 3.084053480791611e-05, -6.990543010657133e-05, 0.00255206954745146, 8.17489338525912e-05, -0.00010608843367608595, 0.0011511666165863865, -0.00011643439562032273, 4.099009150359046e-05, 0.00046419528108912147, 1.8215428634988022e-05, -4.792356052973366e-05, 0.00010388865052862311, -0.00018974722684590646, 0.00011267414080280404, 2.415403750909948e-05, -4.551174712757914e-06, -1.1456542650798186e-05, -1.893094897572265e-05, -0.0001559539969949552, 0.0001061664683173718]]
