==============================
P1_SymmetryFactor_1
P1->P2
[[0.4342935747901464, -4.4004139487311034e-08, -1.0572823812265194e-06, -1.3948605603964964e-06, 1.7429598971376227e-06, 1.6009652797246795e-07, 3.3649208699476197e-07]]
==============================
W2_Energy_1
P1->P2
[[0.0, 0.0, 0.0, 0.0, 0.0, 0.0, 0.0]]
==============================
B4_Energy_1
P1->P2
[[-0.0016231018385126394, 0.0015123820571589493, 1.6134338746043916e-05, 3.96748285902253e-06, -2.7453005426501396e-06, -3.6129175180547607e-06, -3.836504534328064e-06]]
==============================
W1_Frequencies_1
P1->P2
[[0.0, 0.0, 0.0, 0.0, 0.0, 0.0, 0.0]]
==============================
P2_SymmetryFactor_1
P1->P2
[[0.0, 0.0, 0.0, 0.0, 0.0, 0.0, 0.0]]
==============================
B5_ImaginaryFrequency_1
P1->P2
[[0.0013407719658555786, 0.0017977362304615458, 0.0003452640687827937, -0.0006755553140797279, -0.0007907616074284977, -0.0004980212834554927, -0.00017870731522970308]]
==============================
W1_Energy_1
P1->P2
[[0.0, 0.0, 0.0, 0.0, 0.0, 0.0, 0.0]]
==============================
B4_ImaginaryFrequency_1
P1->P2
[[1.5702282710158146, -2.4173323403023534, 1.1868609499911051, -0.47018013152550675, 0.17211840595775962, -0.04705962976644192, 0.007588659499763448]]
==============================
B5_Frequencies_1
P1->P2
[[-0.08305254277697637, -0.15556429022391557, -0.12472309289389881, -0.08751098076075801, -0.05261262000005783, -0.025535823215983505, -0.01267670312424201]]
==============================
P2_Energy_1
P1->P2
[[0.0, 0.0, 0.0, 0.0, 0.0, 0.0, 0.0]]
==============================
B4_Frequencies_1
P1->P2
[[-0.6051298321650185, -0.5410917836853046, -0.10659545512920511, 0.03226623520253989, 0.04792410298010319, 0.029778166294490652, 0.016422242086064]]
==============================
P2_Frequencies_1
P1->P2
[[0.0, 0.0, 0.0, 0.0, 0.0, 0.0, 0.0]]
==============================
B4_SymmetryFactor_1
P1->P2
[[-0.4080028162406235, 0.04806530749988122, 0.03655951947517601, 0.0231771796218765, 0.012013495702502945, 0.004927069396637077, 0.0013618030655951976]]
==============================
P1_Frequencies_1
P1->P2
[[0.4426611541818288, 0.5751663664583487, 0.24099696785786565, 0.08507144951606169, 0.02851486127053898, 0.008539787138339982, 0.0018231223846445197]]
==============================
W1_SymmetryFactor_1
P1->P2
[[0.0, 0.0, 0.0, 0.0, 0.0, 0.0, 0.0]]
==============================
B5_SymmetryFactor_1
P1->P2
[[-0.024442750323242515, -0.04475358244456873, -0.03415982944927742, -0.021831481414571172, -0.01147115184955507, -0.004795098532788217, -0.0014702055359346177]]
==============================
B5_Energy_1
P1->P2
[[-1.6690408034119125e-05, -2.7719162729053712e-05, -1.6045913393286485e-05, -4.23850127073446e-06, 2.4400713674264834e-06, 3.4141440041941425e-06, 3.7857677828300542e-06]]
==============================
W2_Frequencies_1
P1->P2
[[0.0, 0.0, 0.0, 0.0, 0.0, 0.0, 0.0]]
==============================
W2_SymmetryFactor_1
P1->P2
[[0.0, 0.0, 0.0, 0.0, 0.0, 0.0, 0.0]]
==============================
P1_Energy_1
P1->P2
[[0.0016402268439305407, -0.0014840136110086009, -2.62554150957021e-09, -4.9720737160933e-09, -1.1991468612007066e-09, -3.8477755906009874e-10, 1.0429517855587649e-08]]
