==============================
colrel_FactorOne
P3->P4
T_min:200.0 K    T_max:3000.0 K    P_min:0.0001 atm    P_max:10.0 atm
[[-26.139777548351987, -1.1651860823586984, 0.06487375188952707, 7.710939522483742, 1.3100464115041144, 0.012632074736422257, 1.2176851832105302, 0.28305247654440796, -0.17169364417591038, 0.5514890128463215, -0.49675842319505265, 0.05504312999875008, 0.21193535270090533, -0.15918070134964746, 0.10786436408729026, -0.010325494632044296, 0.24088450087856378, -0.04182975294446802, -0.01178262290506056, 0.13673577897514247, -0.07897027586153146, 0.09754585684349039, -0.1434059260448819, 0.03383466087670535, 0.04796436779396745, -0.09227951689019992, 0.049446065493318515, -0.06665203598388754, 0.0913235879648995, -0.025660993931871913, -0.03026797417115003, 0.0437432685128562, -0.024956092541038824, 0.022521093826026548, -0.03377806251073235, 0.010534976000447093, 0.03542826722767958, -0.04727920453509773, 0.020675510243183395, -0.022926852903149168, 0.03730663419455699, -0.012144036095462999, -0.006795921300801878, 0.012392137828315452, -0.007215259889649927]]
P3->P5
T_min:200.0 K    T_max:3000.0 K    P_min:0.0001 atm    P_max:10.0 atm
[[-26.038751627799897, 0.003217949857370783, -0.0024867683579874447, 12.07664480977881, -0.004303967044644532, 0.0033126821107944088, 0.030010661853146603, 0.001205887276441434, -0.0009399152435245646, 0.04470086085887107, 0.00023270559141650034, -0.0001866887744676971, 0.04846896478831586, 1.7860533808692466e-06, -6.95355341874154e-06, 0.035253340693824874, -3.7175053668648047e-06, -1.5796294022323454e-06, 0.020745226781607614, 6.88342832016596e-08, -3.4938380925368707e-06, 0.010570873134909307, -9.665409722376179e-07, -1.53402071685297e-06, 0.004863412429431601, -3.7511516476944753e-06, 1.2050394759123325e-06, 0.0018753930032721381, -4.495549586789824e-06, 3.470153780607697e-06, 0.000791868318186288, -5.147948625294201e-06, 3.5297000597474843e-06, 0.00017183283838257822, -3.3199106264655394e-06, 3.1970119288467544e-06, 0.0001722031953869744, -1.9284741041505063e-07, 6.280680276639545e-07, 3.5857595811397357e-06, 1.9250693042267156e-06, -2.5743485799473796e-07, 9.896139367805686e-05, 1.2589689932083477e-06, -1.0447233340080575e-06]]
W3->P5
T_min:200.0 K    T_max:3000.0 K    P_min:0.0001 atm    P_max:10.0 atm
[[-5.695532705214192, 3.272054659726699, 1.0285192263786016, 13.639271812378661, -0.9515881322493247, -0.8900859520814091, -0.777768696023324, 1.1946444119647301, -0.41915434243990785, 0.16252238613216516, 0.1202201067600904, -0.07262490607396584, 0.4615993804687408, -0.28698302045833, 0.04545100314298163, 0.1630883354591525, 0.008070959781416602, -0.03106085332837562, 0.06418175799975871, -0.006019376652995468, -0.02588462910390583, 0.10089039493116961, -0.15013469639043006, 0.02036680984649827, 0.028242464789554052, -0.08486322474298152, 0.001976075627264323, -0.001767440408576133, -0.0671985748520278, -0.0008887489656934566, 0.0311766217803796, -0.10653251029103954, 0.04401418890522253, -0.05138134153652731, 0.006233070620842463, 0.0019435522236367813, 0.004942619305604815, -0.04229103010229577, 0.03902433880729579, -0.025742955212310844, 0.005637699271702751, 0.004500152541151977, 0.02607589545935019, -0.03779051619967285, 0.02806078548430588]]
P1->P4
T_min:200.0 K    T_max:3000.0 K    P_min:0.0001 atm    P_max:10.0 atm
[[-16.203250089937764, 0.05970783700885188, -0.14226882191880455, 0.7079635735521111, -0.07033235551472537, 0.19911928227354178, 0.45719000767815443, -0.004124014635906214, -0.049985254528352945, 0.151042005296619, 0.021653337851506804, -0.01940673247622335, 0.1017945405720514, -0.002373432361889905, 0.009668211657931797, 0.10679680384000767, -0.0049290419083488765, 0.004695716093285855, 0.07742939848359491, -0.0005227713510169003, -0.0014819877123076427, 0.036936458966075864, 0.0007389744540576057, -0.0010191541166118022, 0.009233184704275936, 0.00018051918106679946, 0.0004039694956106282, -0.004913683242861312, -0.00037269646043824455, 0.0005167714619308497, -0.005889038622275958, -6.945279344093093e-05, -7.044034562790048e-05, -0.007442759900198941, -8.236267796722658e-05, 9.969374590400515e-06, -0.002104959595458869, 0.00032020227883238037, -0.00017046770867750803, -0.0024488357071298667, 4.915625825206296e-05, 2.4696123436044e-05, 0.0015093708641361293, 0.0002470124346606735, -0.00019023887294361615]]
P4->P5
T_min:200.0 K    T_max:3000.0 K    P_min:0.0001 atm    P_max:10.0 atm
[[-34.00846288040189, 0.003682193573842696, -0.002846535512404489, 19.58206629158538, -0.004982333066763885, 0.0038518536276845334, 0.16296750692249992, 0.0012107728462211458, -0.000937204646459715, 0.12027243818396227, 0.00020876682722893863, -0.00016225010875539058, 0.08666296489828654, -2.141344294403814e-05, 1.703392777745226e-05, 0.05221037474927551, -2.7092452759816723e-05, 1.977190623942647e-05, 0.02715036212526102, -8.921714932331526e-06, 6.817505094539613e-06, 0.012614492073882398, -4.76814756487851e-06, 2.879595357868643e-06, 0.005457321300314428, -3.9180871093265206e-06, 1.7156731702160275e-06, 0.00207868350415611, 1.1844424518577631e-06, -2.3453069199837657e-07, 0.001034717165389118, -7.299614422514205e-06, 4.01433344677147e-06, 0.0003360323819099569, -4.0924737391600254e-07, 6.909580691908984e-07, 0.00039099972175173043, -4.106945061972853e-06, 3.031812014651088e-06, 8.151465342295603e-05, -5.600219357996066e-07, 3.8815679448125645e-07, 0.0001993630466035793, -3.0196945114268603e-06, 1.9600688736572147e-06]]
P5->W3
T_min:200.0 K    T_max:3000.0 K    P_min:0.0001 atm    P_max:10.0 atm
[[-18.569755890727304, 3.2737545742272696, 1.0281536567567653, 1.6753363114457565, -0.9489151027461304, -0.8906003020048399, -0.48201653341799916, 1.1976290368977025, -0.4198110752702219, 0.3253773265637087, 0.12229055214413923, -0.0730308673889905, 0.5311425001654309, -0.28493785118551357, 0.045010506262963025, 0.19085685201123245, 0.009340803398902104, -0.031299662325168766, 0.07491902612931761, -0.0050311595070956965, -0.02608715652544605, 0.10524515824122509, -0.1495743598925477, 0.02025480492182847, 0.03029352603564325, -0.08472251522072864, 0.0019669217989531597, -0.000870391900146907, -0.06703516143135674, -0.0009243484336059889, 0.03199884574909274, -0.10685329517398219, 0.04412200603450341, -0.051099849095878065, 0.006213392487256303, 0.0019448103564998548, 0.00552649742458633, -0.04279018888174571, 0.03917615257116109, -0.025647262984064723, 0.005587726952237432, 0.004507278673026487, 0.026439141097102648, -0.03817071936811173, 0.028180484754950386]]
W3->P4
T_min:200.0 K    T_max:3000.0 K    P_min:0.0001 atm    P_max:10.0 atm
[[1.051073576118787, 0.5413495327915967, 0.09717797694583848, 3.4573806666090903, 0.9974486244252887, 0.08542429982210677, 0.03458761527606523, 0.7801458267660032, -0.16845555207483365, -0.14274388937131086, 0.41785658785313734, -0.21784216986246718, 0.2116485099847922, 0.07052923157398856, -0.13113704799777207, 0.2785645656774931, -0.16257897005130081, 0.005816736068334501, 0.16312538034109988, -0.23377778165893515, 0.058303432399676114, 0.08619969895561504, -0.21933756153406678, 0.06788540889129989, 0.05530586583760017, -0.17404782226635074, 0.06089585086146566, 0.020362432034476293, -0.10719168392949877, 0.03348334283890497, 0.010254288582833384, -0.0470443880237472, 0.028994656230775344, -0.025118117792974164, 0.01368812609215623, -0.0004948643207222289, -0.012169013780879454, 0.028075496079886075, 0.010467977080559156, -0.023179289740266965, 0.032288936863784395, -0.007219834543256824, 0.005439415381386078, 0.0068359831877693854, 0.010948600256596514]]
W3->P1
T_min:200.0 K    T_max:3000.0 K    P_min:0.0001 atm    P_max:10.0 atm
[[2.765536925948388, 2.352488636801433, -0.26053449248666094, 6.190423793216499, -0.25404259065211404, 0.15633007676781147, -0.311195047361734, -0.30202988570476064, 0.0004156585273514358, 0.10032480817530598, -0.1361285366007398, -0.015537907614087082, 0.1696069259203353, -0.08759325946816254, -0.015076039326705759, 0.08123280210030202, -0.056220728476619714, 0.014680418690810515, 0.002996761738483621, -0.05234327338334368, 0.021764771023888324, -0.03788716189138043, -0.04636948691588859, 0.026441622677160347, -0.03307701538452225, -0.04151805902116141, 0.02647492997139259, 0.009345898647551478, -0.051773888123366155, 0.013484115657866329, 0.0225566319673498, -0.04147591286113846, 0.022494958033701076, 0.04500475374338616, -0.04777073930463956, 0.009494013031546154, 0.017379206755207374, -0.01857001512238557, 0.022962679102952566, 0.019790087041054102, -0.01648379704132852, 0.005195531955915411, -0.00731073811344612, 0.006984724664467931, 0.013403285648861408]]
W3->P3
T_min:200.0 K    T_max:3000.0 K    P_min:0.0001 atm    P_max:10.0 atm
[[0.18526158894378786, 0.6626369960736311, 0.02689689625941778, 4.086682000732004, 1.09290728830022, 0.10167575333358832, -0.41062557998603916, 0.764713214900634, -0.10699184499979711, 0.047792069772094554, 0.4592508350602, -0.25135494662904073, 0.4452429943242745, -0.12221064654385592, -0.1327315490670289, 0.3875043477687915, -0.3612968440956344, 0.030604866279319135, 0.2335553822511582, -0.40490862848767883, 0.14105010462368975, 0.03458331450652508, -0.1813826282740084, 0.10991123279272597, -0.09834503758317276, 0.05053427920298069, 0.015964727430609654, -0.051594422597413626, 0.017408164588092974, -0.013595669851023935, -0.04423209173864693, 0.04716125790293731, -0.025341329864974713, 0.08764806876463911, -0.14053919622266117, 0.041290816741383116, 0.013031420935814195, -0.003359132268812968, 0.022431516090675393, 0.0595283785462501, -0.08378873657937495, 0.04069931454493162, -0.04588220059273397, 0.08121945706357098, -0.012237836771802452]]
P1->P3
T_min:200.0 K    T_max:3000.0 K    P_min:0.0001 atm    P_max:10.0 atm
[[-15.056812608612757, -0.09754940121254876, 0.11113011430007293, 0.5248449201741159, 0.14544857014529694, -0.1779954725511209, 1.0803104806783752, -0.04267601279220959, 0.08192543778334804, 0.18933704734147058, -0.028577767727398933, -0.00453159063919411, 0.058247958229902946, 0.03589014355147329, -0.019857813834648075, 0.055003550458585626, -0.012930749312083932, 0.010694850458246377, 0.021250347009639365, -0.001622350246824374, 7.274303081709439e-05, 0.008081924690171344, 0.0028403873208893743, -0.0021684840309317325, 0.0048199944537092, -0.001396267748694992, 0.0009440341451202673, 0.0015790442735413432, 0.0005389139154656905, -0.00010175377622525768, 0.0010216134160030304, 0.0004994415491067901, -0.0003079402307545427, 0.0010820936136434586, -0.0005522584716918744, 0.0003366902968429732, 0.0008102997554494735, -0.0005438233883296483, -4.574896302851743e-05, -0.0004043760056352178, 0.00109632691557001, -0.00018049026239681516, 0.00054601214810347, -0.000600714283543645, 0.00018943339455207897]]
P1->W3
T_min:200.0 K    T_max:3000.0 K    P_min:0.0001 atm    P_max:10.0 atm
[[-14.726138882385591, 2.3541873172274506, -0.26089961354218555, -1.201460102840345, -0.2513692850369233, 0.15581547081579472, 0.13106034653766008, -0.29904394881439794, -0.0002415074940282849, 0.28887820779378154, -0.1340563857057469, -0.015945282651909462, 0.2415794152106044, -0.0855489668663087, -0.015515587440458794, 0.10843997759661546, -0.054948267383794894, 0.014439671036108609, 0.013340521534625296, -0.051357111950303465, 0.02156357327759698, -0.033668784563804025, -0.04580843043827784, 0.02632885812867067, -0.031055941737246334, -0.041381304741480655, 0.026467532801731565, 0.010240027711769741, -0.05161091988185187, 0.013449241432952619, 0.023381064532093813, -0.041796094401049616, 0.02260224467315132, 0.04528911525523744, -0.04779022392016577, 0.009495356686770935, 0.01796176479442486, -0.019065441317182647, 0.02311233725243618, 0.0198883316242166, -0.016536187440691647, 0.005203771796930727, -0.006950258396998581, 0.006608810926690185, 0.013520711086233447]]
P4->W3
T_min:200.0 K    T_max:3000.0 K    P_min:0.0001 atm    P_max:10.0 atm
[[-32.27314805263881, 0.543050726595709, 0.0968116859792901, 11.224697991502518, 1.0001205888911024, 0.08491061008158585, 0.44199844159986146, 0.7831285929235561, -0.16911130334497365, 0.03907248697628322, 0.41992736576805884, -0.21824817011729702, 0.2845748772421323, 0.07257020387710127, -0.13157542147551918, 0.30714873050069025, -0.16130588133376542, 0.005576466009150636, 0.17416747987640793, -0.2327937645156369, 0.058103093016466795, 0.09068254932090661, -0.21877307902874835, 0.06777097410900113, 0.05740995315048124, -0.17391128324220748, 0.060888892287681934, 0.0212726562497364, -0.10702987581551462, 0.03344825627925213, 0.011076087469826957, -0.04736747835052836, 0.02910375690351693, -0.02484015291609443, 0.013668077928058468, -0.0004936301986553978, -0.011590414835873416, 0.0275792182932123, 0.010618333260617856, -0.02308308558002663, 0.032236761444018054, -0.007211818994833124, 0.005798770010082632, 0.006460745043778063, 0.011065825833782567]]
P3->W3
T_min:200.0 K    T_max:3000.0 K    P_min:0.0001 atm    P_max:10.0 atm
[[-24.640321122599445, 0.66432992100414, 0.026534319278476125, 4.543422113573411, 1.0955858806909775, 0.10115951348714693, -0.029834007086264602, 0.7676920769220515, -0.10764606144202189, 0.20960973705196537, 0.46132756863279434, -0.2517634629779239, 0.5058088824685071, -0.12016874219895506, -0.13317064626591807, 0.40933671745604, -0.3600210868202499, 0.03036326587836255, 0.2412160277772824, -0.4039212314916537, 0.14084830125866968, 0.03741395723561869, -0.180825446927359, 0.10980037995538489, -0.09707807439707855, 0.05067959579652548, 0.015953749320910204, -0.051089482611184414, 0.0175619511507115, -0.013626901468295607, -0.04364448689254948, 0.046842815772947605, -0.025234119168827392, 0.08782521730196219, -0.1405613023971353, 0.04129291624788914, 0.013531001349918132, -0.0038523548480762053, 0.02258078036087466, 0.05960598009143579, -0.08384276677361907, 0.04070811901169787, -0.045551762225909766, 0.08084447125082395, -0.012120492215769486]]
P1->P5
T_min:200.0 K    T_max:3000.0 K    P_min:0.0001 atm    P_max:10.0 atm
[[-15.132765761864594, -0.0022697647900224993, 0.0017862379056257885, 3.62866345914257, 0.0018960752300408608, -0.001464231562862739, -0.20437889718079832, 0.0018863949957779846, -0.0014486260184011837, -0.08352897354134327, 0.0005715758613907231, -0.0004464538828754354, -0.01633941251763538, 0.00037891172439765883, -0.0003032349549399134, 0.0066022815824715725, 0.0001445254119571931, -0.00013707283738814685, 0.0102488382694125, 0.00017093861115441368, -0.00016695042663909674, 0.007836250787866839, 0.00011581246538919336, -0.00013197651452717606, 0.004857377474279952, 1.4023690397159643e-05, -5.996005913511149e-05, 0.002511334995781489, 6.315090674997661e-05, -9.647175294542909e-05, 0.0012020636024318331, -0.00014057439659153386, 5.9385081806285854e-05, 0.00044109610813654516, 5.353749022782891e-06, -3.963412682747863e-05, 0.00013003000011941798, -0.00021394947126629254, 0.00013254819138419904, 2.8357106379648342e-05, -9.130681571501736e-06, -7.756522723163479e-06, -1.912972432622562e-05, -0.000165717517984384, 0.00011664690049275796]]
