==============================
W1b_Frequencies_1
P1->P2
[[-0.05456857985508943, 0.012932587874537299, -0.048820984530442035, 0.04770345543116189, 0.0073437888852996205, 0.043743913799638406, 0.03918694541861519, -0.052720583719164146, 0.03219534898794666, -0.03648125614211088, 0.037682844014140564, -0.030368032756820502, -0.008245500964508204, 0.008826247791993517, -0.006890661702870374, 0.014151069786762515, -0.01717020759492436, 0.011419442480754483, 0.002576848328791178, -0.002577632664213328, 0.0021450133487599726, -0.004553636328507363, 0.006110854681342444, -0.0036020559197468267, -0.001039739212556217, 0.00144979733159481, -0.0008043745056933591, 0.0011842924198078048, -0.001544627357672768, 0.0009541994334912362, 0.0007481932035009407, -0.00110929226333507, 0.0005786418862846698, -0.0006633424180197916, 0.0006847853737270192, -0.0005665865760254459, -8.216710552339508e-05, 0.00010529866607116968, -6.985633435779365e-05, -0.00017038219832038156, 0.0003194195073778575, -0.00011727857971428681, 0.00041711104363966595, -0.00044568101755919777, 0.00035491163168804347]]
==============================
W1b_Energy_1
P1->P2
[[-2.4450212033397467e-05, 8.896454862547919e-06, -2.1609080777288005e-05, 2.1550629899121627e-05, -6.798261322558962e-07, 1.944098372835665e-05, 1.7631278042334336e-05, -2.3453809243282388e-05, 1.449930821543821e-05, -1.6977816388650777e-05, 1.803549207700045e-05, -1.4099643391016269e-05, -3.60025132773741e-06, 3.899882587696127e-06, -3.007251063999836e-06, 6.925201195993493e-06, -8.422302638514267e-06, 5.583493012878401e-06, 9.962739614415235e-07, -9.452420627646973e-07, 8.467276642861641e-07, -2.2602053358174672e-06, 2.9747410444383708e-06, -1.7970768338991058e-06, -4.017882359176295e-07, 5.194756711023176e-07, -3.3248577538426503e-07, 5.421254762726026e-07, -6.900736160696216e-07, 4.5619500403398413e-07, 3.3984343619660553e-07, -4.92724182700476e-07, 2.5720694793965055e-07, -3.2775917192195463e-07, 3.7643101923833393e-07, -2.605645875711151e-07, 1.2456772436741454e-08, -3.184977192324702e-08, -5.182774273560768e-09, -7.177569142377405e-08, 1.3294128373632804e-07, -4.0272389282848646e-08, 1.518713978765501e-07, -1.6717842678758892e-07, 1.1974609114419492e-07]]
==============================
B8_SymmetryFactor_1
P1->P2
[[-0.02663330444083739, 0.01036611877410325, -0.0042428237915001004, -0.009968184152093069, -0.009224583584573537, 0.0025437712399569976, -0.004867536869330349, -0.006002127424243461, 0.00463942131181633, -0.009654352499437805, 0.004323255699582583, -0.002350857437683177, -0.0055184267891492614, 0.002685846900843945, -0.0019126520833475014, 0.00023192062078593106, -0.0017315744440320458, 0.0009909267928015384, 0.0008866569278785341, -0.0011459151632385034, 0.0007724221691233535, -9.474557572023903e-05, 0.0004483096874345447, -0.00023965505891270395, -0.00019303021186488158, 0.0005031817504000824, -0.0003241882586631209, 0.00011868558278921433, -1.9528412181048956e-05, -1.0295403351378763e-05, 0.0002182673034299324, -0.00015971560279171894, 0.00011459699933606443, 0.00011902707359119115, -9.838826355765307e-05, 6.093438117258963e-05, -7.884006812192577e-06, 8.012275873541615e-05, -3.932148703320393e-05, -4.729313195638905e-05, 7.109536428996761e-05, -5.511210314070612e-05, 1.0788294409885513e-05, 1.948865433163588e-05, -8.46189465732759e-06]]
==============================
B8_Energy_1
P1->P2
[[-0.00010743182535211957, 9.574491108510712e-05, -5.5998022193882875e-05, 6.768960744757033e-05, -8.347435074592241e-05, 4.300411826670724e-05, 5.800245486059813e-05, -6.300204042414975e-05, 4.6621987722498246e-05, -4.153126766860242e-05, 5.0885038288627224e-05, -3.179600836232835e-05, -1.9891272109799875e-05, 2.1195432226014538e-05, -1.5849319007269277e-05, 1.6108694074432994e-05, -2.043997929907379e-05, 1.260494331182527e-05, 8.058986548409398e-06, -8.270669280599326e-06, 6.0823129564186886e-06, -3.7320115742016094e-06, 5.907747964294979e-06, -3.4101155005342085e-06, -2.801230693587965e-06, 3.657478562300284e-06, -2.5658289383246904e-06, 4.513356088211839e-07, -7.290978640853536e-07, 2.382485648689887e-07, 1.3966355503082237e-06, -1.680224271908744e-06, 1.1664563113069745e-06, 3.0342667158718834e-07, -2.7780441985731445e-07, 2.774859224765755e-07, -4.2116291931367557e-07, 5.81838412301286e-07, -3.320146640328062e-07, -4.728308735686146e-07, 5.059837072489561e-07, -4.1862963074179076e-07, 9.51179045498578e-08, -1.436185114710224e-07, 6.513353303698461e-08]]
==============================
B1_Frequencies_1
P1->P2
[[-0.023649759833697954, -3.3538016473342984e-05, 4.4849975635888766e-05, -0.04554964102405379, -3.5855705973512446e-05, 3.9435609610855534e-05, -0.038991047682147846, -9.773847926364637e-05, 4.0185268965934434e-05, -0.03166450205893077, 3.1139761653216145e-05, -2.488944725706755e-05, -0.02339441362137083, -4.565126345381426e-05, 3.557587579339567e-05, -0.016885821418519503, -3.107116777978559e-05, 2.842969251485851e-05, -0.011432250802525861, -3.0062056870644503e-05, 1.6292164506526452e-05, -0.007596084651309133, 1.6171454459916102e-05, -6.2186249429113305e-06, -0.004963344420797718, -4.010264311113605e-06, -2.1791512547136734e-06, -0.002945779287117604, -1.843339674434851e-05, 1.1323162016619828e-05, -0.0020930309424122937, 3.1675654751090596e-05, -1.3101009648541887e-05, -0.0009693203245080418, -3.442330491714552e-05, 1.782259326185245e-05, -0.0009115824067956622, 3.917478026509428e-05, -2.0922008205762605e-05, -0.00020875965683243708, -2.7625755774586734e-05, 1.5533489083740014e-05, -0.00038237958510897773, 3.1050919500343016e-05, -1.679611417337581e-05]]
==============================
B1_Energy_1
P1->P2
[[-0.0007495944834436636, -6.0948206742742825e-05, 3.0864453839069395e-05, 0.0010746976427765463, 1.5965464157620207e-05, 2.155785848428158e-05, -0.0003435949466896687, 9.067636185326146e-05, -9.756326779182169e-05, -3.6214895550919334e-05, -3.6061357457645934e-05, 2.3164546308939063e-05, 4.816578069700302e-05, -3.286792692452069e-05, 4.178427850974612e-05, -1.1780545103069408e-06, 2.172059657400395e-05, -9.837844483158516e-06, -1.239273137104562e-05, 1.2925440343864646e-05, -1.5907296849161204e-05, 4.772470072858324e-06, -1.594066257280869e-05, 2.4570210623976056e-06, 4.044452658224396e-06, -1.439052723198955e-05, 3.596955055095431e-06, -2.6862404641704646e-06, 9.492664917937197e-07, -1.3944288921912591e-06, -2.3541249314086463e-06, 1.062755763312634e-05, -6.525280780258872e-07, 1.662243126182803e-06, 1.4446435623058803e-05, 3.224541514611838e-06, -3.842410696173594e-07, 2.6606146019135614e-06, -3.3514908914680194e-07, 1.1631217361989776e-06, -1.749699830995262e-05, -1.0010191250841812e-06, -7.135964959110094e-07, -1.814990514595149e-05, -2.8296602541063295e-06]]
==============================
colrel_Epsilons
P1->P2
[[0.007017054914469897, 0.02311721758247537, 0.008177234564163305, -0.008490442911996474, -0.03103981978226288, -0.00992664652065942, -0.0019654187569134226, 0.007938653140481804, -0.0015654341988057927, 0.006328065870836044, -0.0016744075285666674, 0.0058249363422146925, -0.002490197711643089, 0.0024459400490037496, -0.002056974872992538, -0.0016922210492653124, 0.0006707267347512348, -0.001511937767355499, 0.0012638721800970422, -0.0018220653247727969, 0.0010033895991800501, 0.0005559277788183119, -0.00040005719743410476, 0.0004749990316594489, -0.0005100368367429791, 0.0008293752794713129, -0.0004050844315361235, -0.00031054666553325885, 0.00039690695856615596, -0.0002519618722772987, 0.00022606193277421158, -0.0003673737583688399, 0.00018639112437958364, 0.000150839139704176, -0.0002267273881869685, 0.00011943092365220795, 1.4537307432141678e-05, -1.6030254147879022e-05, 1.0608204756601779e-05, -0.0001642510304365445, 0.00024814685688360984, -0.00013558246002395635, -2.193597035106237e-05, 3.5920291858058725e-05, -1.5210080240484443e-05]]
==============================
colrel_PowerOne
P1->P2
[[-0.011968785205080934, -0.01827866503351261, -0.012807199162002125, 0.02418514266980254, 0.03318561178968393, 0.025739971159303154, -0.015958505338238838, -0.02447249575295022, -0.01731432030334665, -0.0014994147644786793, 0.01236220810049947, -0.0004909323542397204, 0.008838577399109676, -0.0012867173402912558, 0.008467173531923534, -0.0023196547121752745, -0.0016402479781362465, -0.002311389448399967, -0.002349183816565594, -0.0009984373075902432, -0.0024059755438778085, 0.0008844789205163846, 0.0002598390995025299, 0.0008155332278154308, 0.0003108359298795854, 0.0017338150961162082, 0.0004955923456736045, -0.0005145346798611223, 0.0009870743092574709, -0.00034020482849200594, 0.0006244750778036895, -0.0025144713050340075, 0.0003308673397415339, -2.683304334449529e-05, -2.2729707074265978e-05, -5.728809837166548e-05, 2.1636993153757484e-05, -3.991807630970601e-05, 4.995724603657826e-06, -0.0006338624069918603, 0.001902683202568184, -0.00038552364962170585, 0.0003156316392779137, -0.0007129318954383944, 0.00023989257357732663]]
==============================
colrel_FactorOne
P1->P2
[[0.061482381060469625, 0.07975356359228337, 0.06562390355941114, -0.06804968948165767, -0.12510865370262692, -0.0753051632076909, -0.020112840388385893, 0.05627017480580107, -0.015228412839370115, 0.040177953587552044, -0.012788880261818058, 0.0373977415843384, -0.009290362140352441, 0.0062883192138777945, -0.007847025035498601, -0.008779436666459741, -0.003233343810203907, -0.008726752124716148, 0.004753546443750455, -0.00646540582010388, 0.003658863700780505, 0.001206251741186073, 0.0042705838999844625, 0.001544524478230204, -0.0021149829895485096, 0.0045192832222587884, -0.0014401065838661696, -0.00014700122274556544, -0.0012849783299061907, -0.00019544853723050637, 0.0018795822561768704, -0.004862727293712433, 0.001217274166733345, -0.0007301796857006392, 0.001618753823658662, -0.0005653294726223018, -0.00017467994677064833, 0.0007178246654131521, -0.00010551514158080412, -0.0007627114089306255, 0.002158427724754498, -0.000436731524453093, 0.0007842705592713496, -0.0018145914992635567, 0.0005554680549464412]]
==============================
B8_Frequencies_1
P1->P2
[[-0.17408354258200634, 0.028452709669789623, -0.006626689785372152, -0.18364007696081636, -0.027316628422097818, 0.002496158528058312, -0.12804816438824237, -0.012248130518483136, 0.009885959140925495, -0.09387800063275809, 0.009123869784893067, -0.003950963666545025, -0.05336753149341642, 0.00730491588511378, -0.004882106474959855, -0.018050592955663906, -0.0037833341002601164, 0.002017499568898177, -0.004373846179531966, -0.0033812856361514574, 0.002138146244155654, -0.0018115374280741885, 0.0008112010278642933, -0.00042461078561478694, -0.0004993078129192771, 0.001448526279080851, -0.0008993000014428407, 0.0005221051739692904, 0.0002562604783416374, -0.0001797122150717268, 0.0013536222962865707, -0.0006190108054163181, 0.0003870800824162476, 0.0006120552267424463, -0.00025055041377909567, 0.0001404083921775559, 0.0005919656709096745, 1.6556677424513476e-05, -3.951558318056697e-06, -0.00010320697928117595, 0.00032796504259684895, -0.0002077658546170889, 0.0003184088587575078, 4.154969220918368e-06, 1.0599851855718785e-05]]
==============================
B2_ImaginaryFrequency_1
P1->P2
[[0.5087204287312959, -0.17930477602400477, -0.0820019908410505, -0.2635423471296616, 0.18031326274763548, 0.14952909927406208, -0.24370677840187432, 0.014789288050252886, -0.05635183838951862, -0.08449629649645722, 0.03656296009327923, -0.05810547981955236, 0.0811659383657221, -0.0613913456685777, 0.045131015685260074, 0.04782490127280154, -0.021072083263157862, 0.022931183478773286, -0.014565007968109325, 0.028490960405171722, -0.01723509350614673, -0.014452548450584633, 0.013436501561963864, -0.011091151713925851, 0.0032544051777231107, -0.009083979676968116, 0.004664793189857554, 0.005203147832920735, -0.007853874918613543, 0.005363880924616458, -0.0014397189233906176, 0.0024527391711463955, -0.0010209551518806717, -0.002361111897145549, 0.0035272224857445657, -0.002218879855880364, -0.0006617368561593775, 0.0009343194505403429, -0.0007506500388005135, 0.0020066395015740273, -0.0025719841646765873, 0.001571320698033237, 0.0008875122196826056, -0.0010818497162885623, 0.0007741549477740197]]
==============================
B2_Energy_1
P1->P2
[[2.0249465921454537e-08, -2.480205409538607e-08, 1.3475661956572064e-08, 1.8502463720184378e-08, -1.9630139215131955e-08, 4.0687484301452424e-09, 3.857099130774286e-08, -4.716364396138469e-08, 2.5295227120369584e-08, 1.889653153405801e-08, -2.0565860399079224e-08, 5.304151823907877e-09, 3.159577238719473e-08, -3.825917078877317e-08, 1.9415115115788844e-08, 1.7937955523282695e-08, -2.0070820619166808e-08, 6.2759329410187405e-09, 2.0960641588527524e-08, -2.4701195107306084e-08, 1.069009650172522e-08, 1.726440533432158e-08, -2.0178910318707177e-08, 8.102488820775821e-09, 1.082510841869228e-08, -1.1913953235160543e-08, 2.630691432474267e-09, 1.642940555513323e-08, -2.0075590339831517e-08, 9.707153555136827e-09, 1.1074531368719153e-09, 3.1381066733907754e-10, -4.934088921639909e-09, 1.1523191404210103e-08, -1.4400661528182827e-08, 7.339138574118781e-09, -7.571196270646594e-09, 1.1180057846000869e-08, -1.1072816841157077e-08, 5.197389940150578e-09, -6.620697724382942e-09, 3.5165964639548435e-09, -1.0120419817362763e-08, 1.3984581919980572e-08, -1.1319224569368068e-08]]
==============================
W1a_Frequencies_1
P1->P2
[[-0.12022434631995921, -0.26789943691613227, -0.13408228969287123, 0.15745279392987355, 0.33903784129300846, 0.17201371883387404, 0.0013081822884208106, -0.056815129166757, 0.0010957103328360304, -0.07653898942038648, 0.014300912325088622, -0.07149800489400947, 0.03483334990464437, -0.04790563762876102, 0.02743786182782291, 0.018779472227657846, -0.0010481531651472047, 0.017504957572989952, -0.015528263092096727, 0.028353556102743534, -0.011651843666405272, -0.006629084665417097, 0.003405870594997924, -0.005763226494667932, 0.006150841842144951, -0.013285369160964917, 0.004462262536009319, 0.0042901856478149095, -0.006427719026224212, 0.0033568112129784395, -0.003533149192969164, 0.007856845027563111, -0.0026202447050449294, -0.001414627888572828, 0.0027437600186709637, -0.0010107369145012693, -0.0007540511954336175, 0.0010634033934299948, -0.0005980614411532154, 0.002887336662805927, -0.005864769020237479, 0.0021781938196689427, -9.366891808026844e-05, 0.00019939937050009152, -0.00010612431657212672]]
==============================
W1a_Energy_1
P1->P2
[[-6.558347911185488e-05, -0.0002639593506958385, -8.19395543511555e-05, 9.128864001198453e-05, 0.0003283525688325551, 0.00010866081467802227, 1.8809557604966335e-06, -5.888645598258337e-05, 5.803484603200892e-07, -6.249405984229364e-05, 3.166039725059975e-05, -5.602979634216723e-05, 3.530098300280884e-05, -5.730316453017881e-05, 2.7118223848198746e-05, 1.4096345481313119e-05, 5.492773364540882e-06, 1.3799823335969741e-05, -1.6120901815793237e-05, 2.1941503930035723e-05, -1.3103780470449073e-05, -3.0958863070578204e-06, -2.262354043855714e-06, -3.095059674244735e-06, 6.719894704859739e-06, -8.750771395223037e-06, 5.559287095370413e-06, 1.4996857589009437e-06, -1.173399311324715e-05, 1.593837611546655e-07, -5.5607793680269025e-06, 2.592369471324378e-05, -2.518504769713568e-06, 2.4395488260012477e-06, -1.1250763495411784e-05, 1.064607238820674e-06, -2.232110973953731e-06, 1.1788370711774806e-05, -8.469347637844255e-07, 4.198529638285443e-06, -2.7480682585705028e-05, 1.0345723988661893e-06, -5.38409285630215e-07, 1.214713984315002e-05, 8.537568475011369e-07]]
==============================
W1b_SymmetryFactor_1
P1->P2
[[-0.012447796553287526, 0.002799648369577474, -0.011142068688958817, 0.010944111487204011, 0.0017738387948971848, 0.01002661770078273, 0.009015949256409726, -0.012096104664146477, 0.007431996416678281, -0.008650237353974534, 0.008944367090470818, -0.007213080103609052, -0.0017964856348632867, 0.0018985019973177088, -0.0015037797043507565, 0.0034564163542629297, -0.004187247021609545, 0.002788468812903074, 0.00053097679077732, -0.0005054743877980107, 0.0004470639375355123, -0.0011491021991106786, 0.001530457092835606, -0.0009094683399154691, -0.000202477507990262, 0.00027494832700775834, -0.00016251407306049363, 0.0002851239349652145, -0.0003671317429788436, 0.00023721979789168433, 0.00017480643510737462, -0.0002590493923069391, 0.00012963231597993877, -0.00018756308835441812, 0.00021253417439234722, -0.00014798811672012547, 1.9363920752153335e-05, -3.2615145859135634e-05, 2.7348644785822313e-06, -5.34321944427891e-05, 9.656399957780657e-05, -2.9773589822701362e-05, 0.00010410818898413432, -0.00011751075268103977, 8.219059285706866e-05]]
==============================
W1a_SymmetryFactor_1
P1->P2
[[-0.01898575983648522, -0.08393803928773676, -0.02412388816097526, 0.026458530220802096, 0.10315546482346498, 0.03176347837496744, -0.00027613522000613023, -0.01188894071685437, 0.00015551450547266586, -0.01683289016266774, 0.0008582054183217079, -0.015905547097657912, 0.00975090405478538, -0.013682996097673575, 0.007693855936567243, 0.004148478342163996, -0.0005728539502107334, 0.003786249322114894, -0.004566856032529665, 0.007917137402299186, -0.003507927129696628, -0.0016817643297490097, 0.0015259798325586832, -0.001382326798198622, 0.0018781887824513676, -0.003435768803308438, 0.0014510053208184935, 0.0012326728613424127, -0.001879680632294938, 0.0009759711306428406, -0.0009649526362652781, 0.001565005862741913, -0.0007907451654652151, -0.000606491233055807, 0.0010769694320123101, -0.00045906511347241266, -0.00019954328816642299, 0.00028261606222111034, -0.00016174432266712597, 0.0007855472640374373, -0.0011999970909764373, 0.0006532868534985508, 0.00011534733488705809, -0.0002541294788956659, 7.12645593570369e-05]]
==============================
B1_SymmetryFactor_1
P1->P2
[[-0.04038767287189574, 0.0022279416800408186, -0.011659538545679039, 0.03832997103205896, -0.006162742725189939, 0.018774284538434778, -0.023228960346556953, 0.005958822664624136, -0.008151659449881115, -0.009192333292910733, -0.0007651742481350969, -0.0005636610768049633, -0.00232818445290004, -0.0022903535435485987, 0.0020335793145914347, -0.00274238352200988, 0.0005167836534737196, 0.00012093462420313827, -0.0026096200059490334, 0.0008889093775911795, -0.0006191363193459407, -0.0013463360244715594, -0.0001761776040063786, -9.832722421872304e-05, -0.0006576228152303, -0.0003245231139882265, 0.0001597979197143579, -0.00046535467272559443, 4.561006554211051e-06, 6.100349128905395e-05, -0.00041924554694814276, 0.00018153996125197554, -4.759841424024838e-05, -0.00019442324307847078, 1.28155744186416e-05, -1.9458105852984675e-05, -0.00013911333213907997, -1.3540373214214483e-05, -1.4534052189532987e-05, -1.6802982500505974e-05, -5.3136044991448956e-05, 1.5162342346656508e-05, -7.653981848370092e-05, 6.637300343182282e-05, -1.8500597160531397e-05]]
==============================
colrel_Sigmas
P1->P2
[[0.033386814176729104, 0.152529862607587, 0.04166389346185281, -0.04070592649281474, -0.19341107094805932, -0.04991714299001994, -0.012656977568746463, 0.03608536001359717, -0.011371595490694766, 0.037528097193770024, -0.010727776500756122, 0.03432237956066647, -0.014263050011690537, 0.020645325301492424, -0.011205582522200639, -0.01166840575860163, 0.006799170954752897, -0.010121236174906716, 0.0073619695496067354, -0.012915131705141717, 0.00568044236071431, 0.004555087954262555, -0.004867390170750924, 0.0037061245102163166, -0.002957976740749299, 0.005335586060984689, -0.00232768740718419, -0.0025956979469354104, 0.0037848901324055734, -0.002072024758351606, 0.0012645113675640249, -0.002049060516484651, 0.0010717246989762114, 0.0012695377453128152, -0.0020179799273641495, 0.0010004399349700008, 0.00031661291625811655, -0.00044792683732250795, 0.00025808039330267704, -0.00120093002898985, 0.0017803097605971101, -0.0010139489622232167, -0.0003680093308668231, 0.0006033269004894767, -0.000278240346149538]]
