==============================
W1b_Frequencies_1
P1->P2
T_min:200.0 K    T_max:3000.0 K    P_min:0.0001 atm    P_max:10.0 atm
[[-11.471566098821695, -0.1525290299321424, 0.2315348416408796, -0.33234959928273394, 0.18306434803474417, -0.2893175305543768, 0.42909616193688865, 0.0056292156617803735, 0.017106813936090048, 0.32182092421991393, -0.048397962533378254, 0.05298646154374516, 0.11418762907148922, 0.004533212789289174, -0.0012314732051962346, 0.026470427491268482, 0.009834134795808169, -0.011522272034373558, 0.008378425827653718, -0.0008982479695149265, -0.0021126140636574956, 0.004850277357700859, -0.0017617491653253534, 0.0018255023191983968, 0.0025532331795952716, 0.0006519735167031209, 0.0009442772514989888, 0.0013036447928245585, 0.0008017518746289794, -6.873995246663746e-05, 0.0012125488582269883, -0.0009680602947635344, 5.465534497731721e-05, 0.0003763459801532747, -0.00023021549816317817, -0.0002035751090856493, 0.0002946198705670687, -0.00019704982888301678, 6.998661528937261e-05, -0.00027653737947913907, 0.0009137857100451862, -0.00020858240831047112, 0.00013129535908326542, -5.913333792207017e-05, 0.00012583461908550724]]
==============================
W1b_Energy_1
P1->P2
T_min:200.0 K    T_max:3000.0 K    P_min:0.0001 atm    P_max:10.0 atm
[[-11.467281347452829, -0.1535774025746769, 0.23537643519667983, -0.3361617562358301, 0.1825770295525146, -0.2928216712504461, 0.4261868890354311, 0.00960525474902095, 0.014724454669538171, 0.3245583902289833, -0.051204271891980145, 0.05526780264031516, 0.1147991396490367, 0.0038717403125901446, -0.0007212945468487347, 0.025443193762897165, 0.011072799947477997, -0.012352453521445511, 0.008182204532844494, -0.0007019682606887696, -0.002275495146996049, 0.005177191296230484, -0.002200882399385337, 0.0020838732409860336, 0.0026308732601699344, 0.0005446258903938453, 0.0010038515645212638, 0.001217471083810236, 0.0009150516875071816, -0.00013752077631860914, 0.0011541579061074888, -0.0008811984138556642, 9.47630323703245e-06, 0.0004268437678406605, -0.00028353288509440393, -0.00016006760780705505, 0.0003011943743686937, -0.0002055046732891454, 7.497792386385232e-05, -0.00026229344077285135, 0.0008871273181679247, -0.000198506485587361, 9.936611766289674e-05, -2.449765785414378e-05, 9.850924790613896e-05]]
==============================
B8_Energy_1
P1->P2
T_min:200.0 K    T_max:3000.0 K    P_min:0.0001 atm    P_max:10.0 atm
[[-11.470169707651372, -0.1506831334921101, 0.23426594567820003, -0.334648681698232, 0.17981969963663508, -0.2920871366509479, 0.4275631020453895, 0.008272198343289025, 0.01581478715228808, 0.32375297566544065, -0.05011165108835486, 0.05468309651904797, 0.11424756490803424, 0.004472047423541572, -0.0011630544113311909, 0.025764633993198182, 0.010661097346512938, -0.012114034426558928, 0.008427501282041068, -0.0009533224152864726, -0.002096794392727232, 0.0051284269137021, -0.0021017128071688005, 0.0020295053040921473, 0.0025523886252367145, 0.0006466281044501756, 0.0009299859481802217, 0.0012103853976200452, 0.0009192876030527049, -0.00014715403961866632, 0.001198145004019694, -0.0009335980265910749, 4.587267436527896e-05, 0.0004441083259929496, -0.0002997796855753366, -0.00014448801645604878, 0.0002925594717749169, -0.00019332686653248694, 6.787791466541771e-05, -0.00028001828863545477, 0.0009058217559262054, -0.00021390029944782685, 9.928553887526731e-05, -2.615238137833228e-05, 9.767594615454886e-05]]
==============================
B1_Frequencies_1
P1->P2
T_min:200.0 K    T_max:3000.0 K    P_min:0.0001 atm    P_max:10.0 atm
[[-11.468812195392516, -0.15390153759602498, 0.23611996093564447, -0.3414506573146167, 0.18261848030525055, -0.29348983666358364, 0.4217268571727001, 0.01038312697604133, 0.014249883028541539, 0.3219996347439994, -0.051803309630953226, 0.055735116276605004, 0.1126182045286603, 0.003744746474913998, -0.000623097474189212, 0.023576777723626513, 0.011337797938003952, -0.012528954350676925, 0.007036228626877865, -0.0006666517157139134, -0.002305175640711509, 0.004518174332882849, -0.002297033244370359, 0.0021419204111836174, 0.0021706219298466916, 0.0005217293609597397, 0.0010173385676474104, 0.0009135429068077918, 0.0009412100004498411, -0.00015377527907404242, 0.0009465795748403325, -0.0008666855872009129, 1.7943853404078115e-06, 0.00034120332299706333, -0.0002936503134162647, -0.0001524054886805488, 0.00022012342121574045, -0.00020900232201753613, 7.713793578948589e-05, -0.00028397218748327935, 0.0008864050200740213, -0.00019848178971939716, 5.9609091490532426e-05, -1.7968573708347466e-05, 9.385969841376604e-05]]
==============================
B1_Energy_1
P1->P2
T_min:200.0 K    T_max:3000.0 K    P_min:0.0001 atm    P_max:10.0 atm
[[-11.492642848522665, -0.1560049939632583, 0.23706881502678684, -0.2993830905048174, 0.18323034488799675, -0.29266983755333464, 0.4136237307671159, 0.013467521486646386, 0.010952536734497078, 0.3238111655896727, -0.05301556484218629, 0.056497844344463435, 0.11660381416457882, 0.0025757099154858276, 0.0008020205646553885, 0.025221667553842354, 0.012060708080406058, -0.012854569103702732, 0.007720210051686168, -0.00020939947870248727, -0.002849002070895964, 0.0053772784767652645, -0.0027904099107657547, 0.0022059469422154995, 0.002759400123060163, 7.454938890578534e-05, 0.0011241359303020401, 0.0011061413492736603, 0.0009738257109338595, -0.00020175964659742158, 0.0010882959698999912, -0.0005471912358301502, -3.841115502148801e-06, 0.0005346606365467431, 0.00011822900016069815, -1.2716937756603964e-05, 0.00029292846563939924, -0.00011987704414730585, 6.848099473047159e-05, -0.0002613476966830028, 0.00036224739829790405, -0.0002625782796526803, 2.4901082767712766e-05, -0.0005497070447676186, -3.5881990853524024e-05]]
==============================
colrel_Epsilons
P1->P2
T_min:200.0 K    T_max:3000.0 K    P_min:0.0001 atm    P_max:10.0 atm
[[-11.465667643168274, -0.15193602579292365, 0.23698531246274362, -0.3378497521509192, 0.17995750423550938, -0.29455453306384427, 0.42543271237957114, 0.01112877556237638, 0.014115730688468888, 0.32573231110156925, -0.05199589537533695, 0.05629531520571825, 0.11468535274346632, 0.0039663825671819326, -0.0008145622805512483, 0.02505871158677128, 0.01141137408101031, -0.012676714495717995, 0.008260053846596884, -0.0008298308404195416, -0.002215389804665287, 0.005301251292997156, -0.0023327253114148547, 0.002185540032768703, 0.0026040360545788372, 0.0005947530809908006, 0.0009826099347805825, 0.0011696020240930213, 0.0009764254337210357, -0.00017639643107445404, 0.0011657378263218389, -0.0009022043125911361, 1.937526612069061e-05, 0.0004495890713650903, -0.0003144178584858647, -0.0001421099279101424, 0.00030358279178723056, -0.00020771960313107826, 7.728079353123186e-05, -0.0002773076484261367, 0.0009090123368825, -0.00021088038247503291, 9.175239449970122e-05, -1.4816242034352906e-05, 9.257669095438982e-05]]
==============================
B2_Energy_1
P1->P2
T_min:200.0 K    T_max:3000.0 K    P_min:0.0001 atm    P_max:10.0 atm
[[-11.466445635159667, -0.15389862786291664, 0.2361160167838453, -0.33690378782891117, 0.18262154432610073, -0.2934936790377315, 0.4256060839270197, 0.010387930306993368, 0.014249037071454813, 0.3251239187803499, -0.05180534436589085, 0.055736802333459325, 0.1149159868008982, 0.0037438775289616462, -0.0006241063769598255, 0.02522053149472258, 0.011342282286858595, -0.012532710965817106, 0.008146953646903257, -0.0006671997309866813, -0.0023053027380913697, 0.005252176493932386, -0.00229931587314143, 0.0021432385828282167, 0.002649213509340214, 0.0005205382706412646, 0.001018089328033614, 0.0011977691986529066, 0.0009409903125778028, -0.0001534491984657864, 0.001145539555810096, -0.0008687151224200485, 2.5860718160427226e-06, 0.00043704845074473445, -0.0002951008308348061, -0.0001518522347104713, 0.00030429588144216145, -0.0002094635282488999, 7.731436530245358e-05, -0.0002623691694103916, 0.0008864906178865049, -0.00019860342549108697, 9.440810366252883e-05, -1.8944033175435804e-05, 9.423319603189709e-05]]
==============================
colrel_PowerOne
P1->P2
T_min:200.0 K    T_max:3000.0 K    P_min:0.0001 atm    P_max:10.0 atm
[[-11.467760255445125, -0.15547456525274, 0.23473998623463643, -0.33426447824956035, 0.18545148806593081, -0.2907436720273087, 0.42384676214275857, 0.008300291369654341, 0.012389136252184041, 0.3250199909684557, -0.05064871719729261, 0.055728497554340437, 0.11583136354671991, 0.003526311048055836, 0.000243481825906747, 0.024968968536404096, 0.011215641777822727, -0.012779735490921741, 0.007895501459488618, -0.0007264085545426009, -0.0025574373853327714, 0.005341807147562869, -0.002277331242217916, 0.0022264109672336194, 0.0026910273676561576, 0.0006709058615902086, 0.001076661436023537, 0.0011535127791338438, 0.0010266640870564426, -0.0001825897119501182, 0.0011930095858808598, -0.0010939073771566452, 2.3977022043584244e-05, 0.00043073536507711303, -0.000290885978486409, -0.00015996983320007332, 0.0003050466180399207, -0.00021089884731440825, 7.702931185999963e-05, -0.00031344470899444563, 0.0010554304015748272, -0.00022761568522998172, 0.00012467950592455539, -8.844671398717529e-05, 0.00011708893295282857]]
==============================
colrel_FactorOne
P1->P2
T_min:200.0 K    T_max:3000.0 K    P_min:0.0001 atm    P_max:10.0 atm
[[-11.460034763453594, -0.1475188406716244, 0.2428014220213028, -0.3441484140308244, 0.17231234591876432, -0.3012770343057339, 0.42384197224286685, 0.01554489079372397, 0.012942600709015087, 0.3290326415901351, -0.05328617094735726, 0.0593516099689986, 0.11404718152031502, 0.004317432908428537, -0.0013615557868252343, 0.02433789504203872, 0.011150073600492654, -0.013398360791250072, 0.008567384033288435, -0.0012306754610608781, -0.0019810165297677704, 0.005390154429747973, -0.001941316130555478, 0.0023096922966903233, 0.002473452614362607, 0.0009072409172320898, 0.0009010864217553833, 0.0011823353791299586, 0.0008215368284922602, -0.0001744580254508677, 0.0012947196677822665, -0.0012817434442569363, 9.538068394704539e-05, 0.0003723584842731551, -0.0001475227341484927, -0.00020108130255837067, 0.00028833598429032803, -0.0001426074072640309, 6.856032204146105e-05, -0.0003177701119299381, 0.0010619760464306586, -0.00022756591862199238, 0.00016055896803180894, -0.00017838708464857332, 0.000140374106800966]]
==============================
B8_Frequencies_1
P1->P2
T_min:200.0 K    T_max:3000.0 K    P_min:0.0001 atm    P_max:10.0 atm
[[-11.48406466872936, -0.15131546473917917, 0.2356206575171674, -0.35592260833096423, 0.18012670426926652, -0.29338382976000194, 0.4126266192208727, 0.009297317547930598, 0.0151366703093641, 0.31602772869827433, -0.05097847870853182, 0.05539427394796746, 0.10993001516982537, 0.004416802964964139, -0.0010672303370229564, 0.02362193461079581, 0.010995533100039654, -0.012348087164319111, 0.007821606399461528, -0.0009869946768659415, -0.0021062609253544684, 0.0051263724350889385, -0.002219884192862092, 0.0021005790119396107, 0.0026231819681846675, 0.0006601913066066093, 0.0009323887615941176, 0.0012604905236168452, 0.0009639978450720637, -0.00016972288910867167, 0.0012838655674435422, -0.0009299546291762545, 4.0774808294302726e-05, 0.0005002791407149034, -0.00031816906397590594, -0.00013923985431961384, 0.00036317404842941517, -0.00020723711825103929, 7.691275207389808e-05, -0.00026996880592225394, 0.0009166030886154518, -0.00021826733028040517, 0.00012408713006095739, -1.7381247880250263e-05, 9.537523530267338e-05]]
==============================
B2_ImaginaryFrequency_1
P1->P2
T_min:200.0 K    T_max:3000.0 K    P_min:0.0001 atm    P_max:10.0 atm
[[-11.41839476587038, -0.16902598992029555, 0.2272043426757032, -0.36159604199988776, 0.19781901756733727, -0.27816192552186336, 0.40232127709520477, 0.011444156707661074, 0.009096217562066676, 0.31717799399615426, -0.048203104522391994, 0.05018017770852785, 0.12256072297920592, -0.0017676506835181207, 0.0034520235509039607, 0.02972956852422654, 0.009443910991516891, -0.010425799208702059, 0.006841910985864937, 0.0018915036840743131, -0.003846250358984304, 0.003898091505362253, -0.0011025899068766232, 0.0011399476467049063, 0.002914997273266047, -0.0003060280925215202, 0.0014354421995127875, 0.0016729572327086701, 0.00022899188206193546, 0.0003331160187344869, 0.0010211322065468659, -0.0006341452008998177, -9.108905405319376e-05, 0.000228733777779586, 2.5433223650005398e-05, -0.0003524144096219146, 0.00023808013537641152, -0.00011747164631300131, 4.96623785417467e-06, -7.571761409714807e-05, 0.0006404238307331373, -5.255619806497223e-05, 0.00017145301463774527, -0.00011443285668171761, 0.00016316420536912642]]
==============================
B8_SymmetryFactor_1
P1->P2
T_min:200.0 K    T_max:3000.0 K    P_min:0.0001 atm    P_max:10.0 atm
[[-11.469097474365498, -0.15295213106202954, 0.23575115562589935, -0.3380275741559119, 0.1817825676412291, -0.29329072258086275, 0.42506026643336936, 0.009847073299896363, 0.014670595956998675, 0.3242186441532026, -0.051415976406665585, 0.05552820524622066, 0.11441451078706483, 0.003994655340480424, -0.0008003438921942075, 0.025256134998355353, 0.011183951280790772, -0.012442914743180428, 0.008241247977035158, -0.0007752934466628872, -0.0022329810232719237, 0.005246359521185936, -0.0022549985956176635, 0.0021195971609837515, 0.0026322541258044442, 0.0005686408131976647, 0.0009873607369653848, 0.0012062369325029725, 0.0009438443615947689, -0.00015678224616990196, 0.0011692345400223284, -0.0008875197495572137, 1.4902933916570345e-05, 0.00044442634563288103, -0.00029841915089407714, -0.0001489123573245366, 0.00030738656955171627, -0.00020698545567082366, 7.599647136425165e-05, -0.0002677354179482421, 0.00089463597361911, -0.00020435256924559734, 9.667410751129814e-05, -1.8854771424832843e-05, 9.443764010150581e-05]]
==============================
W1a_Frequencies_1
P1->P2
T_min:200.0 K    T_max:3000.0 K    P_min:0.0001 atm    P_max:10.0 atm
[[-11.479446964732599, -0.17611104294114094, 0.2220889372028274, -0.3200986452354521, 0.21106244192697, -0.2756141787785245, 0.425754473705226, 0.004871623035634187, 0.014318749885909319, 0.3176292166057733, -0.049875315160347114, 0.04878084908617889, 0.11803071322112764, -0.00048541759729716754, 0.0018317387560749675, 0.027045502098839554, 0.01113256975525957, -0.0108363162009106, 0.006795352432691851, 0.0018249784996555176, -0.0033128126331423463, 0.004631258420475485, -0.0019865106367664425, 0.001601125704091803, 0.0031711447185587393, -0.0006434646947692775, 0.0013912594774985834, 0.0015812917346523943, 0.00037036805840619225, 0.00014575330766250055, 0.0008391533991864063, -0.00016628818542888227, -0.00022094514872591356, 0.0003184450426108462, -6.156618740310226e-05, -0.00023571586474496373, 0.0002352951846482907, -0.00011356405750867963, 2.2850182205531553e-05, -9.368812518989388e-06, 0.00036308182260883615, -9.947650598456663e-06, 8.11486095938501e-05, 8.240227265900969e-06, 8.160864496137482e-05]]
==============================
W1a_Energy_1
P1->P2
T_min:200.0 K    T_max:3000.0 K    P_min:0.0001 atm    P_max:10.0 atm
[[-11.469236851013758, -0.1620728633162421, 0.23284613523735767, -0.33313847319944495, 0.1928831242339523, -0.28921841401083836, 0.4256539738604344, 0.008355971318572124, 0.014240531310379174, 0.3229317062482654, -0.05063802974731056, 0.05377521577993813, 0.11605805364641099, 0.001895501768860675, 0.00025182850568378434, 0.025735183470482127, 0.011475647176824819, -0.012033407669978794, 0.00760854511118355, 6.92390796659669e-05, -0.002740940683839419, 0.005137085858217259, -0.0023615360502382606, 0.0020298134519396065, 0.0028713439438410935, 0.00022815125130009288, 0.0012018719124662124, 0.0012276918944513898, 0.0005789731204919143, -0.00016535375904119882, 0.0010041811902602815, -6.800463510160028e-05, -4.4692265116645175e-05, 0.0004956693949992155, -0.0006371562515486304, -0.00013463290189123632, 0.0002495002609951229, 0.0001553019186138577, 6.569372953472809e-05, -0.00017185644813261895, 4.1901029625291346e-05, -0.00020541817025261468, 0.00010255456433311322, 0.00034733738156062226, 0.00014456568173928737]]
==============================
W1b_SymmetryFactor_1
P1->P2
T_min:200.0 K    T_max:3000.0 K    P_min:0.0001 atm    P_max:10.0 atm
[[-11.467615282797729, -0.15359807173529277, 0.23506849118607512, -0.33586284050717824, 0.1827366104910518, -0.2925376893491022, 0.4264131423906675, 0.009290203172346516, 0.01491093587650527, 0.3243387941581129, -0.05099392140867572, 0.055082924196834145, 0.11475577015457505, 0.003915877064759849, -0.0007578232180207551, 0.025527242859706957, 0.010972220801947723, -0.01228450193756182, 0.008193913870087843, -0.0007115832618189444, -0.002265678790802521, 0.005150135820774538, -0.0021639390172501468, 0.00206267443872103, 0.0026278070972950026, 0.0005490963529722784, 0.0010016648436456184, 0.001222999275799038, 0.0009081574371398411, -0.0001331031036540918, 0.0011601015568713149, -0.000890532293977902, 1.3973378482336529e-05, 0.0004197974143909454, -0.0002752299158113748, -0.00016586961470580077, 0.00030266165252759204, -0.00020766039771493976, 7.607708008350838e-05, -0.00026442469652654865, 0.000891229570386152, -0.00020000138999547808, 0.00010214029384766096, -2.7425591327555283e-05, 0.0001010251272105405]]
==============================
W1a_SymmetryFactor_1
P1->P2
T_min:200.0 K    T_max:3000.0 K    P_min:0.0001 atm    P_max:10.0 atm
[[-11.468668630016577, -0.16103386423103316, 0.2334766275154852, -0.3339170072805442, 0.19147708468166658, -0.29007431142126683, 0.4256125403537388, 0.009183226491299988, 0.014275367721130463, 0.3234650606185369, -0.05158156332891565, 0.05418059021505205, 0.11578779910912382, 0.0025328908366685308, 6.412120998557337e-05, 0.025616976055847906, 0.011277660743549758, -0.012169945232710642, 0.007745324442499176, 3.4525474374425326e-05, -0.002612167778419741, 0.0050997617171420866, -0.0021671511651129302, 0.0020174409652602633, 0.002811969391689284, 0.00021638259152571889, 0.00114322774258456, 0.0013112565794642184, 0.0007683857490448664, -6.438377405340043e-05, 0.001058200357753953, -0.0007242736251212958, -6.813888493297129e-05, 0.00038612681602618075, -0.0002030268796725693, -0.00019008098259548306, 0.0002844774291171644, -0.00018127435949719773, 6.170724764445312e-05, -0.00018834014639581832, 0.0007721444860808206, -0.00013802905075260046, 0.0001029231748905383, -3.8903649116334174e-05, 9.953606758233575e-05]]
==============================
B1_SymmetryFactor_1
P1->P2
T_min:200.0 K    T_max:3000.0 K    P_min:0.0001 atm    P_max:10.0 atm
[[-11.47037323800858, -0.15363671756884978, 0.23498587571480448, -0.3332594805475209, 0.18198035940179805, -0.2916895143753924, 0.42335651733746854, 0.010945541185944305, 0.013485223779751844, 0.32421420958143476, -0.05186454212235016, 0.055676032132193805, 0.11467714544853869, 0.0035354508168195186, -0.00043769311631186434, 0.024959138041142394, 0.011387223526175397, -0.012518286799580516, 0.007900279490974535, -0.0005879810057764428, -0.0023609619191686704, 0.005119087467098457, -0.0023117751604228645, 0.002131885562567753, 0.0025840927103830394, 0.0004916428002436258, 0.0010324011818893346, 0.0011538274094819707, 0.0009401974626066835, -0.00014756258440243528, 0.001107324160959235, -0.0008533507035438232, -6.843346754437101e-07, 0.00041921895023187177, -0.0002949610124681037, -0.00015363223456988544, 0.00029197560621421363, -0.00021171345685377672, 7.69666755127574e-05, -0.0002632452892028659, 0.0008801807898017478, -0.0001971257676202181, 8.94788709275255e-05, -1.5914676603447908e-05, 9.446050452092202e-05]]
==============================
colrel_Sigmas
P1->P2
T_min:200.0 K    T_max:3000.0 K    P_min:0.0001 atm    P_max:10.0 atm
[[-11.462589742177546, -0.14083098965273505, 0.24064739383301129, -0.34156416710240756, 0.16586400431353257, -0.2989176408314818, 0.4244125693244791, 0.013877640215055193, 0.01320382500491634, 0.32873168082785303, -0.052995719040594816, 0.0590280118464643, 0.1136350641505823, 0.005572523216151521, -0.0016302885510595401, 0.024134592428052746, 0.011971217409680143, -0.013477078349310365, 0.008798957260073521, -0.0018192771560989998, -0.0018048463798008513, 0.005660612703390541, -0.002724960024835587, 0.0024770163590336442, 0.0023814197138205435, 0.001010533277775179, 0.0008098212187567513, 0.0009673903252247669, 0.001276388380144737, -0.0003372930501891948, 0.0012593485409959034, -0.001057475383198788, 9.845197355514413e-05, 0.0005500947195021672, -0.00047673017584936293, -6.314102080181936e-05, 0.0003314639493671167, -0.0002473529173022422, 9.95069236856592e-05, -0.0003723297819661123, 0.0010509114595525894, -0.0002908558157418993, 6.367566811832721e-05, 3.2200723717615875e-05, 7.145336260383679e-05]]
