==============================
colrel_FactorOne
P3->P4
[[-0.35285656375072044, 0.15823739343551893, -0.06651166640086355, 0.4033168366373819, -0.10665910680743725, 0.07951463181063315, 0.0352231732756714, -0.11173835256233079, -0.01870929545100892, -0.06602258079590184, -0.031750675773737545, 0.029688600405603175, -0.061304369792076624, 0.13742643116010322, -0.018306237463143627, 0.008002574292249563, 0.03409265255426043, -0.03111559371679984, 0.04967775416599005, -0.1004880926629747, 0.014743933768170946, 0.026833717686376338, -0.056256572897786315, 0.03955500884948326, -0.03948146988799588, 0.07225560265133676, -0.014617432082965023, -0.05040825146174063, 0.07954515869859108, -0.046493993849646593, 0.06708648237292333, -0.10496774976470954, 0.03905433624744638, -0.002363983675867591, 0.0017994316388114976, 0.0035549581094000238, -0.002484499266836722, 0.006657361573182816, 0.0034511768223303625, -0.04639062773002535, 0.06800926861794736, -0.034997498362757104, 0.043614859598152665, -0.0649766020385324, 0.027623358920316088]]
P3->P5
[[-0.004442836231104763, 0.0047957731478395944, -0.003707057899531469, 0.005770346871033731, -0.006240632897033255, 0.00481438602200988, -0.0013367561629547382, 0.0014114117183944414, -0.0011207739697071987, -0.000366160895525277, 0.0004060265852240212, -0.00029717518359179904, 9.28261178039251e-06, -3.0302862959443056e-05, 2.839291505236474e-07, -3.545815543988054e-05, 4.4053330025489955e-05, -1.9786323305603846e-05, 2.4443771074757466e-05, -3.4935946395853155e-05, 1.4612358369682718e-05, -4.392241997728171e-06, 3.290583560236565e-06, -1.1046777933521169e-07, -1.4906011902387788e-05, 2.353317775941358e-05, -7.847844893867633e-06, 3.5857063234388794e-05, -5.1891102841380263e-05, 2.5348025093417092e-05, -3.7890927236420476e-05, 5.74638146572654e-05, -2.244741864156828e-05, 5.026023808259707e-05, -7.013069724404052e-05, 3.329359880773165e-05, -5.9494823969047414e-05, 8.493024582939967e-05, -3.826433753037678e-05, 2.6836354858955743e-05, -3.6907433854051397e-05, 1.6578036801867654e-05, -3.801812855610607e-05, 5.4102086026363175e-05, -2.656408767048771e-05]]
P3->W3
[[0.22008167988664182, -0.009923850543890406, 0.011383556208153619, 0.3054986151819514, 0.13465532401987462, -0.00042790950019652274, 0.20208061379258813, -0.19201502732946368, 0.04084100396709714, -0.11235120553326196, -0.03175970234084562, -0.10486778711233352, 0.0738444752186807, -0.35466172797076273, 0.09695735031151229, 0.06367644109282473, -0.18824080177162628, 0.10847292512082422, 0.03285527961646853, -0.02690052716031495, 0.08931673769970483, -0.08355426597351154, 0.1965030778200648, -0.026049011002650793, -0.13488478042372384, 0.2613379541815815, -0.09780933410119874, -0.020617942504002968, 0.03597232960052579, -0.01494033179868589, 0.004258715834712489, -0.005950931870040738, -0.010230302873753485, 0.10230638331198573, -0.1785940863667514, 0.08567185789806127, -0.01676859993975143, 0.03493883336916322, -0.019191534083068063, 0.01729041013568984, -0.03425883979162603, 0.023275200776521916, -0.06903381378533997, 0.12142744822163644, -0.06230566195841458]]
P4->P5
[[-0.0049417819018723365, 0.0053482727574558535, -0.004117252993919173, 0.0065713155801985935, -0.00711818944270173, 0.00547443346710323, -0.0014318973907773945, 0.0015523530716492668, -0.0011920160260665213, -0.00026661553296007873, 0.0002712266605226418, -0.00022476905037273497, -9.240748229359245e-06, 1.784820981751183e-05, -5.860888893834573e-06, 4.3411422841500456e-05, -5.584118993845103e-05, 3.6222384546111256e-05, 2.534088919103705e-05, -3.209945980003903e-05, 2.1000877260468765e-05, 1.0493066268984018e-05, -1.1950859637697559e-05, 7.296191939019368e-06, 2.8848066034244667e-05, -3.9900602919459374e-05, 2.121030177787444e-05, -8.125218221259709e-07, 2.728781564396812e-06, 2.7247305586990034e-06, 2.8334477011916898e-05, -4.26820986140047e-05, 1.970353939179926e-05, 1.442877166878292e-06, 3.2423848561049345e-06, 2.506221451247402e-06, 3.360784323050972e-05, -5.109579843585015e-05, 2.7182543868232647e-05, -1.6186817843264747e-05, 2.6237524132558698e-05, -1.299248130503795e-05, 4.287665539826812e-05, -6.235757064473094e-05, 3.1131886305487e-05]]
P1->P3
[[0.1420505151914552, -0.0923310600658397, 0.09339499320811523, -0.23291350944197622, 0.14962310479392654, -0.14773677829301943, 0.11852577624099682, -0.07316800335193219, 0.064344031853372, -0.021237338489056203, 0.01252866108238409, -0.0011887492331590372, -0.013526139957759135, 0.004495497242212514, -0.013274257474863374, 0.005443665006348617, 0.0027274591510698097, 0.00215316653554252, 0.005198224316839253, -0.0069468881752660794, 0.0046074092124193285, -0.004785847138121999, 0.004144865327154392, -0.0027522253731929354, 0.0010455158218475487, -0.0011128713174776133, 0.00045820836713736363, 0.0005072712724569689, -0.00026847004531911845, 2.8430181639079653e-05, -0.0003174080191485861, 0.0004457388127140232, -0.00014444337638922874, -0.0008020899159909393, 0.001119757740877603, -0.00028259470384595466, 0.002017174686882637, -0.003103400449652549, 0.0012067920260877827, -0.0018912325807478537, 0.002863319870285583, -0.0013186781811257257, 0.0005650646859313703, -0.0007680414012128246, 0.00043972131449715354]]
W3->P5
[[6.12462487927553, -2.587984883379302, -0.5533803944360802, -4.462161053515776, 2.4036129809999807, 0.5590645591648742, -1.2936001240918436, 0.8943338790338262, -0.38978519208317103, 1.3924589339424012, -2.5010025263104927, 0.842195463067012, -0.2169541570663195, 0.07594965563181455, -0.002047566139052947, -1.3237196655833054, 1.8163042257490727, -0.5843850657809563, 0.7232873790039214, -0.9653357542938242, 0.3570382285442995, 0.41739287605075337, -0.4938737886995624, 0.18356986413142343, -0.6880562437521479, 1.0548173527584077, -0.34647277497509416, 0.18407577537527348, -0.1986517803393185, 0.08569069401644581, 0.22600321733977402, -0.3114719591047881, 0.12314020750718185, -0.20252242370185924, 0.3219270244692278, -0.13542497634102516, -0.07010556578825607, 0.07561473663647944, -0.027143699630169958, 0.15460993533856998, -0.2120756930975489, 0.05773201458790624, -0.11620310732536655, 0.14201428742894723, -0.0531587521840421]]
W3->P4
[[0.19113733227159888, 0.04440856737419551, 0.03420131408904543, 0.28334917933323267, 0.06292399634150955, 0.018504690469992684, 0.11352529947364619, -0.084534766180572, -0.028507312125792383, 0.03013124060871314, -0.1758238219869405, -0.03283096486766452, 0.049058302064867255, -0.22974582383650172, 0.03198544035071003, 0.05760880098172889, -0.15313732984458361, 0.06468416857536817, 0.020663721874438795, -0.04362118497190794, 0.06018256594552145, -0.02750290450361224, 0.05340678228416696, 0.03178200534051183, -0.05137088231902813, 0.09567156254698672, 0.0059541740041309694, -0.04763394716087661, 0.07693267927899639, -0.005780168385199989, -0.03472785173240105, 0.06537986828472085, -0.021852533024543586, -0.01574547727178703, 0.02185871990829332, -0.01749691533861519, -0.006006935114165218, 0.022520841734495808, -0.021939437827640997, 0.0019783551485363033, -0.00448063820524751, -0.007882315981221188, -0.00011947323922869478, 0.011763592668264482, -0.009090358417117866]]
W3->P1
[[0.4228573983218137, -0.05213471176669652, -0.06596392909656605, 0.06339840562351508, 0.002401331636964723, 0.06001017808061107, 0.008875113430505536, -0.15137950404877124, 0.07606313056955238, -0.058716712306828504, -0.014672890579189505, 0.0006888126268856, -0.01605540765698731, -0.038114055813465934, 0.010121958003487376, 0.015653020090934694, -0.011558416709068967, 0.008926774424925503, 0.04001751996934811, -0.030836010228989442, 0.02333792665243443, 0.03254852385991458, -0.02154370878764991, 0.02400734062618769, 0.010515075224324056, -0.002328162744633474, 0.016432506837745563, 0.0037809389578185196, -0.02239244071776389, 0.01943892678092047, -0.008660391555033568, 0.012709478534497411, 0.002540677899341784, 0.003925000903986384, -0.02041528596277347, 0.010665871414481637, -0.008531215529102281, 0.03154312692085278, -0.00987692738056902, 0.002500417033112583, -0.005029826812529144, 0.0015234764238314076, -0.009000438554595888, 0.03334657933216129, -0.012172816999358554]]
W3->P3
[[0.21957148314947206, -0.009441295185934144, 0.011297839506106341, 0.3046872955775231, 0.1353637751323703, -0.0005341719873795947, 0.20111076705840128, -0.19106096866584707, 0.04065100227188512, -0.11302368899190864, -0.031149864628279657, -0.10497341267175178, 0.07314451488492855, -0.3539632742590975, 0.09679952680468412, 0.06321449392722278, -0.1877961692935772, 0.10836060958975123, 0.03250901738508041, -0.0265605644414941, 0.089233566248922, -0.08385973885921538, 0.19683880009937407, -0.026164530733129198, -0.1350251166618915, 0.2614905975900466, -0.09786759058434767, -0.020726285866619214, 0.036094722899164496, -0.014990930856375408, 0.004303358632447372, -0.006009229826774476, -0.010240589409651744, 0.10224640186014711, -0.1785052601675362, 0.08562239848272912, -0.016649981091765725, 0.03479209269186077, -0.019165934025333415, 0.017251155061192437, -0.03419584569208718, 0.023241045563975656, -0.06896723181407419, 0.12134881547676334, -0.06230217109923533]]
P5->W3
[[6.125133630751651, -2.5884630869639818, -0.5533021739675636, -4.461337408062991, 2.402880666484949, 0.5591939688247304, -1.2926500850395615, 0.8934125100974132, -0.3896217667317579, 1.3931425519024248, -2.5016294092419997, 0.8423186699783892, -0.21625490239183456, 0.07525493829661721, -0.001893564172805549, -1.3232781392060122, 1.815889350217189, -0.5842854436954937, 0.7236608666585136, -0.9657146316517127, 0.35714534212661336, 0.4176409271399081, -0.494128633759427, 0.18364002559076564, -0.6879143383310996, 1.0546628074367081, -0.3464043611645717, 0.18419928309384803, -0.19879621128059494, 0.08574422536689406, 0.22593812917792008, -0.31138621132545485, 0.12313844662889951, -0.20245934561989473, 0.3218379465033101, -0.13538332881016857, -0.0702111451469458, 0.07573909637942093, -0.02715384848130944, 0.1546256797655536, -0.21210126717305708, 0.05774162151111091, -0.11629223805121036, 0.14212148458108156, -0.05317454506046372]]
P1->W3
[[0.4233619259761723, -0.052604658586822416, -0.06588314790729242, 0.06419880391110454, 0.0017034773772346028, 0.06011235261863392, 0.009856215156766587, -0.15234340888801576, 0.07625759391028647, -0.05804825962637204, -0.01528154535988546, 0.0007972400811001523, -0.015384998001879573, -0.03876453098701335, 0.01026388213825625, 0.016133148384498818, -0.012032302033171, 0.009054388055583352, 0.0403701224738374, -0.03118128547013951, 0.023426224778699618, 0.03282894131482838, -0.021848443792590117, 0.02410643900520877, 0.010654933356872271, -0.00247586997286714, 0.016496412927102206, 0.003898228704317042, -0.022527175302410638, 0.019494576553349668, -0.008679806040675185, 0.01272900237402969, 0.0025662920060284954, 0.003958537466035289, -0.020459605798861098, 0.0106974421551052, -0.008635019646460703, 0.0316595787518916, -0.009892686655891842, 0.002485950016822159, -0.005005349643524723, 0.0015201424468933406, -0.009056197363188977, 0.03340239154389535, -0.012166645463284397]]
P4->W3
[[0.1916342639666885, 0.04395417709807962, 0.03428131933390806, 0.2842277616687735, 0.06209959448144564, 0.01865131587852776, 0.11440662933846416, -0.08534536847296269, -0.028369287727756005, 0.030840075745864868, -0.17649969819199116, -0.03270895635652878, 0.04973009366740851, -0.2303944869961449, 0.03213240816855339, 0.05805322280237877, -0.1535613076061558, 0.06478043007501946, 0.021072164855917196, -0.0440526641208142, 0.06031407442183477, -0.027250187358294195, 0.05314745690865622, 0.031863478213154106, -0.05118099828657241, 0.09544519104662978, 0.006048508629709469, -0.047558872648765724, 0.07686643706312832, -0.005748694954964276, -0.03471635268359724, 0.06534373454196644, -0.021812309842689403, -0.015734861769922455, 0.021854069273111107, -0.017475280421142873, -0.006090044231116404, 0.02260798863897284, -0.021946597695475037, 0.0019933334948774293, -0.004503006399704307, -0.007866286284518239, -0.00017269872606783565, 0.011818458427635382, -0.009084319713232498]]
P1->P4
[[-0.1085839195168941, 0.028301701235543566, -0.0702557604156525, 0.14171352137485627, -0.021814173310591857, 0.08829934413920695, -0.01999966305810298, -0.02184227649586589, -0.007021804381414589, -0.02216866972980483, 0.017903114208757762, -0.016904108578152464, 0.005105602172164178, 0.0014310231780084867, 0.002565565925791658, 0.0048761201780728415, -0.0035322706989754254, 0.0036523457599919105, -7.279308044004192e-05, -0.0015032917622803874, 0.00034971765096723117, -0.0007378542947040337, 0.00022253781241868146, -0.00047994061445808374, -8.033033434815784e-05, 0.0005251760996802545, -0.0001522475198670835, 0.00016728479405365317, 7.241785234510522e-05, 0.00015090994900805526, -6.069390561416945e-05, -1.7201962295267554e-06, -5.610492265156016e-05, -4.373883657455569e-06, 1.0893573002810076e-05, 6.524828244371207e-06, -0.00023945215975015096, 0.0003131495899105625, -0.0002270265229529792, -0.00013201469499701595, 0.00015533688227815204, -6.222369488923357e-05, -0.00013669178134810697, 0.0001021744478344267, -0.00014079087010625873]]
P1->P5
[[0.002724713161612829, -0.00294871851806059, 0.0022659126006999326, -0.002202074080721014, 0.002354358785773777, -0.0018378803039187238, -0.0019402959924714358, 0.001994955758605973, -0.001640186628341466, -0.0006709215508438345, 0.0006873548318890669, -0.0005657184875889581, -0.0001993482267636165, 0.0001330670895463128, -0.0001808895156390466, -8.893331861624099e-05, 4.94578492169231e-05, -7.604437919386808e-05, -2.3096133016229345e-05, -4.3428572056043104e-05, -3.052432273481519e-05, -2.0599543040029147e-05, -3.0480353910281533e-05, -1.7224027627065684e-05, 2.7057471496213815e-05, -6.691857261237357e-05, 2.0600991164259563e-05, 5.2086161170308276e-05, -0.00011545785393928447, 4.071651542439191e-05, 6.383877564658813e-05, -7.029220477614095e-05, 5.763285425680209e-05, 5.9596542248051795e-05, -0.00010105182641530826, 5.02788556972288e-05, 6.444036422246225e-05, -4.587300746685817e-05, 5.961230033091168e-05, 2.6888034557876818e-05, -4.256827166565469e-05, 2.3513934320853707e-05, 2.188842106639352e-06, 3.874386344450708e-05, 1.2027403312256447e-05]]
