==============================
colrel_Epsilons
P3->P4
T_min:200 K    T_max:3000 K    P_min:0.0001 atm    P_max:100 atm
[[-27.106501573941564, 8.881784197001252e-16, 4.179026896374212e-15, 8.922906991879998, -1.4344084003660155e-14, 7.35958286630543e-15, 1.1741407747573298, -2.2879895779282628e-14, 9.807174607088826e-15, 0.32817999573067713, 6.001883470758651e-14, -3.410011145420887e-14, 0.09120975591526621, -6.483459362937957e-14, 2.2668840441180335e-14, 0.12800210680182522, 1.4638365657345927e-14, -1.3553284553381052e-14, 0.09211000670371032, -2.1344236877456938e-14, 2.3704474685133366e-14, 0.009295952049767492, 1.5014759214166874e-14, -4.3406979875220603e-14, -0.022344032796393784, 1.8815283320939832e-14, -1.3973923838991569e-14, -0.007381840407931843, 1.0423567391436436e-14, -1.9251283844374205e-14, 0.0033975294923165767, -1.4199518308994673e-14, 5.953294967241917e-15, 0.0010542635059731169, 1.69784377982112e-14, -2.4658886676557036e-15, 1.8598810152206436e-06, -2.441117746199697e-14, 1.4767132088254273e-14, 0.0029467927116714077, 9.027776607193247e-16, -2.4439648683339713e-14, 0.0030747275317179234, 6.4726883971153204e-15, 7.632517375348672e-15]]
P3->P5
T_min:200 K    T_max:3000 K    P_min:0.0001 atm    P_max:100 atm
[[-26.035820703589795, -5.1958437552457326e-14, 2.5596287968876836e-14, 12.072700295932252, 9.828243307170206e-14, -5.0053834664132734e-14, 0.031187798997016652, -1.4060703207116492e-13, 7.804928147574607e-14, 0.04483538279076707, 1.6201687587590287e-13, -8.614549028706336e-14, 0.04852320247970189, -1.4823388355360679e-13, 6.487612509876504e-14, 0.03523110048151327, 9.086811887412664e-14, -5.187547038384766e-14, 0.02073757706999629, -9.759693151264049e-14, 6.695627392693332e-14, 0.010597448438157282, 7.641841514562301e-14, -7.677882369314567e-14, 0.004820188855071729, -3.889292186290789e-14, 2.044557064019212e-14, 0.0019225382883818459, 5.024390843328905e-14, -3.9999725554230845e-14, 0.000722540534413981, -4.294290144327547e-14, 1.9089871895254397e-14, 0.00022847962230803753, 3.70857155269804e-14, -1.4346538487165478e-14, 0.0001289853732285304, -3.5116442688728414e-14, 1.9699310990308094e-14, 2.1452941868373103e-05, 8.694721425458093e-15, -2.6378063859510968e-14, 9.851463897960854e-05, 3.075279785712354e-15, 9.433563245611002e-15]]
P3->W3
T_min:200 K    T_max:3000 K    P_min:0.0001 atm    P_max:100 atm
[[-24.40021399558695, 4.218847493575595e-14, -3.013153279202248e-14, 4.893575744239998, -6.961314544528757e-14, 4.939634782637141e-14, 0.33347660392518136, 4.6848041994988735e-14, -3.973860725502879e-14, 0.5487595882035067, 1.0478910933137723e-14, -6.232731815524991e-15, 0.5484392349477377, -2.5452966528809368e-14, 4.900444892970684e-15, 0.25206313686467663, -3.239873041662209e-14, 2.2025686563426224e-14, -0.007702291266676197, 8.492073624936172e-15, 3.5913582402220805e-15, -0.10782154598082118, -1.380371443941472e-15, -3.146172072883453e-14, -0.09089968750558414, 2.909717695944997e-14, -2.1938445710803994e-14, -0.03468504697953787, 8.479106956251881e-15, -1.7192510096587372e-14, -0.006192506068577939, -6.952018189776254e-15, 4.56343818122308e-16, 0.010487280586625248, 6.724580692861342e-15, -7.07712642555731e-16, -0.00023332438877088547, -1.4141601423032238e-14, 1.0967536077215371e-14, 0.0030564086483104483, -4.668622776848225e-15, -2.2340367009217404e-14, -0.0055279635077980374, 1.3689982206299188e-14, 2.1965448715360407e-15]]
P4->P5
T_min:200 K    T_max:3000 K    P_min:0.0001 atm    P_max:100 atm
[[-34.00512093185658, -3.108624468950438e-14, 1.947839065629294e-14, 19.577522510364666, 7.261466319728509e-14, -4.084903288810071e-14, 0.16413886170351635, -1.2210067476674172e-13, 7.684571954749767e-14, 0.12039323540147558, 1.1047673534918933e-13, -5.970261683590266e-14, 0.08669105556206491, -1.0112711486017243e-13, 3.5282799537562495e-14, 0.052170387542996445, 5.0024778592651435e-14, -3.126646723029201e-14, 0.027135969858258526, -7.086438146333415e-14, 5.729241247379627e-14, 0.012636737746795875, 6.257361784073803e-14, -7.511503943942297e-14, 0.005418191180917182, -3.2401365714456037e-14, 1.2550681648644109e-14, 0.0021281068499377307, 4.285580352552703e-14, -3.8638451450997606e-14, 0.0009709017937530928, -3.3028198903324403e-14, 1.0607600750284984e-14, 0.00039115079643619927, 1.9987952835412743e-14, -5.63038871705274e-17, 0.0003495063633725001, -1.4965336517176504e-14, 5.232155237130024e-15, 9.688358473308469e-05, -1.6087749648766468e-14, -1.4620780148890892e-14, 0.00019573467062622524, 1.7531265171405775e-14, 2.9102432591326525e-15]]
P5->W3
T_min:200 K    T_max:3000 K    P_min:0.0001 atm    P_max:100 atm
[[-17.92376954983347, -1.4099832412739488e-14, 8.83060683436914e-16, 1.8019743759593407, 3.227249578492395e-14, -7.389135563563316e-15, 0.2802804690174027, -4.768947271823271e-14, 1.570096059388723e-14, 0.4211515027651479, 8.661658159339677e-14, -4.7717102252026824e-14, 0.3821690513992108, -9.107929490133803e-14, 4.415047416959055e-14, 0.21934226521990235, 4.3798352212849276e-14, -2.187084653270223e-14, 0.09208087592256427, -4.976980252372352e-14, 3.4332531956443994e-14, 0.03256744593025738, 4.856961999676522e-14, -5.2996719480696456e-14, -0.0001870507255739147, -1.8767062596302518e-14, 7.426360225456903e-15, -0.02244804058440302, 3.789696150330275e-14, -3.2764977425290834e-14, -0.03576962983101016, -2.8109913548948648e-14, 1.534063971856176e-14, -0.04454384938356933, 1.7958282346982867e-14, -1.0294384487540418e-14, -0.033634672711838356, -1.8553288678257632e-14, 1.5429155423978318e-14, -0.02401095760770213, -3.975265544506488e-16, -2.048652119139412e-14, -0.004835882877697921, 8.749719429620319e-15, 3.5524432676117824e-15]]
P2->W3
T_min:200 K    T_max:3000 K    P_min:0.0001 atm    P_max:100 atm
[[-42.47307834918737, -2.930988785010413e-14, 9.107887981719524e-15, 12.96175869332003, 8.816100642203694e-14, -4.1621018287147847e-14, -0.5611029695815832, -1.1069587355965687e-13, 4.692405296213323e-14, 0.10041382328549232, 1.7413384706738478e-13, -9.187890053648723e-14, 0.44513117932175955, -1.8292600350963161e-13, 8.533737058790062e-14, 0.35237231533831165, 7.708789876057251e-14, -3.683859265412517e-14, 0.1299368014733691, -1.1043317669075538e-13, 7.998157078855508e-14, -0.04100191071347902, 1.0376075030944438e-13, -1.1838393077742702e-13, -0.08644728958990618, -3.556544834097103e-14, 1.6370741369089138e-14, -0.030126408277776927, 7.020522762255399e-14, -6.197911465619261e-14, -0.011087279403418311, -4.448379907965146e-14, 1.890616444053129e-14, 0.03682520156954403, 1.5282500735526913e-14, -4.137854708603659e-15, -0.002062029733586226, -1.4513886812734803e-14, 1.1298470031509787e-14, 0.017727538121375216, -2.0851752614111053e-14, -2.928628542417297e-14, -0.02129973696255407, 3.046950205929774e-14, 1.0956836945192416e-15]]
P1->P2
T_min:200 K    T_max:3000 K    P_min:0.0001 atm    P_max:100 atm
[[-11.716094523765653, -6.300515664747763e-15, -2.751257052548285e-16, -0.03643377256237776, 1.6379119506048546e-14, -2.151552092574927e-15, 0.41161492379, -2.5831534759035892e-14, 5.581032137618968e-15, 0.2620491121860371, 5.792264647192356e-14, -3.3779738819198475e-14, 0.11631046432654994, -6.118650197498183e-14, 3.0866265142748756e-14, 0.04033495073211755, 2.7166309381296437e-14, -1.3051183233009563e-14, 0.010410856182102498, -3.120481047801962e-14, 2.1041492723880805e-14, 0.002051746070225289, 3.134012766134852e-14, -3.488130213288782e-14, 0.0011790091989167361, -9.079106458477592e-15, 1.8669189874707965e-15, 0.001490309407916468, 2.2733177209090565e-14, -2.0594839971363876e-14, 0.0017269191118157664, -1.5375138842343353e-14, 8.193917843541505e-15, 0.0005042132644369383, 7.611365505338711e-15, -2.7268168580836042e-15, 0.0001994493033921716, -7.918544369914872e-15, 7.568690930331995e-15, -0.00038049960007794726, -3.144856200712509e-15, -1.205778853287383e-14, 0.00019655447732726985, 8.246957463253534e-15, -4.65163076383877e-16]]
P1->P3
T_min:200 K    T_max:3000 K    P_min:0.0001 atm    P_max:100 atm
[[-15.392811714289286, -5.162537064506978e-15, -1.1598400817117084e-15, 1.0749289358981602, 1.1932913724951093e-14, 1.686019864502919e-15, 0.7931101566026447, -2.3736901625560694e-14, 2.2737534755427186e-15, 0.260147902350534, 6.667319405486239e-14, -3.929580779201178e-14, 0.07355543131556515, -6.968154161885499e-14, 3.481471335929622e-14, 0.038192047471458455, 2.6859035197513714e-14, -1.3723940720520069e-14, 0.02354142164738395, -3.4235663290680526e-14, 2.4273466562418084e-14, 0.010567995586982857, 3.614112792999553e-14, -4.2630743348214054e-14, 0.0032823577331505156, -8.558137135750283e-15, 8.039291285403759e-16, 0.0017413486179214412, 2.7913688444989706e-14, -2.4732659090905418e-14, 0.0013787602546312789, -2.049040662702001e-14, 9.780765330150421e-15, 0.0009815469969112667, 1.1601335558561872e-14, -4.161936684178275e-15, 0.0003553008251974527, -1.4045391149094194e-14, 1.0662831196650472e-14, 0.0002597368791987411, -4.599661003581877e-16, -1.6895855520613914e-14, 0.00013848849340513498, 8.993505911222617e-15, 1.3263409315816793e-15]]
P2->P3
T_min:200 K    T_max:3000 K    P_min:0.0001 atm    P_max:100 atm
[[-45.77705419786539, -3.197442310920451e-14, 2.3716367690272442e-14, 16.429259138775755, 3.0993109993001445e-14, -1.7330297526244936e-14, 0.7671084900445349, -6.364530336879798e-14, 2.6452335033227338e-14, 0.830134048740857, 1.1636947516849606e-13, -6.82050278606076e-14, 0.32941059781224413, -1.2550842922939612e-13, 4.838279964935729e-14, -0.05171342487229206, 4.944846204702856e-14, -3.123776038521348e-14, -0.23823299596861872, -5.835873100395262e-14, 4.995757050210605e-14, -0.16969902558872682, 4.7306286571201316e-14, -8.327640859798788e-14, -0.011974089002582504, 3.148519305220251e-15, -8.687014083176962e-15, 0.040821114622485846, 3.807424320161087e-14, -4.3149895413631035e-14, 0.07461308426474599, -3.256858256135134e-14, 1.3056350816597707e-14, -0.0352215344546724, 2.7782368974463824e-14, -8.164050473631149e-15, -0.009877337066742231, -3.7093940848265767e-14, 2.2276739229926623e-14, -0.0579503161216218, -3.1619333046229094e-15, -3.7378881148778757e-14, 0.02102383255378458, 1.700830584378061e-14, 8.650260466337477e-15]]
P1->W3
T_min:200 K    T_max:3000 K    P_min:0.0001 atm    P_max:100 atm
[[-13.608638169071048, -3.1086244689504383e-15, -5.6104338499659465e-15, -1.437470576745013, 1.1398671402434773e-14, 4.7623522890625044e-15, 0.0053356954431045675, -2.0831395527847045e-14, -6.839086670290634e-16, 0.24730967742982238, 6.619552712468145e-14, -3.858110508436322e-14, 0.21663901478241765, -7.019397789230227e-14, 3.546631294593497e-14, 0.07649634954158578, 2.900308285101091e-14, -1.3733969836644768e-14, -0.021479709602130137, -3.457831026476087e-14, 2.4069326464564974e-14, -0.06870860297223742, 3.6095237474301355e-14, -4.1080823943869117e-14, -0.06395360565618578, -6.088624995379556e-15, -1.2086322454511372e-15, -0.01849140116736628, 2.421002238005341e-14, -2.207238684263765e-14, -0.005882026724630669, -1.4307393028035934e-14, 7.343611655554745e-15, 0.021984750464473464, 2.4242654560373117e-15, 1.0710902949060963e-15, -0.0017812213104517647, -4.8414035206007084e-15, 6.393471141553641e-15, 0.010986683197739705, -6.613912139451963e-15, -1.3797084795305495e-14, -0.011983260494203849, 1.3994881627339532e-14, -3.2856064268620103e-15]]
P2->P4
T_min:200 K    T_max:3000 K    P_min:0.0001 atm    P_max:100 atm
[[-47.51918697587097, -1.2967404927621828e-13, 7.843632182837124e-14, 17.222198187160686, 2.1805284501263546e-13, -1.1014226206355772e-13, 0.18564312627026225, -2.442264559033225e-13, 1.234375151373251e-13, 0.6593128497217798, 3.082943376224818e-13, -1.7439643178796598e-13, 0.3971315249906963, -2.8953880087491153e-13, 1.3921901918779728e-13, 0.04097181045152212, 1.7311482328493578e-13, -9.477264939917925e-14, -0.191050829046317, -1.9337908156618987e-13, 1.268444973898376e-13, -0.1508868085821404, 1.7019882869097006e-13, -1.5677878828588847e-13, -0.01721694155446108, -1.0904559368063736e-13, 5.6841513896188454e-14, 0.02222011128707762, 1.3029571030804414e-13, -1.0213858648710487e-13, 0.04768110122452014, -1.0092446718821644e-13, 5.387406083743333e-14, -0.0400536030666081, 6.56856959765112e-14, -2.968218373107716e-14, -0.006825117114725354, -4.71355448943451e-14, 3.001001119864482e-14, -0.04201708812449259, -5.655841777057195e-15, -3.948796644242098e-14, 0.026519294505113113, 1.918011628107053e-14, 7.444315765949117e-15]]
P1->P4
T_min:200 K    T_max:3000 K    P_min:0.0001 atm    P_max:100 atm
[[-16.09070539553401, 1.2836953722228372e-15, -5.1236860313902776e-15, 0.5542269218700022, 5.437067503308664e-16, 9.884631882461712e-15, 0.4883058286279626, -1.5047944163373148e-14, -3.993050303234502e-15, 0.17207858233699405, 6.086644601689354e-14, -3.534805159165895e-14, 0.09398555908513846, -6.657509094326355e-14, 3.187201146185635e-14, 0.10148391424009601, 2.210479671901495e-14, -9.64555174631057e-15, 0.07853535146806168, -3.0829323756173496e-14, 2.3696397118691944e-14, 0.0381935391367147, 3.228182932430945e-14, -4.147011379754946e-14, 0.008957314224145752, -4.470184112174609e-15, -1.3987206776918696e-15, -0.0054870230025370085, 2.509513383164304e-14, -2.3899286888252943e-14, -0.0058734207972088075, -1.7795583183860067e-14, 8.838320785954154e-15, -0.007358719308222159, 9.324091108692104e-15, -3.388742890727771e-15, -0.0018879953644395813, -1.159910309725546e-14, 1.0513617726106155e-14, -0.002412733109405843, -3.2723986820860464e-15, -1.6730505214089658e-14, 0.0016767055664938563, 1.063454981327923e-14, 4.0063299380512655e-16]]
P1->P5
T_min:200 K    T_max:3000 K    P_min:0.0001 atm    P_max:100 atm
[[-15.134926475852678, -1.354472090042691e-14, 4.090869993750238e-15, 3.6297656559054263, 2.091386771109061e-14, -5.3158522962692766e-15, -0.20293876937634625, -3.580361191222303e-14, 1.3547845851056827e-14, -0.08348865325172457, 6.502471926331181e-14, -3.6781461592681804e-14, -0.016242348245189157, -7.060848017632109e-14, 3.5095965524311204e-14, 0.006445888306038847, 3.4068390384851807e-14, -1.8778861745812097e-14, 0.010175905895114848, -3.658042939014724e-14, 2.6504080129732715e-14, 0.007824747237247215, 3.2279781939412974e-14, -3.984225811746607e-14, 0.004713056872387559, -9.546692283515942e-15, 2.2214808241996235e-15, 0.0025631315718216267, 2.335191577363935e-14, -2.173262445328976e-14, 0.0009564475036429497, -1.78881939659889e-14, 7.929195644379385e-15, 0.0005122923978551, 1.4105004101257535e-14, -5.014484331334501e-15, -0.00011097250185844034, -1.4868230320078833e-14, 1.0032504506765612e-14, 3.8104802591707076e-05, 1.5672620175758725e-16, -1.4895215034846433e-14, -0.00014764542448189924, 6.267847075771053e-15, 2.101934594790101e-15]]
P2->P5
T_min:200 K    T_max:3000 K    P_min:0.0001 atm    P_max:100 atm
[[-49.19960590095372, -1.2612133559741778e-13, 7.033082515755416e-14, 23.303593836290982, 2.4132708119687174e-13, -1.2465785757524605e-13, -0.11760067193233431, -2.6485174009541076e-13, 1.2760621383339284e-13, -0.0463695506028241, 3.188885844878889e-13, -1.750263865596155e-13, -0.019100081806568303, -2.98030997339094e-13, 1.4197549908512622e-13, -0.017923014102058963, 1.716708239642801e-13, -9.51932015109869e-14, -0.023374091158859286, -1.8684573360703762e-13, 1.2801428819662194e-13, -0.024560094149721688, 1.5447115240180169e-13, -1.5453604239368737e-13, -0.021294906551034422, -6.83152675957087e-14, 3.7114810752525736e-14, -0.016972697886236073, 7.501439714793292e-14, -6.742957721869286e-14, -0.010303696283407528, -4.3773675225006405e-14, 1.651701588272595e-14, -0.006935483286183655, 1.5487206202542026e-14, 2.2379041995996337e-15, -0.002078077418598177, -8.82489413742012e-15, 3.635242789266392e-15, -0.0015446383575917358, -2.883685518426728e-14, -2.4797937735462505e-14, 0.0008113104084885245, 3.7013665685231234e-14, -1.863764438346628e-15]]
P4->W3
T_min:200 K    T_max:3000 K    P_min:0.0001 atm    P_max:100 atm
[[-32.1318226031429, -7.771561172376096e-14, 4.9338358062212234e-14, 11.548762750429184, 1.1573784820731432e-13, -6.741025563360245e-14, 0.8532204360248501, -1.4869560263270538e-13, 8.906286109358544e-14, 0.3467560124921109, 1.5749628728193882e-13, -8.939964912132006e-14, 0.4010118715023858, -1.5091720942052655e-13, 7.221983620056985e-14, 0.24182504834261678, 7.356060985150357e-14, -4.792053077636293e-14, 0.04456501194550178, -7.879948460834948e-14, 5.5132266362925566e-14, -0.04051355625298169, 7.084550727133425e-14, -8.398613493261752e-14, -0.05102552548815501, -2.794099395378938e-14, 1.1509065015248262e-14, -0.04192171169045198, 5.0715373839297185e-14, -4.6452131406749565e-14, -0.02410641315696654, -3.6790727506902734e-14, 1.5069893724094263e-14, -0.016544933768874382, 2.003478158642243e-14, -5.493116099006196e-15, -0.0045573586622666, -1.6144770181179647e-14, 1.0319624961656141e-14, -0.003573596713360139, -1.3411672466339965e-14, -2.199007860310925e-14, 0.0026860423419374137, 1.9944974028696982e-14, 2.8841390618559453e-15]]
==============================
B13_Energy_1
P3->P4
T_min:200 K    T_max:3000 K    P_min:0.0001 atm    P_max:100 atm
[[-27.106501573941564, 8.881784197001252e-16, 4.179026896374212e-15, 8.922906991879998, -1.4344084003660155e-14, 7.35958286630543e-15, 1.1741407747573298, -2.2879895779282628e-14, 9.807174607088826e-15, 0.32817999573067713, 6.001883470758651e-14, -3.410011145420887e-14, 0.09120975591526621, -6.483459362937957e-14, 2.2668840441180335e-14, 0.12800210680182522, 1.4638365657345927e-14, -1.3553284553381052e-14, 0.09211000670371032, -2.1344236877456938e-14, 2.3704474685133366e-14, 0.009295952049767492, 1.5014759214166874e-14, -4.3406979875220603e-14, -0.022344032796393784, 1.8815283320939832e-14, -1.3973923838991569e-14, -0.007381840407931843, 1.0423567391436436e-14, -1.9251283844374205e-14, 0.0033975294923165767, -1.4199518308994673e-14, 5.953294967241917e-15, 0.0010542635059731169, 1.69784377982112e-14, -2.4658886676557036e-15, 1.8598810152206436e-06, -2.441117746199697e-14, 1.4767132088254273e-14, 0.0029467927116714077, 9.027776607193247e-16, -2.4439648683339713e-14, 0.0030747275317179234, 6.4726883971153204e-15, 7.632517375348672e-15]]
P3->P5
T_min:200 K    T_max:3000 K    P_min:0.0001 atm    P_max:100 atm
[[-26.035820703589795, -5.1958437552457326e-14, 2.5596287968876836e-14, 12.072700295932252, 9.828243307170206e-14, -5.0053834664132734e-14, 0.031187798997016652, -1.4060703207116492e-13, 7.804928147574607e-14, 0.04483538279076707, 1.6201687587590287e-13, -8.614549028706336e-14, 0.04852320247970189, -1.4823388355360679e-13, 6.487612509876504e-14, 0.03523110048151327, 9.086811887412664e-14, -5.187547038384766e-14, 0.02073757706999629, -9.759693151264049e-14, 6.695627392693332e-14, 0.010597448438157282, 7.641841514562301e-14, -7.677882369314567e-14, 0.004820188855071729, -3.889292186290789e-14, 2.044557064019212e-14, 0.0019225382883818459, 5.024390843328905e-14, -3.9999725554230845e-14, 0.000722540534413981, -4.294290144327547e-14, 1.9089871895254397e-14, 0.00022847962230803753, 3.70857155269804e-14, -1.4346538487165478e-14, 0.0001289853732285304, -3.5116442688728414e-14, 1.9699310990308094e-14, 2.1452941868373103e-05, 8.694721425458093e-15, -2.6378063859510968e-14, 9.851463897960854e-05, 3.075279785712354e-15, 9.433563245611002e-15]]
P3->W3
T_min:200 K    T_max:3000 K    P_min:0.0001 atm    P_max:100 atm
[[-24.400207188003986, -2.6645352591003757e-15, 3.884132358102244e-15, 4.893562897953628, -2.240690020356605e-14, 1.635777313550243e-14, 0.33348743182664775, 1.35486293726395e-15, -9.618634937087143e-15, 0.5487514431310491, 4.5308097937204444e-14, -2.5272166278087382e-14, 0.5484446732087804, -5.566042894725179e-14, 2.0401259069369523e-14, 0.25205993146013334, 6.4427772655693365e-15, -4.4876760700189866e-15, -0.00770062449913265, -1.7954518291272515e-14, 1.8638921071847386e-14, -0.10782233115824937, 2.344382479490885e-14, -4.5803090668645127e-14, -0.0908992522870853, 4.16016699928335e-15, -5.025586576180138e-15, -0.034685370506137424, 2.4120577039314277e-14, -2.5991987038187375e-14, -0.006192229270815915, -1.6744181442946892e-14, 5.348803314304728e-15, 0.010487017661568246, 7.927799487369459e-15, -8.97340298418853e-16, -0.00023307833508314602, -1.1628981775379374e-14, 9.781645716841678e-15, 0.0030562024507099148, -1.0777058229197303e-14, -1.9456993974364187e-14, -0.005527821046255918, 1.6049690447224588e-14, 9.985762962310565e-16]]
P4->P5
T_min:200 K    T_max:3000 K    P_min:0.0001 atm    P_max:100 atm
[[-34.00512093185658, -3.108624468950438e-14, 1.947839065629294e-14, 19.577522510364666, 7.261466319728509e-14, -4.084903288810071e-14, 0.16413886170351635, -1.2210067476674172e-13, 7.684571954749767e-14, 0.12039323540147558, 1.1047673534918933e-13, -5.970261683590266e-14, 0.08669105556206491, -1.0112711486017243e-13, 3.5282799537562495e-14, 0.052170387542996445, 5.0024778592651435e-14, -3.126646723029201e-14, 0.027135969858258526, -7.086438146333415e-14, 5.729241247379627e-14, 0.012636737746795875, 6.257361784073803e-14, -7.511503943942297e-14, 0.005418191180917182, -3.2401365714456037e-14, 1.2550681648644109e-14, 0.0021281068499377307, 4.285580352552703e-14, -3.8638451450997606e-14, 0.0009709017937530928, -3.3028198903324403e-14, 1.0607600750284984e-14, 0.00039115079643619927, 1.9987952835412743e-14, -5.63038871705274e-17, 0.0003495063633725001, -1.4965336517176504e-14, 5.232155237130024e-15, 9.688358473308469e-05, -1.6087749648766468e-14, -1.4620780148890892e-14, 0.00019573467062622524, 1.7531265171405775e-14, 2.9102432591326525e-15]]
P5->W3
T_min:200 K    T_max:3000 K    P_min:0.0001 atm    P_max:100 atm
[[-17.923769077077853, 6.050715484207103e-15, -6.852944893238795e-15, 1.801973459980451, -2.024935518980578e-14, 2.26392909478231e-14, 0.2802812972480558, -9.127732956261124e-16, -9.972447570796709e-15, 0.42115080742469485, 4.3546782761145924e-14, -2.4269468939703853e-14, 0.3821695868799375, -5.2103423587360305e-14, 2.2639928733827077e-14, 0.21934189853487382, 6.9442436636891226e-15, -4.99842080236872e-16, 0.09208108421178555, -1.90100557752267e-14, 1.6180986064750435e-14, 0.03256736783386204, 2.2998030441056365e-14, -3.8093868832834407e-14, -0.0001870694345323205, 2.1104628510069532e-15, -5.161312250413078e-15, -0.02244796515507391, 2.3267015787261543e-14, -2.414497318867245e-14, -0.035769726481121776, -2.0331144520250964e-14, 1.0893188222001182e-14, -0.04454375691739151, 1.4141148640403342e-14, -7.220142949599562e-15, -0.0336347431511371, -1.745015841216318e-14, 1.47059156890855e-14, -0.024010915808739507, 1.2096938337131788e-16, -2.0802412338365557e-14, -0.004835901256287796, 8.108106974438854e-15, 2.9821425321277337e-15]]
P2->W3
T_min:200 K    T_max:3000 K    P_min:0.0001 atm    P_max:100 atm
[[-42.49997930275035, -4.3520742565306136e-14, 2.0897826298815214e-14, 12.98580533388213, 7.043887194231014e-14, -2.263243895574373e-14, -0.5622056363007151, -9.885515922998572e-14, 3.043083624147676e-14, 0.10020479721155501, 1.9235227067054557e-13, -1.0630860181264e-13, 0.44705230081208974, -1.9235821520899707e-13, 8.714301788595441e-14, 0.3549318865082167, 9.527477900837023e-14, -5.24183256994411e-14, 0.13097985979612112, -1.1471857935638287e-13, 7.992916792837147e-14, -0.04131282230534885, 1.0010475817608237e-13, -1.1312951136689239e-13, -0.08715890254292669, -4.250312289140013e-14, 1.7122061615789078e-14, -0.030926602461274297, 7.507518400619608e-14, -6.393785865889245e-14, -0.011418819641734346, -6.57172773765021e-14, 2.845817318802128e-14, 0.036256306958228866, 4.8180542833909754e-14, -1.8617627497013175e-14, -0.0019344866056398846, -4.5890687241152276e-14, 2.7309041381019393e-14, 0.01749403061839146, 3.1404853175394225e-15, -3.9717211851447297e-14, -0.020873790146858057, 1.2735851520321616e-14, 1.0486080185334639e-14]]
P1->P2
T_min:200 K    T_max:3000 K    P_min:0.0001 atm    P_max:100 atm
[[-11.716094523765653, -6.300515664747763e-15, -2.751257052548285e-16, -0.03643377256237776, 1.6379119506048546e-14, -2.151552092574927e-15, 0.41161492379, -2.5831534759035892e-14, 5.581032137618968e-15, 0.2620491121860371, 5.792264647192356e-14, -3.3779738819198475e-14, 0.11631046432654994, -6.118650197498183e-14, 3.0866265142748756e-14, 0.04033495073211755, 2.7166309381296437e-14, -1.3051183233009563e-14, 0.010410856182102498, -3.120481047801962e-14, 2.1041492723880805e-14, 0.002051746070225289, 3.134012766134852e-14, -3.488130213288782e-14, 0.0011790091989167361, -9.079106458477592e-15, 1.8669189874707965e-15, 0.001490309407916468, 2.2733177209090565e-14, -2.0594839971363876e-14, 0.0017269191118157664, -1.5375138842343353e-14, 8.193917843541505e-15, 0.0005042132644369383, 7.611365505338711e-15, -2.7268168580836042e-15, 0.0001994493033921716, -7.918544369914872e-15, 7.568690930331995e-15, -0.00038049960007794726, -3.144856200712509e-15, -1.205778853287383e-14, 0.00019655447732726985, 8.246957463253534e-15, -4.65163076383877e-16]]
P1->P3
T_min:200 K    T_max:3000 K    P_min:0.0001 atm    P_max:100 atm
[[-15.392811714289286, -5.162537064506978e-15, -1.1598400817117084e-15, 1.0749289358981602, 1.1932913724951093e-14, 1.686019864502919e-15, 0.7931101566026447, -2.3736901625560694e-14, 2.2737534755427186e-15, 0.260147902350534, 6.667319405486239e-14, -3.929580779201178e-14, 0.07355543131556515, -6.968154161885499e-14, 3.481471335929622e-14, 0.038192047471458455, 2.6859035197513714e-14, -1.3723940720520069e-14, 0.02354142164738395, -3.4235663290680526e-14, 2.4273466562418084e-14, 0.010567995586982857, 3.614112792999553e-14, -4.2630743348214054e-14, 0.0032823577331505156, -8.558137135750283e-15, 8.039291285403759e-16, 0.0017413486179214412, 2.7913688444989706e-14, -2.4732659090905418e-14, 0.0013787602546312789, -2.049040662702001e-14, 9.780765330150421e-15, 0.0009815469969112667, 1.1601335558561872e-14, -4.161936684178275e-15, 0.0003553008251974527, -1.4045391149094194e-14, 1.0662831196650472e-14, 0.0002597368791987411, -4.599661003581877e-16, -1.6895855520613914e-14, 0.00013848849340513498, 8.993505911222617e-15, 1.3263409315816793e-15]]
P2->P3
T_min:200 K    T_max:3000 K    P_min:0.0001 atm    P_max:100 atm
[[-45.801687052545354, -3.4638958368304884e-14, 8.155481370329584e-15, 16.4540460438819, 1.1867949103510108e-13, -4.7067999163611155e-14, 0.7707406229847789, -1.2273157880397851e-13, 4.7622817631562824e-14, 0.8296301039090664, 2.177706092864066e-13, -1.2645529194913934e-13, 0.3264609933616582, -2.0405381945558073e-13, 9.56907602762273e-14, -0.05340756610938775, 9.649361178130587e-14, -5.489985729338085e-14, -0.23882115993359784, -1.2035404859284368e-13, 8.785475897081603e-14, -0.16859815787162458, 1.2286015978226045e-13, -1.296808901562416e-13, -0.010286970590973618, -6.35132919456438e-14, 3.259635812125692e-14, 0.04101980649724472, 9.729087061476476e-14, -7.90809029653692e-14, 0.07430404573329448, -6.892614579727908e-14, 3.206256182519925e-14, -0.036718773515262454, 3.4174735282045454e-14, -1.1777938719828126e-14, -0.009824365008272037, -2.5537372805058653e-14, 1.6089730870805664e-14, -0.05794713669643634, -1.966923593997053e-14, -2.634433828610192e-14, 0.02213425515930112, 3.2633761221450504e-14, -2.2853691712619617e-15]]
P1->W3
T_min:200 K    T_max:3000 K    P_min:0.0001 atm    P_max:100 atm
[[-13.608637979133144, 9.992007221626409e-15, -1.4584235814001202e-14, -1.4374709135256372, -1.4458883005512262e-14, 1.8790735989631157e-14, 0.00533593129308522, -4.987795920621094e-17, -1.2905615688921447e-14, 0.24730957344329216, 4.703782282889942e-14, -2.7924601380571357e-14, 0.21663899385617538, -5.311557265528785e-14, 2.6343776265685327e-14, 0.07649644263774229, 1.2880365943846345e-14, -4.439847791410592e-15, -0.021479803651799138, -2.100946055013732e-14, 1.611027118491635e-14, -0.06870856350738741, 2.4380460745545082e-14, -3.491163912127261e-14, -0.06395353888267515, 1.9005177650487626e-15, -5.837835461066215e-15, -0.018491571377553837, 1.810548341707196e-14, -1.765481341420114e-14, -0.005881785645764627, -9.814079069642665e-15, 4.9533416545527094e-15, 0.021984482934146836, 1.3997023092082718e-15, 1.317370341183113e-15, -0.0017809886188504664, -4.855874828092131e-15, 6.063980242417358e-15, 0.010986528412749918, -6.43249806781678e-15, -1.3965972040490797e-14, -0.011983183717683931, 1.2715925035884652e-14, -1.4625169333826759e-15]]
P2->P4
T_min:200 K    T_max:3000 K    P_min:0.0001 atm    P_max:100 atm
[[-47.52401877530533, -4.973799150320701e-14, 2.275472093345726e-14, 17.227532914441916, 7.609105628489008e-14, -3.044240291977942e-14, 0.1848589936140436, -1.2635759588221343e-13, 5.988671403979694e-14, 0.6598959801035104, 1.7278752605765931e-13, -8.830041586282499e-14, 0.39702565010179197, -1.7844640425235868e-13, 7.1019753121706e-14, 0.04064634902725231, 9.210947764139867e-14, -5.766671502399059e-14, -0.19125409128946258, -9.079784520219361e-14, 7.208134049025896e-14, -0.15094909693187553, 8.131890994112502e-14, -1.0722307489421276e-13, -0.017074066045546687, -2.8441759253986253e-14, 8.649866996089342e-15, 0.022293476443602647, 7.303341138245792e-14, -6.540319174234677e-14, 0.04775437931917066, -6.663781162921024e-14, 3.425150429523363e-14, -0.04017842704534971, 5.435108087183892e-14, -2.7476201564060787e-14, -0.006834026834842293, -5.059981579694549e-14, 3.6720061338810365e-14, -0.0420989029913312, 3.234058307303884e-15, -4.7994568648041696e-14, 0.026606829596978444, 1.556300038562273e-14, 1.3955236107273565e-14]]
P1->P4
T_min:200 K    T_max:3000 K    P_min:0.0001 atm    P_max:100 atm
[[-16.09070539553401, 1.2836953722228372e-15, -5.1236860313902776e-15, 0.5542269218700022, 5.437067503308664e-16, 9.884631882461712e-15, 0.4883058286279626, -1.5047944163373148e-14, -3.993050303234502e-15, 0.17207858233699405, 6.086644601689354e-14, -3.534805159165895e-14, 0.09398555908513846, -6.657509094326355e-14, 3.187201146185635e-14, 0.10148391424009601, 2.210479671901495e-14, -9.64555174631057e-15, 0.07853535146806168, -3.0829323756173496e-14, 2.3696397118691944e-14, 0.0381935391367147, 3.228182932430945e-14, -4.147011379754946e-14, 0.008957314224145752, -4.470184112174609e-15, -1.3987206776918696e-15, -0.0054870230025370085, 2.509513383164304e-14, -2.3899286888252943e-14, -0.0058734207972088075, -1.7795583183860067e-14, 8.838320785954154e-15, -0.007358719308222159, 9.324091108692104e-15, -3.388742890727771e-15, -0.0018879953644395813, -1.159910309725546e-14, 1.0513617726106155e-14, -0.002412733109405843, -3.2723986820860464e-15, -1.6730505214089658e-14, 0.0016767055664938563, 1.063454981327923e-14, 4.0063299380512655e-16]]
P1->P5
T_min:200 K    T_max:3000 K    P_min:0.0001 atm    P_max:100 atm
[[-15.134926475852678, -1.354472090042691e-14, 4.090869993750238e-15, 3.6297656559054263, 2.091386771109061e-14, -5.3158522962692766e-15, -0.20293876937634625, -3.580361191222303e-14, 1.3547845851056827e-14, -0.08348865325172457, 6.502471926331181e-14, -3.6781461592681804e-14, -0.016242348245189157, -7.060848017632109e-14, 3.5095965524311204e-14, 0.006445888306038847, 3.4068390384851807e-14, -1.8778861745812097e-14, 0.010175905895114848, -3.658042939014724e-14, 2.6504080129732715e-14, 0.007824747237247215, 3.2279781939412974e-14, -3.984225811746607e-14, 0.004713056872387559, -9.546692283515942e-15, 2.2214808241996235e-15, 0.0025631315718216267, 2.335191577363935e-14, -2.173262445328976e-14, 0.0009564475036429497, -1.78881939659889e-14, 7.929195644379385e-15, 0.0005122923978551, 1.4105004101257535e-14, -5.014484331334501e-15, -0.00011097250185844034, -1.4868230320078833e-14, 1.0032504506765612e-14, 3.8104802591707076e-05, 1.5672620175758725e-16, -1.4895215034846433e-14, -0.00014764542448189924, 6.267847075771053e-15, 2.101934594790101e-15]]
P2->P5
T_min:200 K    T_max:3000 K    P_min:0.0001 atm    P_max:100 atm
[[-49.200539850220146, -2.930988785010413e-14, 1.4057766958401967e-14, 23.30426781466391, 3.8221635491358886e-14, -1.7469445030650095e-14, -0.11741681602136644, -4.7962968763088656e-14, 2.6130555344120725e-15, -0.04633388724381764, 1.5043428466477683e-13, -7.359820379430815e-14, -0.01911436451876189, -1.5617073908459099e-13, 5.75849168229992e-14, -0.017949987651694397, 8.218448477616734e-14, -5.422952365246442e-14, -0.023396038072430392, -9.409400594097015e-14, 7.989973049708582e-14, -0.024573690330456945, 7.803177532210353e-14, -1.0574697356728541e-13, -0.02130176912082728, -2.7825236725157777e-14, 1.456127934947233e-14, -0.016974660760820444, 7.302994368153963e-14, -6.586831427025943e-14, -0.01030407295446892, -7.261317592599606e-14, 2.995302719464806e-14, -0.006934132102203727, 6.585337812089098e-14, -2.806225436750714e-14, -0.002078130700486426, -6.85233795013483e-14, 3.830341479911122e-14, -0.0015438727707645793, 1.6559864736627563e-14, -4.8649668351847024e-14, 0.000810822382710904, 5.164470488145101e-15, 1.7902531594266158e-14]]
P4->W3
T_min:200 K    T_max:3000 K    P_min:0.0001 atm    P_max:100 atm
[[-32.1318226031429, -7.771561172376096e-14, 4.9338358062212234e-14, 11.548762750429184, 1.1573784820731432e-13, -6.741025563360245e-14, 0.8532204360248501, -1.4869560263270538e-13, 8.906286109358544e-14, 0.3467560124921109, 1.5749628728193882e-13, -8.939964912132006e-14, 0.4010118715023858, -1.5091720942052655e-13, 7.221983620056985e-14, 0.24182504834261678, 7.356060985150357e-14, -4.792053077636293e-14, 0.04456501194550178, -7.879948460834948e-14, 5.5132266362925566e-14, -0.04051355625298169, 7.084550727133425e-14, -8.398613493261752e-14, -0.05102552548815501, -2.794099395378938e-14, 1.1509065015248262e-14, -0.04192171169045198, 5.0715373839297185e-14, -4.6452131406749565e-14, -0.02410641315696654, -3.6790727506902734e-14, 1.5069893724094263e-14, -0.016544933768874382, 2.003478158642243e-14, -5.493116099006196e-15, -0.0045573586622666, -1.6144770181179647e-14, 1.0319624961656141e-14, -0.003573596713360139, -1.3411672466339965e-14, -2.199007860310925e-14, 0.0026860423419374137, 1.9944974028696982e-14, 2.8841390618559453e-15]]
==============================
colrel_Factor
P3->P4
T_min:200 K    T_max:3000 K    P_min:0.0001 atm    P_max:100 atm
[[-27.130242149710536, -6.128431095930864e-14, 3.651235545660315e-14, 8.955560591881477, 1.1830327364397048e-13, -6.402849280616437e-14, 1.1686821743097735, -1.2151098137760156e-13, 6.034185648717947e-14, 0.3211537821831275, 1.597633172944474e-13, -9.230473666226081e-14, 0.09364534249749075, -1.5572260297863962e-13, 7.821957446004024e-14, 0.13083662145070588, 9.031201893994953e-14, -5.5136917347126735e-14, 0.09092483363665657, -8.909091170830077e-14, 6.083445972029011e-14, 0.007884152557754787, 7.856856985788328e-14, -8.044298745575508e-14, -0.021734593355415218, -3.427026796475063e-14, 1.6683429383601133e-14, -0.006565872332325114, 4.683937361327208e-14, -3.9936670053153156e-14, 0.0028890457844250325, -2.9357266048765356e-14, 1.0865993276541073e-14, 0.0008571086830258722, 1.0096925063133053e-14, 1.249493914774767e-15, 4.469334169892362e-05, -8.438150968609623e-15, 5.6537257619833545e-15, 0.0032709330380664803, -1.481613158253323e-14, -1.678064685940064e-14, 0.002838915267062134, 1.8554726629438044e-14, 1.0505347654091505e-15]]
P3->P5
T_min:200 K    T_max:3000 K    P_min:0.0001 atm    P_max:100 atm
[[-26.035839798304224, -4.085620730620576e-14, 2.7717938918569037e-14, 12.072723590494371, 6.281281375547985e-14, -3.5582174978340964e-14, 0.03118043428843463, -7.214728219353826e-14, 3.853141824606657e-14, 0.04483347016490088, 1.0482842103835837e-13, -6.327517773715661e-14, 0.04852242303346913, -1.0520456365517024e-13, 5.2795397458913554e-14, 0.03523061481123784, 4.7820956552508664e-14, -3.3416485326249223e-14, 0.02073689087496767, -4.9035219089730076e-14, 3.71769712859466e-14, 0.01059682146355311, 4.205920621741469e-14, -5.68564871214511e-14, 0.004820145544753427, -1.0968378040839062e-14, 2.847381365991532e-15, 0.001921736547144188, 2.902181317512132e-14, -2.856749504664955e-14, 0.0007228546141959569, -1.8677586371910343e-14, 4.86741132943079e-15, 0.00022808616138395442, 6.893900335461246e-15, 1.806249798878221e-15, 0.0001289739682643799, -5.972263921922965e-15, 1.0864723192359717e-15, 2.141723027145818e-05, -1.1537469544717246e-14, -1.4549954679488664e-14, 9.818735487880545e-05, 1.647614505553391e-14, 1.2500114470542614e-15]]
P3->W3
T_min:200 K    T_max:3000 K    P_min:0.0001 atm    P_max:100 atm
[[-24.3808097933902, -3.952393967665557e-14, 1.6080054011468276e-14, 4.928481390426265, 8.878405935173862e-14, -4.21714925179203e-14, 0.34221449123973563, -1.0488408925556178e-13, 4.7668178781084195e-14, 0.5435956629318603, 1.5002908090308355e-13, -8.144616304517421e-14, 0.5357184824453419, -1.5103492890324807e-13, 7.479674925315855e-14, 0.24447752681262627, 8.489793288341687e-14, -4.788974489615129e-14, -0.011073963731489207, -9.067526866124061e-14, 5.921856664202877e-14, -0.10639647193113913, 8.086717400493782e-14, -7.807916077719134e-14, -0.08710522180282253, -3.765269012722733e-14, 1.7360342437055684e-14, -0.03407230857079747, 5.67375466048036e-14, -4.5691720355983687e-14, -0.005029802626697362, -4.241600217093219e-14, 2.0616389977055796e-14, 0.007568627055135396, 2.370553638539072e-14, -1.0217317366629756e-14, 0.0004810038607419082, -2.1607607524680227e-14, 1.6116375666480935e-14, 0.001294121846005208, -4.6134656112407516e-15, -2.187574377142913e-14, -0.003488850833457867, 1.3223817170529829e-14, 3.511219292427306e-15]]
P4->P5
T_min:200 K    T_max:3000 K    P_min:0.0001 atm    P_max:100 atm
[[-34.00514118915106, -9.237055564881302e-14, 6.033773723946904e-14, 19.577549663425312, 1.2246892347266398e-13, -7.787609967070815e-14, 0.164132523265331, -1.4080914321974302e-13, 8.287938145596747e-14, 0.12039214649678179, 1.3118920779287293e-13, -7.500273591101915e-14, 0.08669106504599838, -1.2633329063852384e-13, 5.5773176765550376e-14, 0.0521705634667489, 6.173236120439091e-14, -4.620569748044732e-14, 0.02713579621222508, -6.152955413968882e-14, 4.910952903576832e-14, 0.012636893660587154, 4.598936439161808e-14, -6.818897730939628e-14, 0.005418438121139927, -9.935819617403078e-15, 5.078901855646151e-15, 0.002127942527534697, 2.5038927404068844e-14, -2.619947356373376e-14, 0.0009712356432136931, -1.7069554647570163e-14, 1.1422787627132231e-15, 0.00039071586210496053, 9.835165245076921e-15, 6.696424464001404e-15, 0.00034976350034470247, -6.0587353869877965e-15, -9.82737365495321e-17, 9.690343187534697e-05, -1.8064631322092132e-14, -1.2212050559139764e-14, 0.00019566045881083113, 1.8261196429378785e-14, 3.8422805934792786e-15]]
P5->W3
T_min:200 K    T_max:3000 K    P_min:0.0001 atm    P_max:100 atm
[[-17.453373694918497, -3.83026943495679e-15, -4.030661850969791e-15, 1.4717779362383545, 6.345856950515812e-15, 7.975094902151964e-15, 0.229001558311098, -2.1674148162385284e-14, -5.736980812325498e-16, 0.40360281135150383, 6.636239847216277e-14, -3.640637433470932e-14, 0.35648242129621305, -7.145100373380829e-14, 3.2355662566947655e-14, 0.21203827879252016, 2.73699744035766e-14, -1.3395044704660545e-14, 0.09972764531143825, -3.560632672315617e-14, 2.6157821967841956e-14, 0.03524189059652582, 3.656576900578435e-14, -4.505575140262628e-14, 0.001906795333814831, -1.0724051310973178e-14, 3.1245158349329643e-15, -0.01969979414487272, 3.1788807199618566e-14, -2.816251595324915e-14, -0.03483360258425455, -2.3036253947627778e-14, 1.1468427110986647e-14, -0.04380451002835252, 1.4025171927012534e-14, -7.344198483273583e-15, -0.033484450800022394, -1.493492766248323e-14, 1.3247865043494714e-14, -0.023474715296487796, -2.8068498985415455e-15, -1.8546517691840527e-14, -0.005508990742034563, 1.0518248339658603e-14, 1.7503099659615462e-15]]
P2->W3
T_min:200 K    T_max:3000 K    P_min:0.0001 atm    P_max:100 atm
[[-42.46643417636513, -8.970602038971265e-14, 4.6002664227006205e-14, 12.976861483976645, 1.6114633050131797e-13, -8.060320373729761e-14, -0.5493745029682509, -1.9195804492987455e-13, 9.58295546282346e-14, 0.10678800717945947, 2.4668534294728904e-13, -1.3652153905460295e-13, 0.44885694783587093, -2.3469736796873275e-13, 1.1092934505706911e-13, 0.35335162932672515, 1.2956889580379676e-13, -6.910370214659118e-14, 0.127994472918842, -1.4836732545555533e-13, 9.939112198857698e-14, -0.04365196184465689, 1.2686047593234832e-13, -1.2794720791432246e-13, -0.08794699087408393, -6.232511012411284e-14, 2.944595553919169e-14, -0.03076351006106748, 8.223504661275742e-14, -6.770968745410619e-14, -0.011004637612968098, -6.530324920461018e-14, 3.2662966542120814e-14, 0.03690851525174517, 3.856823756645646e-14, -1.514675628140558e-14, -0.0015733354284569153, -3.133623287352472e-14, 2.0787937265506263e-14, 0.01781765872269764, -9.941696977864751e-15, -3.399604601232919e-14, -0.021042568546055632, 2.1565594147285087e-14, 5.767691181662961e-15]]
P1->P2
T_min:200 K    T_max:3000 K    P_min:0.0001 atm    P_max:100 atm
[[-11.714658259130175, 1.0130785099704553e-14, -1.0976869249668087e-14, -0.038694779724437224, -1.4277808446171663e-14, 1.5471471325826573e-14, 0.41222430656560316, 4.259849908897871e-15, -1.1664271771584727e-14, 0.262365190761751, 3.0336782770248425e-14, -1.773810159743162e-14, 0.11622489479584397, -3.5918872745480334e-14, 1.6115203831221427e-14, 0.04018074507473293, 4.231685578074437e-15, -9.169092292680109e-17, 0.010357357744912412, -1.221594626813379e-14, 1.0621923716737068e-14, 0.002093658130802884, 1.5828405091087412e-14, -2.5296352750540608e-14, 0.001233960189725348, 3.573807294213298e-15, -5.473126290368575e-15, 0.0014930836581376744, 1.3232250436610856e-14, -1.3905425056167101e-14, 0.0017036360417514275, -9.229895078470563e-15, 4.244450973547408e-15, 0.00048419193807006696, 3.4087975751182216e-15, -8.762204866698555e-16, 0.00020490051389516293, -6.6540919048603666e-15, 6.864261334556491e-15, -0.00037490724126169997, -3.1830912318035818e-15, -1.1792306101987791e-14, 0.00020531312695732558, 8.255308883355906e-15, 6.428126977454131e-17]]
P1->P3
T_min:200 K    T_max:3000 K    P_min:0.0001 atm    P_max:100 atm
[[-15.394853115594833, 4.884981308350689e-15, -7.318382242152574e-15, 1.0779112173031147, -4.3333293376270716e-15, 1.182643341341522e-14, 0.7921596965300328, -8.847461544241017e-15, -6.207000683630127e-15, 0.2599643142568612, 5.0888538975850604e-14, -2.9783211216464293e-14, 0.07372024457248877, -5.471902622206175e-14, 2.5819705462934042e-14, 0.038247687400056754, 1.4868656611808174e-14, -6.230804856521137e-15, 0.023487187003216857, -2.296518320161383e-14, 1.77098482998889e-14, 0.01055152868715147, 2.4323584403229842e-14, -3.497883207319142e-14, 0.003293780745209565, -8.671131589931754e-16, -3.3198042970454576e-15, 0.0017472260157250627, 1.8882327529752193e-14, -1.9476561181182313e-14, 0.0013730225497111002, -1.5137530486971626e-14, 6.485629701583571e-15, 0.0009828182873129043, 6.0870101973926595e-15, -6.206581789260816e-16, 0.0003523482247447327, -7.931497352031239e-15, 7.423559079323506e-15, 0.00026231480199507916, -4.612347852917468e-15, -1.4128676218263517e-14, 0.00013782391461231055, 1.0522945732438833e-14, -2.2033977031870209e-16]]
P2->P3
T_min:200 K    T_max:3000 K    P_min:0.0001 atm    P_max:100 atm
[[-45.81889148103589, -9.325873406851315e-14, 5.648832632408474e-14, 16.47241595958959, 1.592600309726201e-13, -8.631781271783862e-14, 0.7718948186996359, -1.90437157940189e-13, 8.890481385785033e-14, 0.8300402556124457, 2.559565420624165e-13, -1.48646675705812e-13, 0.3243997309278559, -2.445126602902316e-13, 1.2401111390021218e-13, -0.05531771674429899, 1.270402148206748e-13, -7.241611245895536e-14, -0.2391250523598963, -1.2601691841978496e-13, 8.86718095608001e-14, -0.16718250592496167, 1.1197012233752521e-13, -1.2417894108511127e-13, -0.008846648189722195, -4.783278733617796e-14, 2.1570399698152823e-14, 0.04085720020792639, 7.629835902589773e-14, -6.763565427714591e-14, 0.07368979432881874, -5.49268938758024e-14, 2.4852504337931708e-14, -0.03777864897094076, 4.044232043692259e-14, -1.524472392452311e-14, -0.009585249811503915, -3.7239546184252986e-14, 2.6829030316057562e-14, -0.057785736493288754, -8.984525287333908e-15, -3.784123101462156e-14, 0.022930559158074366, 1.850819236559315e-14, 1.0631728144828697e-14]]
P1->W3
T_min:200 K    T_max:3000 K    P_min:0.0001 atm    P_max:100 atm
[[-13.567650985693096, -9.603429163007604e-15, -3.297714852651115e-15, -1.43427844737189, 3.1095562029377494e-14, -7.242731635627276e-15, -0.0037897523970053296, -4.240345819898686e-14, 1.1958268526177609e-14, 0.24140282306897767, 8.74048839440929e-14, -5.099168106540429e-14, 0.21332230877520822, -9.110736097213094e-14, 4.80441173863358e-14, 0.07724462890234808, 4.6491839209518316e-14, -2.40312767666898e-14, -0.02010307497768686, -4.9422963315371004e-14, 3.311536799937211e-14, -0.06782504654211423, 4.7360775242808735e-14, -4.701119761679385e-14, -0.0640389865794879, -1.5656073165719428e-14, 4.748301352026219e-15, -0.020198867272065456, 3.1687817270089146e-14, -2.499685173801076e-14, -0.006454824859384886, -2.183992690462065e-14, 1.2444859078140878e-14, 0.020844434244965685, 9.636624575224955e-15, -3.8885449617065465e-15, -0.0008799957436770257, -1.0309961098948499e-14, 9.103800678518525e-15, 0.010895553317181637, -2.5609786248712164e-15, -1.5335938835453476e-14, -0.010852545839983713, 1.0996517891869158e-14, -1.0776843997907237e-15]]
P2->P4
T_min:200 K    T_max:3000 K    P_min:0.0001 atm    P_max:100 atm
[[-47.55901506656863, -9.769962616701378e-14, 5.836747057219842e-14, 17.257312025014766, 1.8687426685258506e-13, -1.0890499594498088e-13, 0.19805367650127986, -2.19940773780599e-13, 1.232827849458105e-13, 0.6611023473683202, 2.4029447395055063e-13, -1.3203999472193258e-13, 0.3889751011333661, -2.327863099971958e-13, 1.0918661443800954e-13, 0.03511306892900181, 1.3338550750363001e-13, -7.700991116354234e-14, -0.19112068605726773, -1.391841845368836e-13, 9.722419075991337e-14, -0.14670694124347122, 1.210903758995306e-13, -1.3054518715305002e-13, -0.013398678913137146, -5.753793970419852e-14, 2.9167330239513164e-14, 0.021764194355617255, 8.332656930528011e-14, -7.27206891194801e-14, 0.045713347205872265, -6.672828469067585e-14, 2.997684046549286e-14, -0.042840375734586926, 4.772274624598094e-14, -2.2146855345856693e-14, -0.006283685381101123, -4.1025265047979155e-14, 2.4013339708832748e-14, -0.04107560475980051, -8.160879514486098e-15, -3.5166733263183364e-14, 0.028517816092824083, 1.82738467111011e-14, 1.0736210645581988e-14]]
P1->P4
T_min:200 K    T_max:3000 K    P_min:0.0001 atm    P_max:100 atm
[[-16.095814151929737, 8.049116928532385e-16, -6.578028724747072e-15, 0.5616972761203365, 6.386951818151304e-15, 6.2578818209198626e-15, 0.4858765499001161, -2.0654507401755063e-14, -9.900547827826667e-16, 0.17167132252318534, 6.502186695326839e-14, -3.828754159086251e-14, 0.09441358828387007, -7.058384193623567e-14, 3.3786072237146085e-14, 0.10159042344806997, 2.4850748404353926e-14, -1.0439546655452083e-14, 0.07843296356891123, -3.2451655554677576e-14, 2.323795643284708e-14, 0.038164690383830906, 3.3743281135131494e-14, -4.3455695646495995e-14, 0.008994007893846669, -5.0238543848064985e-15, -1.991647767800922e-15, -0.00547086011372641, 2.5440139775017722e-14, -2.470847028741887e-14, -0.005879401571476714, -1.6490581406290996e-14, 7.98867706321239e-15, -0.007359448117105399, 9.019089166978277e-15, -3.25605966101025e-15, -0.0018856587919062397, -1.103353266524322e-14, 1.0006245478419568e-14, -0.0024157573242913778, -4.110482868445015e-15, -1.7175873428715714e-14, 0.001673527138449241, 1.1347575468672882e-14, -5.681369742251174e-17]]
P1->P5
T_min:200 K    T_max:3000 K    P_min:0.0001 atm    P_max:100 atm
[[-15.134941183690449, 2.220446049250313e-16, -3.2025101899256554e-15, 3.6297109334170736, -3.3995957388150724e-15, 8.752014181227446e-15, -0.20299414668255564, -6.8543186197628416e-15, -4.822349433828109e-15, -0.08353002739612472, 3.601519950730254e-14, -1.960465790473736e-14, -0.01628032055205586, -4.04457331618745e-14, 1.5895393414966544e-14, 0.00641683201874942, 1.587389011543951e-15, 1.173483258404767e-15, 0.01015166712078736, -1.3410569396694985e-14, 1.3276817655355018e-14, 0.007806810237992293, 1.4339890729354053e-14, -2.911059809437441e-14, 0.004701892366705368, 4.3088262633095335e-15, -5.366331939165167e-15, 0.0025542752662357855, 1.17950140470758e-14, -1.5141814967425425e-14, 0.0009549621431118284, -7.966572494904265e-15, 3.550184080063698e-15, 0.000509576253745155, 1.9695805137023773e-15, 8.005567187396367e-16, -0.00010724346816852092, -3.2389896337139704e-15, 3.1995392031554784e-15, 3.791921557590841e-05, -8.196263621196459e-15, -1.0568284504192681e-14, -0.00014390129673133277, 1.107204306767495e-14, -1.0036993685725443e-16]]
P2->P5
T_min:200 K    T_max:3000 K    P_min:0.0001 atm    P_max:100 atm
[[-49.19955713214277, -2.220446049250313e-14, -2.684015637860941e-15, 23.303524893212305, 6.678869644954019e-14, -2.6392445655522596e-14, -0.117747038873042, -1.1564997710272816e-13, 5.135198179954047e-14, -0.046422414196737295, 1.8640900557361442e-13, -1.0181336655341369e-13, -0.019071898501825914, -1.9140352003863323e-13, 8.111718408753355e-14, -0.017945665246574292, 9.164341145108165e-14, -5.6267667888390444e-14, -0.02343350492395925, -9.625825001145662e-14, 7.826187869228087e-14, -0.024600031663417704, 6.495098798192454e-14, -1.0086776004455135e-13, -0.021303021289461644, -9.372109576919794e-15, -1.466693888755016e-15, -0.016970397634911743, 4.112119271569367e-14, -4.3822980385234546e-14, -0.01031996049811131, -4.404977518500282e-14, 1.4181780301344127e-14, -0.00694846960820046, 4.215205855300271e-14, -1.3195153183780812e-14, -0.002091771196961323, -4.335376048710028e-14, 2.1626124899142747e-14, -0.0015407355003123793, 6.040493432992102e-16, -4.2436963310129145e-14, 0.0008085011468632616, 1.213323549901498e-14, 1.5075935354669074e-14]]
P4->W3
T_min:200 K    T_max:3000 K    P_min:0.0001 atm    P_max:100 atm
[[-32.11402771175472, 2.6645352591003757e-15, -1.3460187808699411e-14, 11.576863771227988, 1.3322571840488416e-14, 1.080108083252392e-14, 0.8626971746885552, -2.1173082909767732e-14, -1.2672299264000685e-14, 0.3448644742687002, 9.360225222815451e-14, -5.048931029274876e-14, 0.3949439189938624, -9.47205974526364e-14, 3.4134595342900324e-14, 0.23740904441089838, 4.232920499815285e-14, -2.7696654124025116e-14, 0.04131129465131562, -5.005198541692572e-14, 3.9139168959331193e-14, -0.042739597394808114, 5.029335825599203e-14, -7.006020185515687e-14, -0.05231492673615544, -1.3311676063708519e-14, 4.185076429844025e-15, -0.042871672969455585, 4.190414944250767e-14, -4.0720130233698785e-14, -0.023559895044912422, -3.26997153485639e-14, 1.3588331091716119e-14, -0.01612121054580757, 1.7994955284068842e-14, -2.859600393612995e-15, -0.003121640638960308, -1.6716090183398552e-14, 1.088511178141103e-14, -0.0031369969790866264, -1.2051302485216517e-14, -2.1530945361897568e-14, 0.003526304418066624, 1.7298332055076953e-14, 3.0129709531373455e-15]]
==============================
W1a_Energy_1
P3->P4
T_min:200 K    T_max:3000 K    P_min:0.0001 atm    P_max:100 atm
[[-27.106501573941564, 8.881784197001252e-16, 4.179026896374212e-15, 8.922906991879998, -1.4344084003660155e-14, 7.35958286630543e-15, 1.1741407747573298, -2.2879895779282628e-14, 9.807174607088826e-15, 0.32817999573067713, 6.001883470758651e-14, -3.410011145420887e-14, 0.09120975591526621, -6.483459362937957e-14, 2.2668840441180335e-14, 0.12800210680182522, 1.4638365657345927e-14, -1.3553284553381052e-14, 0.09211000670371032, -2.1344236877456938e-14, 2.3704474685133366e-14, 0.009295952049767492, 1.5014759214166874e-14, -4.3406979875220603e-14, -0.022344032796393784, 1.8815283320939832e-14, -1.3973923838991569e-14, -0.007381840407931843, 1.0423567391436436e-14, -1.9251283844374205e-14, 0.0033975294923165767, -1.4199518308994673e-14, 5.953294967241917e-15, 0.0010542635059731169, 1.69784377982112e-14, -2.4658886676557036e-15, 1.8598810152206436e-06, -2.441117746199697e-14, 1.4767132088254273e-14, 0.0029467927116714077, 9.027776607193247e-16, -2.4439648683339713e-14, 0.0030747275317179234, 6.4726883971153204e-15, 7.632517375348672e-15]]
P3->P5
T_min:200 K    T_max:3000 K    P_min:0.0001 atm    P_max:100 atm
[[-26.035820703589795, -5.1958437552457326e-14, 2.5596287968876836e-14, 12.072700295932252, 9.828243307170206e-14, -5.0053834664132734e-14, 0.031187798997016652, -1.4060703207116492e-13, 7.804928147574607e-14, 0.04483538279076707, 1.6201687587590287e-13, -8.614549028706336e-14, 0.04852320247970189, -1.4823388355360679e-13, 6.487612509876504e-14, 0.03523110048151327, 9.086811887412664e-14, -5.187547038384766e-14, 0.02073757706999629, -9.759693151264049e-14, 6.695627392693332e-14, 0.010597448438157282, 7.641841514562301e-14, -7.677882369314567e-14, 0.004820188855071729, -3.889292186290789e-14, 2.044557064019212e-14, 0.0019225382883818459, 5.024390843328905e-14, -3.9999725554230845e-14, 0.000722540534413981, -4.294290144327547e-14, 1.9089871895254397e-14, 0.00022847962230803753, 3.70857155269804e-14, -1.4346538487165478e-14, 0.0001289853732285304, -3.5116442688728414e-14, 1.9699310990308094e-14, 2.1452941868373103e-05, 8.694721425458093e-15, -2.6378063859510968e-14, 9.851463897960854e-05, 3.075279785712354e-15, 9.433563245611002e-15]]
P3->W3
T_min:200 K    T_max:3000 K    P_min:0.0001 atm    P_max:100 atm
[[-24.40021399558695, 4.218847493575595e-14, -3.013153279202248e-14, 4.893575744239998, -6.961314544528757e-14, 4.939634782637141e-14, 0.33347660392518136, 4.6848041994988735e-14, -3.973860725502879e-14, 0.5487595882035067, 1.0478910933137723e-14, -6.232731815524991e-15, 0.5484392349477377, -2.5452966528809368e-14, 4.900444892970684e-15, 0.25206313686467663, -3.239873041662209e-14, 2.2025686563426224e-14, -0.007702291266676197, 8.492073624936172e-15, 3.5913582402220805e-15, -0.10782154598082118, -1.380371443941472e-15, -3.146172072883453e-14, -0.09089968750558414, 2.909717695944997e-14, -2.1938445710803994e-14, -0.03468504697953787, 8.479106956251881e-15, -1.7192510096587372e-14, -0.006192506068577939, -6.952018189776254e-15, 4.56343818122308e-16, 0.010487280586625248, 6.724580692861342e-15, -7.07712642555731e-16, -0.00023332438877088547, -1.4141601423032238e-14, 1.0967536077215371e-14, 0.0030564086483104483, -4.668622776848225e-15, -2.2340367009217404e-14, -0.0055279635077980374, 1.3689982206299188e-14, 2.1965448715360407e-15]]
P4->P5
T_min:200 K    T_max:3000 K    P_min:0.0001 atm    P_max:100 atm
[[-34.00512093185658, -3.108624468950438e-14, 1.947839065629294e-14, 19.577522510364666, 7.261466319728509e-14, -4.084903288810071e-14, 0.16413886170351635, -1.2210067476674172e-13, 7.684571954749767e-14, 0.12039323540147558, 1.1047673534918933e-13, -5.970261683590266e-14, 0.08669105556206491, -1.0112711486017243e-13, 3.5282799537562495e-14, 0.052170387542996445, 5.0024778592651435e-14, -3.126646723029201e-14, 0.027135969858258526, -7.086438146333415e-14, 5.729241247379627e-14, 0.012636737746795875, 6.257361784073803e-14, -7.511503943942297e-14, 0.005418191180917182, -3.2401365714456037e-14, 1.2550681648644109e-14, 0.0021281068499377307, 4.285580352552703e-14, -3.8638451450997606e-14, 0.0009709017937530928, -3.3028198903324403e-14, 1.0607600750284984e-14, 0.00039115079643619927, 1.9987952835412743e-14, -5.63038871705274e-17, 0.0003495063633725001, -1.4965336517176504e-14, 5.232155237130024e-15, 9.688358473308469e-05, -1.6087749648766468e-14, -1.4620780148890892e-14, 0.00019573467062622524, 1.7531265171405775e-14, 2.9102432591326525e-15]]
P5->W3
T_min:200 K    T_max:3000 K    P_min:0.0001 atm    P_max:100 atm
[[-17.92376954983347, -1.4099832412739488e-14, 8.83060683436914e-16, 1.8019743759593407, 3.227249578492395e-14, -7.389135563563316e-15, 0.2802804690174027, -4.768947271823271e-14, 1.570096059388723e-14, 0.4211515027651479, 8.661658159339677e-14, -4.7717102252026824e-14, 0.3821690513992108, -9.107929490133803e-14, 4.415047416959055e-14, 0.21934226521990235, 4.3798352212849276e-14, -2.187084653270223e-14, 0.09208087592256427, -4.976980252372352e-14, 3.4332531956443994e-14, 0.03256744593025738, 4.856961999676522e-14, -5.2996719480696456e-14, -0.0001870507255739147, -1.8767062596302518e-14, 7.426360225456903e-15, -0.02244804058440302, 3.789696150330275e-14, -3.2764977425290834e-14, -0.03576962983101016, -2.8109913548948648e-14, 1.534063971856176e-14, -0.04454384938356933, 1.7958282346982867e-14, -1.0294384487540418e-14, -0.033634672711838356, -1.8553288678257632e-14, 1.5429155423978318e-14, -0.02401095760770213, -3.975265544506488e-16, -2.048652119139412e-14, -0.004835882877697921, 8.749719429620319e-15, 3.5524432676117824e-15]]
P2->W3
T_min:200 K    T_max:3000 K    P_min:0.0001 atm    P_max:100 atm
[[-42.47287887393363, -3.552713678800501e-15, 1.0327331691494075e-15, 12.962596741141617, 2.637271956747471e-14, -1.0879856445554064e-14, -0.5620197786161408, -5.741718851731505e-14, 1.7183687553319728e-14, 0.09928688977780481, 1.442754919334428e-13, -8.370285036118962e-14, 0.443237742204878, -1.5522561913316494e-13, 7.51732511698577e-14, 0.3516907793925262, 5.878803476170467e-14, -3.31863008131216e-14, 0.13031561526972546, -7.631489991204334e-14, 5.812867565119642e-14, -0.03980135623151435, 7.21242179095547e-14, -9.603224490804447e-14, -0.08542670317638855, -1.7130323834984517e-14, 1.0860893859833338e-15, -0.030428122092714994, 6.9025836185868e-14, -5.847254413262028e-14, -0.011663112239493083, -5.85213853199115e-14, 2.6118184551146846e-14, 0.035844102449572715, 4.851077542454551e-14, -2.063788590167001e-14, -0.0018423393351674475, -5.048898470415153e-14, 2.991367630093883e-14, 0.017912903076423715, 7.360933023285062e-15, -4.310884266744545e-14, -0.02059828861138393, 1.2754499161161197e-14, 1.0480627065315942e-14]]
P1->P2
T_min:200 K    T_max:3000 K    P_min:0.0001 atm    P_max:100 atm
[[-11.717493986412444, -5.162537064506978e-15, -1.8395399687481163e-15, -0.0344113679890956, 1.0695527102170871e-14, 7.417045180281004e-16, 0.41114357562947895, -2.0618804300932003e-14, 3.105231896902309e-15, 0.26169771588347573, 5.245124726261963e-14, -3.0744147305751375e-14, 0.11642319992415709, -5.6289235112491816e-14, 2.7805882502001163e-14, 0.04047162883722531, 2.2360319753505126e-14, -1.0193316683483824e-14, 0.010398976810303205, -2.8251644367636253e-14, 2.0059912025536714e-14, 0.0019566921619404566, 2.8154578698474458e-14, -3.2963848894898686e-14, 0.0011638933970327394, -6.684982780803686e-15, 4.358995505476514e-16, 0.0015851881712091512, 2.1295408234527894e-14, -1.854463048857989e-14, 0.0017028770636469768, -1.5406187225821313e-14, 8.750390189103084e-15, 0.00045744991572560875, 7.122348401605037e-15, -2.8085464912169498e-15, 0.0001262037411328404, -8.38547555767155e-15, 7.144497795613236e-15, -0.00029386865341774995, -2.342309527925699e-15, -1.2547073464344684e-14, 0.0002207855155466564, 8.115876180472066e-15, 2.507739813465814e-16]]
P1->P3
T_min:200 K    T_max:3000 K    P_min:0.0001 atm    P_max:100 atm
[[-15.392811714289286, -5.162537064506978e-15, -1.1598400817117084e-15, 1.0749289358981602, 1.1932913724951093e-14, 1.686019864502919e-15, 0.7931101566026447, -2.3736901625560694e-14, 2.2737534755427186e-15, 0.260147902350534, 6.667319405486239e-14, -3.929580779201178e-14, 0.07355543131556515, -6.968154161885499e-14, 3.481471335929622e-14, 0.038192047471458455, 2.6859035197513714e-14, -1.3723940720520069e-14, 0.02354142164738395, -3.4235663290680526e-14, 2.4273466562418084e-14, 0.010567995586982857, 3.614112792999553e-14, -4.2630743348214054e-14, 0.0032823577331505156, -8.558137135750283e-15, 8.039291285403759e-16, 0.0017413486179214412, 2.7913688444989706e-14, -2.4732659090905418e-14, 0.0013787602546312789, -2.049040662702001e-14, 9.780765330150421e-15, 0.0009815469969112667, 1.1601335558561872e-14, -4.161936684178275e-15, 0.0003553008251974527, -1.4045391149094194e-14, 1.0662831196650472e-14, 0.0002597368791987411, -4.599661003581877e-16, -1.6895855520613914e-14, 0.00013848849340513498, 8.993505911222617e-15, 1.3263409315816793e-15]]
P2->P3
T_min:200 K    T_max:3000 K    P_min:0.0001 atm    P_max:100 atm
[[-45.77715837760352, 7.993605777301127e-15, 4.211995981240625e-15, 16.428783255268016, -4.898706846107371e-14, 3.6792899937129946e-14, 0.7680652760866891, 5.373768472741246e-16, -1.701904511131859e-14, 0.8301106900259835, 8.42733198626117e-14, -4.194204631567789e-14, 0.32908301654544175, -9.345448862827616e-14, 2.949653068693495e-14, -0.05233810756997335, 1.1348342969256232e-14, -1.0028776037481344e-14, -0.23794823158772707, -3.209624407591263e-14, 3.4629469980202116e-14, -0.16908500403914548, 3.6228063837095385e-14, -7.743075227567264e-14, -0.011925875878301583, 5.265408780964921e-16, -3.0579137172248967e-15, 0.04052884180303117, 5.309430092679873e-14, -5.567113683971935e-14, 0.07398122074248761, -5.72605332648094e-14, 2.868469781902192e-14, -0.03485991066763931, 5.5611664551047444e-14, -2.5009406876467845e-14, -0.009714010697500244, -6.166795487484607e-14, 3.7641720985348635e-14, -0.05764134098009258, 1.4574656376799464e-14, -4.780560930892794e-14, 0.020599147709341573, 8.400025825089171e-15, 1.3668807978647413e-14]]
P1->W3
T_min:200 K    T_max:3000 K    P_min:0.0001 atm    P_max:100 atm
[[-13.608638169071048, -3.1086244689504383e-15, -5.6104338499659465e-15, -1.437470576745013, 1.1398671402434773e-14, 4.7623522890625044e-15, 0.0053356954431045675, -2.0831395527847045e-14, -6.839086670290634e-16, 0.24730967742982238, 6.619552712468145e-14, -3.858110508436322e-14, 0.21663901478241765, -7.019397789230227e-14, 3.546631294593497e-14, 0.07649634954158578, 2.900308285101091e-14, -1.3733969836644768e-14, -0.021479709602130137, -3.457831026476087e-14, 2.4069326464564974e-14, -0.06870860297223742, 3.6095237474301355e-14, -4.1080823943869117e-14, -0.06395360565618578, -6.088624995379556e-15, -1.2086322454511372e-15, -0.01849140116736628, 2.421002238005341e-14, -2.207238684263765e-14, -0.005882026724630669, -1.4307393028035934e-14, 7.343611655554745e-15, 0.021984750464473464, 2.4242654560373117e-15, 1.0710902949060963e-15, -0.0017812213104517647, -4.8414035206007084e-15, 6.393471141553641e-15, 0.010986683197739705, -6.613912139451963e-15, -1.3797084795305495e-14, -0.011983260494203849, 1.3994881627339532e-14, -3.2856064268620103e-15]]
P2->P4
T_min:200 K    T_max:3000 K    P_min:0.0001 atm    P_max:100 atm
[[-47.51891361645678, -4.618527782440651e-14, 3.2238134622183234e-14, 17.220372698421116, 9.424145071820092e-14, -5.866700893383692e-14, 0.18801883952974086, -1.4314026344852934e-13, 8.028414255201693e-14, 0.659485608260387, 2.094583357172064e-13, -1.2081649123953252e-13, 0.3963666429139055, -2.061305062095661e-13, 9.331839726152926e-14, 0.03910974975770566, 1.0939396586451483e-13, -6.322738405697664e-14, -0.19028214820683695, -1.1613111589640864e-13, 8.242865238753568e-14, -0.14909537459151812, 9.819106006913946e-14, -1.142190322914006e-13, -0.01707865003620645, -4.824156226744123e-14, 2.465141355497816e-14, 0.021368281649162654, 8.757065923340006e-14, -7.550483825939221e-14, 0.04594297736529762, -7.810802136415514e-14, 4.047420295943319e-14, -0.039017272934688485, 6.459874710698265e-14, -2.9306241458359076e-14, -0.00636738131001497, -6.403612879167051e-14, 3.901725520116493e-14, -0.041151053319556936, 1.024134866909641e-14, -4.814143127408261e-14, 0.025364274969743483, 1.1061735814011484e-14, 1.133635461838214e-14]]
P1->P4
T_min:200 K    T_max:3000 K    P_min:0.0001 atm    P_max:100 atm
[[-16.09070539553401, 1.2836953722228372e-15, -5.1236860313902776e-15, 0.5542269218700022, 5.437067503308664e-16, 9.884631882461712e-15, 0.4883058286279626, -1.5047944163373148e-14, -3.993050303234502e-15, 0.17207858233699405, 6.086644601689354e-14, -3.534805159165895e-14, 0.09398555908513846, -6.657509094326355e-14, 3.187201146185635e-14, 0.10148391424009601, 2.210479671901495e-14, -9.64555174631057e-15, 0.07853535146806168, -3.0829323756173496e-14, 2.3696397118691944e-14, 0.0381935391367147, 3.228182932430945e-14, -4.147011379754946e-14, 0.008957314224145752, -4.470184112174609e-15, -1.3987206776918696e-15, -0.0054870230025370085, 2.509513383164304e-14, -2.3899286888252943e-14, -0.0058734207972088075, -1.7795583183860067e-14, 8.838320785954154e-15, -0.007358719308222159, 9.324091108692104e-15, -3.388742890727771e-15, -0.0018879953644395813, -1.159910309725546e-14, 1.0513617726106155e-14, -0.002412733109405843, -3.2723986820860464e-15, -1.6730505214089658e-14, 0.0016767055664938563, 1.063454981327923e-14, 4.0063299380512655e-16]]
P1->P5
T_min:200 K    T_max:3000 K    P_min:0.0001 atm    P_max:100 atm
[[-15.134926475852678, -1.354472090042691e-14, 4.090869993750238e-15, 3.6297656559054263, 2.091386771109061e-14, -5.3158522962692766e-15, -0.20293876937634625, -3.580361191222303e-14, 1.3547845851056827e-14, -0.08348865325172457, 6.502471926331181e-14, -3.6781461592681804e-14, -0.016242348245189157, -7.060848017632109e-14, 3.5095965524311204e-14, 0.006445888306038847, 3.4068390384851807e-14, -1.8778861745812097e-14, 0.010175905895114848, -3.658042939014724e-14, 2.6504080129732715e-14, 0.007824747237247215, 3.2279781939412974e-14, -3.984225811746607e-14, 0.004713056872387559, -9.546692283515942e-15, 2.2214808241996235e-15, 0.0025631315718216267, 2.335191577363935e-14, -2.173262445328976e-14, 0.0009564475036429497, -1.78881939659889e-14, 7.929195644379385e-15, 0.0005122923978551, 1.4105004101257535e-14, -5.014484331334501e-15, -0.00011097250185844034, -1.4868230320078833e-14, 1.0032504506765612e-14, 3.8104802591707076e-05, 1.5672620175758725e-16, -1.4895215034846433e-14, -0.00014764542448189924, 6.267847075771053e-15, 2.101934594790101e-15]]
P2->P5
T_min:200 K    T_max:3000 K    P_min:0.0001 atm    P_max:100 atm
[[-49.19959979576176, -8.43769498715119e-14, 5.314735783634923e-14, 23.30355977241543, 1.9234278793049544e-13, -1.1933722947107614e-13, -0.11759038158379768, -2.173365683686052e-13, 1.2858339425123104e-13, -0.04639826602670229, 2.4517157932846177e-13, -1.3840900703515376e-13, -0.019098867819127025, -2.3306500634087544e-13, 1.109029788092726e-13, -0.01794564553636777, 1.2868444246054814e-13, -7.336032197474586e-14, -0.023383561465434903, -1.3101608849937786e-13, 9.552639120759624e-14, -0.024570666267329816, 1.1782634602606998e-13, -1.3394068737097878e-13, -0.02131334547382421, -5.621647774521853e-14, 3.010549052758282e-14, -0.016974393347753067, 7.241299146736389e-14, -6.435748353734242e-14, -0.01033038498451004, -4.511342557620245e-14, 1.4174657355035336e-14, -0.0069329964912998, 2.4727767855058733e-14, -2.9750582980262165e-15, -0.002108071838375553, -1.9803336910098594e-14, 1.0829004734948153e-14, -0.0015426973981330049, -2.2659190955510052e-14, -2.610107864931955e-14, 0.0007864577920005742, 2.701803765784832e-14, 5.7530918091830054e-15]]
P4->W3
T_min:200 K    T_max:3000 K    P_min:0.0001 atm    P_max:100 atm
[[-32.1318226031429, -7.771561172376096e-14, 4.9338358062212234e-14, 11.548762750429184, 1.1573784820731432e-13, -6.741025563360245e-14, 0.8532204360248501, -1.4869560263270538e-13, 8.906286109358544e-14, 0.3467560124921109, 1.5749628728193882e-13, -8.939964912132006e-14, 0.4010118715023858, -1.5091720942052655e-13, 7.221983620056985e-14, 0.24182504834261678, 7.356060985150357e-14, -4.792053077636293e-14, 0.04456501194550178, -7.879948460834948e-14, 5.5132266362925566e-14, -0.04051355625298169, 7.084550727133425e-14, -8.398613493261752e-14, -0.05102552548815501, -2.794099395378938e-14, 1.1509065015248262e-14, -0.04192171169045198, 5.0715373839297185e-14, -4.6452131406749565e-14, -0.02410641315696654, -3.6790727506902734e-14, 1.5069893724094263e-14, -0.016544933768874382, 2.003478158642243e-14, -5.493116099006196e-15, -0.0045573586622666, -1.6144770181179647e-14, 1.0319624961656141e-14, -0.003573596713360139, -1.3411672466339965e-14, -2.199007860310925e-14, 0.0026860423419374137, 1.9944974028696982e-14, 2.8841390618559453e-15]]
==============================
colrel_Power
P3->P4
T_min:200 K    T_max:3000 K    P_min:0.0001 atm    P_max:100 atm
[[-27.100487317920315, -7.416289804496046e-14, 4.233473623842254e-14, 8.912009531188726, 1.112084077701231e-13, -5.6772417475591247e-14, 1.1813311509440456, -1.4803103842486567e-13, 7.842335516187714e-14, 0.32616112739330033, 1.8197500548131323e-13, -1.0047986059975153e-13, 0.08999522916243706, -1.8534928342672684e-13, 9.342270198685238e-14, 0.12894072732027287, 1.198379224347472e-13, -6.740471601474799e-14, 0.09256544940786153, -1.190945839903946e-13, 7.582621026219382e-14, 0.00878881905682255, 1.0072145709771863e-13, -9.456474907736214e-14, -0.02256073072255531, -5.502771190879026e-14, 2.93138573016507e-14, -0.007058373448577952, 7.37148692429848e-14, -5.62270614005635e-14, 0.003429234005759079, -6.718664339414407e-14, 3.2718479591023837e-14, 0.0009655048319422382, 5.750668197749432e-14, -2.8272195838407146e-14, -0.00010797965948920297, -5.3924614946419174e-14, 3.2392554080160955e-14, 0.003091494161815353, 1.9904689045090895e-14, -3.6333441057832075e-14, 0.003051026712847775, -4.3222921555946017e-16, 1.1697434225462958e-14]]
P3->P5
T_min:200 K    T_max:3000 K    P_min:0.0001 atm    P_max:100 atm
[[-26.03581940834088, -3.375077994860476e-14, 1.4821381614948012e-14, 12.072689963237579, 1.1986901438733304e-13, -7.332141368382129e-14, 0.03118991923305522, -1.256663299360546e-13, 7.18032536756358e-14, 0.0448318966253462, 1.539965579150234e-13, -8.66373576132954e-14, 0.04852028040698728, -1.3403870565925707e-13, 6.298720692527056e-14, 0.03522939211471177, 6.997395841611097e-14, -3.6060218947468564e-14, 0.02073589411178015, -8.738841655722422e-14, 5.876249843692834e-14, 0.01059600579009203, 7.259772988340121e-14, -7.550819458907328e-14, 0.004819694876472176, -3.5650894028534154e-14, 1.940543130680275e-14, 0.0019211409455694448, 4.095231150654144e-14, -3.545539546619342e-14, 0.0007226226246491083, -2.9058266772594285e-14, 1.145961556828861e-14, 0.0002275104276041512, 1.0482866982439804e-14, -3.8078819704116714e-16, 0.00012923350458562055, -9.31159276683027e-15, 5.4989590240265085e-15, 2.099997845634405e-05, -1.287577425405908e-14, -1.3849350906826147e-14, 9.84642314752214e-05, 1.557619415547238e-14, 4.2329494699711675e-15]]
P3->W3
T_min:200 K    T_max:3000 K    P_min:0.0001 atm    P_max:100 atm
[[-24.369823764864996, -2.020605904817785e-14, 6.239374756659863e-15, 4.949621798982282, 4.012074766306403e-14, -1.103830427261565e-14, 0.3589166454697269, -5.712922048211126e-14, 1.5588569175293774e-14, 0.5546757573540141, 1.1271156537836303e-13, -6.400680175238122e-14, 0.5362931080265253, -1.1581103190339658e-13, 5.492269966738249e-14, 0.24160767672342365, 5.41941260989749e-14, -2.921507996988699e-14, -0.014591884560342789, -6.386842445710432e-14, 4.575898715168782e-14, -0.10854232610973122, 6.305960975562497e-14, -6.963728339559218e-14, -0.08750441933194479, -2.448870957189223e-14, 9.0553957004225e-15, -0.0338374501449958, 4.805375181585189e-14, -4.152446093696692e-14, -0.0038496957738393626, -3.2440812726551254e-14, 1.6571724969588646e-14, 0.007539054149049914, 1.8083416691647693e-14, -6.314896909086732e-15, 0.0010119952705338118, -1.738223421745889e-14, 1.4005845270782246e-14, 0.0008955545500548146, -6.588533375214699e-15, -2.1852035277107616e-14, -0.0029592737148325093, 1.5143002535643268e-14, 1.3435710851185402e-15]]
P4->P5
T_min:200 K    T_max:3000 K    P_min:0.0001 atm    P_max:100 atm
[[-34.00511670381249, -7.993605777301127e-15, 1.5315568547273308e-15, 19.577513055972773, 3.77669822964075e-14, -5.803779571193291e-15, 0.16414560083464252, -4.3890630359448356e-14, 4.9215065032999105e-15, 0.12039134468984744, 8.96108733491657e-14, -3.995154315497531e-14, 0.08669048089107087, -8.694173691343292e-14, 2.860881970082043e-14, 0.052170150745954706, 5.5972751043717223e-14, -3.492277840896903e-14, 0.027135956690831232, -6.184582130381914e-14, 4.7879700980299786e-14, 0.012636885081429915, 5.268486397390815e-14, -7.032984175457692e-14, 0.005418299566796732, -2.013899354238147e-14, 8.801951553845624e-15, 0.0021282261953100077, 3.9247369176589774e-14, -3.66045450643511e-14, 0.00097084115701084, -3.3859495362820364e-14, 1.0182154717679547e-14, 0.00039126345229698934, 1.879785467996202e-14, -4.37967603840021e-16, 0.00034950575634683765, -1.4337781431909762e-14, 3.701547370500308e-15, 9.726504906718423e-05, -1.510020502572697e-14, -1.5278180499037525e-14, 0.0001957398901019141, 1.4980955672113465e-14, 7.171918876735491e-15]]
P5->W3
T_min:200 K    T_max:3000 K    P_min:0.0001 atm    P_max:100 atm
[[-17.887764849770345, -8.104628079763643e-15, -1.8313772034524362e-15, 2.1078554779420804, 1.8084570042471894e-14, -2.7543793105056987e-16, 0.16843193059687023, -3.672515841660334e-14, 1.0396087925814546e-14, 0.3606237093180532, 7.525362423348415e-14, -4.044243796861715e-14, 0.345814530834647, -8.083662010254524e-14, 3.7565147725187796e-14, 0.20099742076725374, 3.4754926881288506e-14, -1.7469583481335128e-14, 0.08740298186418818, -4.0436491549720325e-14, 2.9573574663839844e-14, 0.03623688786082381, 3.9621576547936196e-14, -4.743353941375637e-14, 0.005687711434986809, -1.1185051262349728e-14, 3.912441757984555e-15, -0.020417680768923818, 3.0603270416955475e-14, -2.797137177126185e-14, -0.031099911945858823, -2.1564631497112022e-14, 1.1334972233068893e-14, -0.04418930003798349, 1.1857910806327294e-14, -5.5290855013016845e-15, -0.03153137745640773, -1.2382537777412384e-14, 1.0899632575260137e-14, -0.02456013473439292, -3.590654096275261e-15, -1.8321717035917394e-14, -0.0046810579566154845, 1.0965356163360255e-14, 1.9551472843326757e-15]]
P2->W3
T_min:200 K    T_max:3000 K    P_min:0.0001 atm    P_max:100 atm
[[-42.45804196170318, 3.552713678800501e-15, -1.4932130604319241e-15, 12.990748957169762, -2.6417375655906265e-14, 2.5697896023186554e-14, -0.5378927669871009, 1.1584894002403765e-15, -1.3053978189229583e-14, 0.11781702035936376, 8.090715403945447e-14, -4.4373830149380086e-14, 0.4544213825207302, -9.11105697086623e-14, 3.1942252793709307e-14, 0.35627000844269036, 1.3218862115740974e-14, -1.2456968816907725e-14, 0.12923903096303105, -3.388378318899175e-14, 3.3296855111579906e-14, -0.043719263682237046, 3.6482692414280964e-14, -8.073831771349234e-14, -0.08894551772466779, 1.1736120447805855e-14, -1.2853440236043327e-14, -0.03190503219918399, 3.853001646804328e-14, -4.436295968696599e-14, -0.011268385390480118, -2.8094130017885087e-14, 6.46512018356257e-15, 0.0366465702363781, 1.8544097511863367e-14, -1.798708142474078e-15, -0.001275946363721301, -2.3725865498672287e-14, 1.5552630235116462e-14, 0.017847728858579954, -1.4012663294225497e-14, -3.2013427777107025e-14, -0.020681389116611663, 2.1220345595183727e-14, 6.2263796447538384e-15]]
P1->P2
T_min:200 K    T_max:3000 K    P_min:0.0001 atm    P_max:100 atm
[[-11.71657568654531, -1.8735013540549517e-14, 6.3511981412668324e-15, -0.03583991170728442, 3.726645593946838e-14, -1.3407628514488708e-14, 0.41109988292923294, -4.708104701813141e-14, 1.779639154919054e-14, 0.2622471179383932, 7.881476379843826e-14, -4.591074393480071e-14, 0.11636747070582841, -7.988184256927937e-14, 4.1561963344078605e-14, 0.040237779226481245, 4.376158585362317e-14, -2.2785917284762482e-14, 0.010324333935561801, -4.6671940761610926e-14, 3.0676705457632034e-14, 0.00204612737905903, 4.449304854997052e-14, -4.198662604967844e-14, 0.0012141965197391524, -1.9017068177317562e-14, 7.339083377341347e-15, 0.0015052082188053695, 3.064866492695626e-14, -2.4020518050982023e-14, 0.0017195866646493934, -2.186214598452084e-14, 1.2148304418558115e-14, 0.0004827807407427525, 1.2702544475811603e-14, -5.6582302598960806e-15, 0.00019675999380881117, -1.240399277647222e-14, 9.606162648338135e-15, -0.00037942946079979896, -1.2267022024949803e-16, -1.357209120803607e-14, 0.00020645655403859155, 7.23040293355283e-15, 5.666404987653063e-16]]
P1->P3
T_min:200 K    T_max:3000 K    P_min:0.0001 atm    P_max:100 atm
[[-15.392259449198585, -1.6306400674181987e-14, 6.5770917971417544e-15, 1.0738873769833461, 3.3155594154156906e-14, -1.0433632977857321e-14, 0.7937987921797981, -4.658928260831011e-14, 1.5996211078241855e-14, 0.25989202031778674, 8.486683872842527e-14, -5.015399720829975e-14, 0.07350657578292188, -8.721683084340545e-14, 4.419804100471388e-14, 0.03823708148259597, 4.488690097116643e-14, -2.3689978680654785e-14, 0.023549070326427807, -4.7723145753540775e-14, 3.232075911943518e-14, 0.010546285014674856, 4.698517764531359e-14, -4.832629878729163e-14, 0.003275865741739719, -1.6960903293764136e-14, 5.460250662861699e-15, 0.00174407095568751, 3.29771793116917e-14, -2.7293259620970785e-14, 0.0013789163920399114, -2.416782323768904e-14, 1.2929709872037596e-14, 0.0009794176558521296, 1.5641532787864598e-14, -6.1731051933499135e-15, 0.00035401017033194785, -1.5832196915368458e-14, 1.14322933293068e-14, 0.0002598955331436277, 5.979746551652995e-16, -1.710441989123435e-14, 0.00013801088262987128, 7.959046434485655e-15, 1.4742167917561473e-15]]
P2->P3
T_min:200 K    T_max:3000 K    P_min:0.0001 atm    P_max:100 atm
[[-45.773646423171584, -5.595524044110789e-14, 3.4244088559785244e-14, 16.41348949001403, 1.0986538473259686e-13, -5.18607257071372e-14, 0.7814356268583903, -1.3699371017545514e-13, 5.2253179958257154e-14, 0.8342602918690472, 2.1686695114963456e-13, -1.1996025932241754e-13, 0.3252160710542076, -2.208218738907625e-13, 1.0083057629258149e-13, -0.05519249799472539, 1.1758859662504202e-13, -6.660533934502768e-14, -0.23989029581463903, -1.2875504843351484e-13, 9.015331606649669e-14, -0.16817496313219354, 1.2233306121406276e-13, -1.3183077402934369e-13, -0.009029288670018832, -5.839722992436277e-14, 2.896449534403828e-14, 0.041054710326535064, 9.273437495544371e-14, -7.729176259441009e-14, 0.07457615453129189, -8.089428205444179e-14, 3.9457766650295905e-14, -0.03791102856238255, 6.856736708674585e-14, -2.9766503213065216e-14, -0.009523806035591678, -6.232843464694088e-14, 3.687889684480782e-14, -0.05843780909587507, 9.043958067970262e-15, -4.559244981008555e-14, 0.02290478121639001, 1.3637610542406168e-14, 1.0819037760501452e-14]]
P1->W3
T_min:200 K    T_max:3000 K    P_min:0.0001 atm    P_max:100 atm
[[-13.587905244691807, -3.2751579226442118e-15, -3.913756672116979e-15, -1.390702026107345, 9.820486094650873e-15, 4.220786340116979e-15, 0.010335487142793911, -1.8557351868782548e-14, -1.564762538273338e-15, 0.24413847511603812, 6.580192238231053e-14, -3.9191137162763675e-14, 0.2117005711318109, -6.915105749392272e-14, 3.5317438623831496e-14, 0.07610593938472877, 2.537727697235181e-14, -1.1814351060801945e-14, -0.020866713597199424, -3.0811708733780894e-14, 2.1318242043664236e-14, -0.06801426653624339, 3.375161449427325e-14, -3.972468851026247e-14, -0.06387137541051825, -4.464506219485894e-15, -2.14828790284263e-15, -0.020629716013633507, 2.2149954067703868e-14, -2.0499175710284838e-14, -0.006428488959816189, -1.2107059539614308e-14, 6.1183067615071476e-15, 0.020082885159363892, 2.965988538179883e-15, 7.184970930957945e-16, -0.0005682658526659053, -5.252168264437293e-15, 6.816137644337902e-15, 0.01062493817600803, -6.519993939323651e-15, -1.382044098439057e-14, -0.010240483044951997, 1.2546179046199501e-14, -1.5900411364642024e-15]]
P2->P4
T_min:200 K    T_max:3000 K    P_min:0.0001 atm    P_max:100 atm
[[-47.51816659192687, -1.509903313490213e-14, 1.4931966491483194e-14, 17.208097940872726, 3.218630033818759e-14, -1.9380643279709096e-14, 0.20027716254041222, -8.41701429717644e-14, 5.281620042744752e-14, 0.6654532371252336, 1.2047621168547367e-13, -6.25331453018369e-14, 0.3923033943922408, -1.323754114750429e-13, 4.944748051616543e-14, 0.03565767736743896, 3.741596024124939e-14, -1.5393139175580013e-14, -0.19289273979204352, -6.434307461130198e-14, 5.28584430656334e-14, -0.14823980595184366, 5.754875979731075e-14, -9.428959594802191e-14, -0.013522347009323374, -1.134761751075131e-14, 2.1548503166889755e-15, 0.022400651024127145, 5.668058272964307e-14, -5.798642105728681e-14, 0.046806626727776655, -4.958685689855203e-14, 2.1203070831856813e-14, -0.04300440164288543, 4.0970322427806476e-14, -1.882704726330048e-14, -0.006453602644524722, -4.3297235313107244e-14, 2.741044265822847e-14, -0.04188086834496958, 9.55129620913192e-16, -4.2688026962501637e-14, 0.02857950275685246, 1.4841959946371674e-14, 1.329600409675197e-14]]
P1->P4
T_min:200 K    T_max:3000 K    P_min:0.0001 atm    P_max:100 atm
[[-16.089351657371857, -1.6285583992470265e-14, 3.98285579189417e-15, 0.5516561222663225, 3.173283686487343e-14, -8.51532462812572e-15, 0.49000383638872064, -4.6390008715098754e-14, 1.4444869093441e-14, 0.17146124126862078, 8.8637897184732e-14, -5.099074845037617e-14, 0.09388079899449905, -9.257067697469203e-14, 4.6986837752432185e-14, 0.10161864386204325, 4.3085828637250683e-14, -2.1805782088965833e-14, 0.07856774858828526, -4.966851248335166e-14, 3.3008002621036727e-14, 0.03817064077776522, 4.725917800341321e-14, -5.0660282307092874e-14, 0.00896043611050494, -1.665185631590844e-14, 5.393523023753086e-15, -0.005463344147912936, 3.4283489289634746e-14, -2.898900772680376e-14, -0.0058674930495911555, -2.4220289337599507e-14, 1.2239994907288752e-14, -0.007353629681121633, 1.2239056478430513e-14, -4.6528341422339795e-15, -0.0018943638299594686, -1.2504369094424362e-14, 1.0627119338906034e-14, -0.0024107840404560357, -3.7390189330554665e-15, -1.714922279834477e-14, 0.001669565185824668, 1.1917145751186118e-14, 2.9150743525157997e-16]]
P1->P5
T_min:200 K    T_max:3000 K    P_min:0.0001 atm    P_max:100 atm
[[-15.134989517971759, -1.1546319456101628e-14, 3.8231598888288685e-15, 3.6296587129910804, 2.127286129705727e-14, -7.8125716586956e-15, -0.2030617733493039, -3.372086421289092e-14, 1.2937385192298488e-14, -0.08358969417790445, 5.879547770555192e-14, -3.265208877749481e-14, -0.016336815864409, -6.091116107785164e-14, 2.7555239449986477e-14, 0.006373169102412967, 2.3421106271222303e-14, -1.1845507798076075e-14, 0.010115044714364066, -3.388065921898554e-14, 2.562647335164415e-14, 0.007778575479657177, 3.1887889395952486e-14, -3.963071798143488e-14, 0.004682505483015147, -1.1125506936029184e-14, 4.19707099747779e-15, 0.0025384700300567337, 2.6011604199307938e-14, -2.268418383950776e-14, 0.0009491063766490765, -2.1576698161605823e-14, 9.735421206388554e-15, 0.0005029361880201182, 1.637584693688301e-14, -6.8010481448560896e-15, -0.00010539094985535705, -1.6724892766163357e-14, 1.0661469214553843e-14, 3.599344348879619e-05, 8.480772406133128e-16, -1.5845280044687384e-14, -0.0001403541679512757, 6.503463295184078e-15, 2.6041971397226224e-15]]
P2->P5
T_min:200 K    T_max:3000 K    P_min:0.0001 atm    P_max:100 atm
[[-49.199650012387686, -9.50350909079134e-14, 8.3724147547938e-14, 23.303469234963305, 1.190560246217319e-13, -8.341868098434296e-14, -0.11773445884882255, -1.5643744587903736e-13, 9.925368460512607e-14, -0.04650387187333458, 1.549810638151677e-13, -8.251373955229113e-14, -0.019178266121325768, -1.3688456171712962e-13, 4.2491808340289004e-14, -0.01799665276708307, 6.450564346989559e-14, -4.4443075797336035e-14, -0.023449832689396252, -8.076393004372608e-14, 6.924706832700424e-14, -0.024631854848577866, 9.166573768736477e-14, -1.151841351906751e-13, -0.021348028810905084, -4.2464530683647536e-14, 2.122801597574123e-14, -0.01699952321009474, 7.039398140480149e-14, -5.97594867796915e-14, -0.010337407921974639, -5.1057157608554426e-14, 2.1091571532733076e-14, -0.00695423057293328, 2.7057941892199423e-14, -3.325221688523054e-15, -0.0021068871427183744, -1.7423864802162623e-14, 7.23712596831812e-15, -0.0015501945036444729, -2.91847454455355e-14, -2.3399993650802426e-14, 0.0007982238985537199, 3.091465642240113e-14, 4.992398558969304e-15]]
P4->W3
T_min:200 K    T_max:3000 K    P_min:0.0001 atm    P_max:100 atm
[[-32.104759951157554, -6.616929226765933e-14, 3.8853370584669876e-14, 11.597410782415778, 1.2044578572852282e-13, -6.697794673041932e-14, 0.8793776089613851, -1.4519284323022814e-13, 8.17414644346585e-14, 0.35603397273656884, 1.708642587844503e-13, -9.355885019433958e-14, 0.39683804299733216, -1.6577364587233913e-13, 8.032167127252239e-14, 0.23555487349813434, 8.89382330781178e-14, -5.060890729204948e-14, 0.03796346039380905, -9.166928319962427e-14, 6.453823081423032e-14, -0.04537436475185277, 8.330786601061315e-14, -8.798713347364003e-14, -0.053650334926702306, -3.9769639170121665e-14, 1.8115440837536605e-14, -0.04400978433446357, 5.733362156917742e-14, -4.781672839047071e-14, -0.02310648440165801, -3.972791796557152e-14, 1.7872276049705398e-14, -0.016389504865371045, 1.8903965830809558e-14, -6.188623511386e-15, -0.00189277788702526, -9.144871511141674e-15, 5.269527549489993e-15, -0.003073731882711964, -1.7915909378750462e-14, -1.8465138160884074e-14, 0.004578185984517114, 2.3103934740934285e-14, 4.574925939757609e-16]]
