==============================
P1_SymmetryFactor_1
P1->P2
[[0.4342935608957111, -1.5690458979743997e-07, -1.3187016108174968e-06, 2.8474785946916912e-06, -1.6561118671789004e-06, 1.5120331236061021e-06, -1.2348538565310134e-06]]
==============================
W2_Energy_1
P1->P2
[[0.0, 0.0, 0.0, 0.0, 0.0, 0.0, 0.0]]
==============================
B4_Energy_1
P1->P2
[[-0.0016375125174504315, 0.0014886355577401376, 4.938258672686985e-06, 3.7712888303838102e-06, 3.3888691204605027e-06, 1.8457546432984106e-06, 1.7085515451140118e-06]]
==============================
W1_Frequencies_1
P1->P2
[[0.0, 0.0, 0.0, 0.0, 0.0, 0.0, 0.0]]
==============================
P2_SymmetryFactor_1
P1->P2
[[0.0, 0.0, 0.0, 0.0, 0.0, 0.0, 0.0]]
==============================
B5_ImaginaryFrequency_1
P1->P2
[[0.237314212632452, -0.44575066276313974, 0.3847350232307704, -0.2962102876402201, 0.19979521390365382, -0.11321519697966972, 0.04907457455711315]]
==============================
W1_Energy_1
P1->P2
[[0.0, 0.0, 0.0, 0.0, 0.0, 0.0, 0.0]]
==============================
B4_ImaginaryFrequency_1
P1->P2
[[7.517046130044152, -11.458311578860854, 4.70761016649111, -0.20708577133089287, -1.0331931755353374, 0.5706278506234133, -0.0002609336207243673]]
==============================
B5_Frequencies_1
P1->P2
[[-0.01828085254518455, -0.039161847920489636, -0.03716105499497197, -0.03622810957144457, -0.03190065383963006, -0.0197715099561598, -0.021812732345133902]]
==============================
P2_Energy_1
P1->P2
[[0.0, 0.0, 0.0, 0.0, 0.0, 0.0, 0.0]]
==============================
B4_Frequencies_1
P1->P2
[[-0.8538104323869427, -0.6685700043356736, -0.14973523441810374, -0.0030861051670370253, 0.029075144671181358, 0.023692020422297875, 0.03008764577390759]]
==============================
P2_Frequencies_1
P1->P2
[[0.0, 0.0, 0.0, 0.0, 0.0, 0.0, 0.0]]
==============================
B4_SymmetryFactor_1
P1->P2
[[-0.4289328120028313, 0.011317317884861585, 0.01075006628707321, 0.010303349449846025, 0.009004427503175521, 0.005554702658027326, 0.005983440661464589]]
==============================
P1_Frequencies_1
P1->P2
[[0.44266271213273956, 0.5751622846828158, 0.24099796012896146, 0.08507412965761486, 0.02851639039725351, 0.008540083645564491, 0.0018214027762748827]]
==============================
W1_SymmetryFactor_1
P1->P2
[[0.0, 0.0, 0.0, 0.0, 0.0, 0.0, 0.0]]
==============================
B5_SymmetryFactor_1
P1->P2
[[-0.004916912036847412, -0.01038555272420296, -0.009870866987981291, -0.009469504117284491, -0.008291099008777707, -0.005110096587463128, -0.005530418269188758]]
==============================
B5_Energy_1
P1->P2
[[-2.627203870049357e-06, -4.6362215245139156e-06, -4.792077257854862e-06, -3.7696786096135605e-06, -3.3230290568842157e-06, -1.835732722489472e-06, -1.700326704442087e-06]]
==============================
W2_Frequencies_1
P1->P2
[[0.0, 0.0, 0.0, 0.0, 0.0, 0.0, 0.0]]
==============================
W2_SymmetryFactor_1
P1->P2
[[0.0, 0.0, 0.0, 0.0, 0.0, 0.0, 0.0]]
==============================
P1_Energy_1
P1->P2
[[0.0016402297353906514, -0.0014840230495739791, 2.6169950279059165e-09, 3.4600415083151244e-09, 1.9380349262823137e-09, 2.533051642696036e-09, -2.0802917998576557e-09]]
