==============================
W1b_Frequencies_1
P1->P2
[[-0.05669050430953624, 0.008693264637495335, -0.050679018346541364, 0.047344729454251167, 0.015331753335218856, 0.04339723627693397, 0.046636899860307404, -0.06122073533040117, 0.038589823734160394, -0.04247580031857899, 0.04389932889190489, -0.035344957681787185, -0.009811952972918774, 0.010342194050174813, -0.008232137480567232, 0.01741833069107047, -0.021139738825979915, 0.014081959263763755, 0.0030178793426575276, -0.003019571016046737, 0.002514105440205241, -0.005820549204524369, 0.007731517556334676, -0.0046250303281598435, -0.0012625370630978843, 0.0017572741980264948, -0.000983848383547876, 0.0015436580661783422, -0.001993400290444256, 0.0012443167457546075, 0.000862937286009156, -0.0012520433050427135, 0.0006775925165664685, -0.0007537222763676398, 0.0007534855699166962, -0.0006530401053731715, -0.00011508257370524057, 0.00014775152187295466, -8.915433690300278e-05, -0.0001621607996841466, 0.0003031860088794665, -0.00011941985115141793, 0.0004072912889158569, -0.0003974940813640235, 0.0003583483057822244]]
==============================
W1b_Energy_1
P1->P2
[[-2.5499418038845555e-05, 7.36249733121694e-06, -2.257214630210888e-05, 2.1494364642368446e-05, 2.4957574819353896e-06, 1.944027489179852e-05, 2.1106039223437802e-05, -2.7442793229390185e-05, 1.743761982641722e-05, -1.9907688161274507e-05, 2.11460649160424e-05, -1.6511070186107016e-05, -4.123095081711088e-06, 4.343014028535561e-06, -3.479452559777917e-06, 8.316239363885187e-06, -1.0060103893298993e-05, 6.741728753814669e-06, 1.2053778871239926e-06, -1.157098681660399e-06, 1.0230531732120704e-06, -2.8880325818412554e-06, 3.76763380148518e-06, -2.3073128901094132e-06, -5.38321879303701e-07, 7.112909842413004e-07, -4.280107997981484e-07, 8.398218421231464e-07, -1.0989237079578832e-06, 6.674486962768348e-07, 2.757115354120893e-07, -3.858326457419162e-07, 2.2852147433909004e-07, -2.650014623388555e-07, 2.55791754384789e-07, -2.3828937692136613e-07, -1.0891926316198903e-07, 1.4345048083633307e-07, -7.787082795953597e-08, 3.661004412287871e-08, -3.027575847997272e-08, 1.9811063962142063e-08, 7.938236306006979e-08, -4.6779755216293454e-08, 8.109529303350122e-08]]
==============================
B8_SymmetryFactor_1
P1->P2
[[-0.022041620076045154, 0.011370339824942951, -0.005242645923653706, -0.0020601247602707686, -0.01018685487798718, 0.0035574057057598278, 0.0006706366815030908, -0.0065415839699023695, 0.00502140074346109, -0.006957370884179685, 0.0049137053676826465, -0.0028023627889520765, -0.004004021673785338, 0.0028376125678843973, -0.002036292691577178, 0.00112871156953989, -0.002062206124994636, 0.0012055507015950836, 0.0010187126836300293, -0.0011422696698759928, 0.0007948294527559101, -0.00024307381176324366, 0.0005438421570884035, -0.0003037369000781234, -0.0002800078537649876, 0.0004731283885481453, -0.00032203495347153676, 5.866863574374933e-05, -3.3183378262416924e-05, -3.4876369768027405e-07, 0.0002027340276303855, -0.0002091140678655879, 0.00013756973927588637, 5.5627283493930657e-05, -4.349951740965624e-05, 3.797283937576376e-05, -6.28558037784541e-06, 3.6054655635913545e-05, -2.366365892371465e-05, -7.213703923837873e-05, 9.261576311818283e-05, -6.399299774121927e-05, 1.2328797141317369e-05, -1.4574254778744074e-06, 2.170234044482784e-06]]
==============================
B8_Energy_1
P1->P2
[[-0.00010964080870261728, 0.00010502890498071169, -6.390003293732476e-05, 7.757165757891408e-05, -9.26990392701786e-05, 5.0772887513027386e-05, 6.440761768146157e-05, -6.853876902240301e-05, 5.090627563874777e-05, -4.658961168777418e-05, 5.8035432380232586e-05, -3.6857385193846644e-05, -2.0347285978301848e-05, 2.1709136573298825e-05, -1.66098105974985e-05, 1.866752309004188e-05, -2.3707848789609868e-05, 1.4822763539329303e-05, 7.85282736679229e-06, -8.169251436719723e-06, 6.213886671541046e-06, -4.976576448538986e-06, 7.166926289748798e-06, -4.227620399516897e-06, -2.928252868412833e-06, 3.5555556061898646e-06, -2.5917615910556048e-06, 7.962302401041041e-07, -1.2826804697842754e-06, 5.431358832793248e-07, 1.4171707020128092e-06, -1.68479178375905e-06, 1.2087223243351526e-06, 2.3677403610720337e-07, -1.80032136568875e-07, 2.2300594469831666e-07, -5.318216640119381e-07, 7.160527795032205e-07, -4.0388015535217276e-07, -3.815832255751632e-07, 3.506417903011247e-07, -3.5949210268086885e-07, 8.846998649861108e-08, -1.3184665670057063e-07, 6.95555674524486e-08]]
==============================
B1_Frequencies_1
P1->P2
[[-0.013883664979242736, -2.981378160249093e-05, 3.3076494554257355e-05, -0.026750921280136796, -4.647397058038639e-06, 2.1091434893511602e-05, -0.022650964939438304, -6.769728290917791e-05, 1.793520470032801e-05, -0.018297603828454898, 3.113417411489082e-05, -1.986900962729163e-05, -0.013381770877055927, -2.5662348127453784e-05, 1.953173886220522e-05, -0.009667207003966347, -3.220240218986552e-05, 2.8587924057808085e-05, -0.00657260443318115, -1.445926369701844e-05, 1.2032233772374733e-05, -0.004398112612094032, -9.43740535250889e-06, 2.1362976719561087e-06, -0.002928313085671112, -1.2015657974872699e-05, 3.7022347971491572e-06, -0.0017594074173475107, -5.620333024617782e-06, 8.625903904823645e-07, -0.001295242694755392, 1.331477409711999e-05, -5.494105913536421e-06, -0.0005973992825407864, -1.8806372927994047e-05, 7.0734155909342315e-06, -0.00061553777253703, 4.255838972684433e-05, -1.835508464038807e-05, -0.00012536325422243797, -2.916333408407257e-05, 1.2043487355835441e-05, -0.00026925198726578825, 2.4407245463296636e-05, -1.0163587807515147e-05]]
==============================
B1_Energy_1
P1->P2
[[-0.0007467799744364041, -6.1014551918339375e-05, 3.660120511374351e-05, 0.0010776617250081314, 1.2720365747418295e-05, 1.8962840734542e-05, -0.00034728628524174074, 9.410977704459564e-05, -0.00010371054341887313, -3.1789162538827e-05, -3.9695974462016e-05, 2.6632721428725314e-05, 4.8786964595873096e-05, -2.9698677042463094e-05, 4.2715416529738374e-05, -3.9209299747044524e-06, 2.5466619024717966e-05, -1.2225121700807293e-05, -1.2554171631156314e-05, 1.17980522438544e-05, -1.631964112259049e-05, 8.026015904011788e-06, -2.1028259166548637e-05, 4.926926361916562e-06, 6.814518459438063e-06, -1.8763195764810093e-05, 5.693751406204863e-06, -2.948796602227929e-06, 1.1238547717308208e-06, -1.6606749307191229e-06, -4.463428341456926e-06, 1.435275206853768e-05, -2.306197031743155e-06, -2.0190613292679886e-06, 2.148815368407104e-05, 4.2601669544178753e-07, -6.394579817776355e-07, 3.162154788896841e-06, -5.376476497416998e-07, 4.660623389166259e-06, -2.4061874018554666e-05, 1.7236506370218868e-06, 3.625230569886207e-06, -2.6342496627137614e-05, 5.16054039717555e-07]]
==============================
colrel_Epsilons
P1->P2
[[0.0038288572540049427, 0.029978203813908373, 0.005469717091532497, -0.004528418588740128, -0.03955975340607827, -0.006501972792509158, -0.0024145102686019618, 0.008647294245850944, -0.0020541819998225745, 0.0061125967642382305, -0.0006813306600294612, 0.005685418702729113, -0.002705762106874875, 0.0026762522537177335, -0.0022301603046760215, -0.001757651965592158, 0.0005917018909260814, -0.0015705563714076675, 0.0014491079238626472, -0.0020644251612575754, 0.0011630963961593594, 0.0006383240604121251, -0.00047543233226385393, 0.0005369815872633518, -0.000602878249677795, 0.000955700136746153, -0.0004836453579830529, -0.0003569884615926735, 0.00044882298333807506, -0.00028948825690669564, 0.0002587442758466578, -0.0004093183269597803, 0.00021448689767452408, 0.00017350410987011563, -0.0002560713032263212, 0.00013632181086629613, -1.0832023218797565e-05, 2.1123427980231364e-05, -3.522819165010924e-06, -0.0001476472695164566, 0.00021948701427774623, -0.00012918511231310665, -3.522299941518274e-05, 5.5828658940957986e-05, -2.506239637054034e-05]]
==============================
colrel_PowerOne
P1->P2
[[-0.008499931878223066, -0.025633277081485994, -0.009959346037937689, 0.017377943619280023, 0.047655520819191444, 0.020226552697287792, -0.010957392052986514, -0.034957802564240505, -0.013287207233863493, -0.002802246209639425, 0.014680192175590967, -0.0016496958150616359, 0.007822701685609446, 0.0012162070683523294, 0.007755965241595544, -0.0019186637854961414, -0.0025478318254251384, -0.001975709500322328, -0.001875666509115418, -0.002055693438964964, -0.002055463571903767, 0.0008966537666019354, 0.0003558712902652656, 0.0008111515346707204, -3.661529267006813e-05, 0.00238814260781149, 0.00022393551384465213, -0.0007442348089597896, 0.0013135516380903913, -0.0005209088688888717, 0.000969949698503207, -0.003102811862825763, 0.0006149930520377779, 4.73976592912245e-05, -0.00013045542478696886, -2.373716053916789e-06, 7.933438217601915e-05, -0.00012115412719312436, 4.7701155071369194e-05, -0.0009254463634925802, 0.0023709374169660286, -0.0006233069177341837, 0.0003533811316864834, -0.0007744123438872867, 0.000278699947674268]]
==============================
colrel_FactorOne
P1->P2
[[0.044362258602803996, 0.11629014173015015, 0.05191492694984488, -0.044965199020712505, -0.17328965551755418, -0.056472560090386585, -0.02429369283678892, 0.06255798772572031, -0.01925847304885715, 0.037679359832533316, -0.005019209737912483, 0.03575369376518078, -0.009811438314471394, 0.006560213908889069, -0.008222675081817406, -0.007724845928128223, -0.006118657069215089, -0.007932565603780556, 0.005795283461811936, -0.007843628832394813, 0.004480643226699365, 0.0006781261621485235, 0.00548428391485728, 0.0011058575404579323, -0.002933519849526846, 0.005730909109841465, -0.0020902516015363424, -0.00017825482832568005, -0.001356960262571073, -0.00020092907395594865, 0.0026574275462922367, -0.006058531505204786, 0.0018479711745943372, -0.0007725032324991599, 0.0016915605581464181, -0.0006233922373264833, -0.0002768722605637955, 0.0008981864077517105, -0.00018170579090202957, -0.0011566776865564422, 0.002765839365290045, -0.0007568273479498401, 0.0009691165233604802, -0.0020972563934777678, 0.0007171344179590321]]
==============================
B8_Frequencies_1
P1->P2
[[-0.1264658677156162, 0.031227624710388487, -0.009850658752833563, -0.10285281478139098, -0.02979874697332069, 0.00578466415197058, -0.06761888642600791, -0.013894179831483031, 0.010931395685284884, -0.056368353115053324, 0.010616092971777536, -0.005102224199021717, -0.03175714310806433, 0.007625171942410855, -0.005194868202652137, -0.007438803951237153, -0.004310606714635573, 0.0023885667913682448, -0.0006196412162398877, -0.0034100429315019653, 0.0022163843358928913, -0.0012787557879167426, 0.0010209972565025337, -0.0005566624956260196, -0.0008817197813141043, 0.001450550306261385, -0.0009260698540556186, 0.0001478811034562586, 0.0001435489104061198, -0.00012267976106461112, 0.0008372155792187388, -0.0005982984387583947, 0.0003890062159058242, 0.0003517394113062505, -0.000229586293857897, 0.00013401862990936503, 0.0002251088580218159, 7.17709407064952e-05, -3.2619794410360825e-05, -0.00015300407303490163, 0.0002756123269782606, -0.0001896156306914338, 0.00014394440018345779, 1.569180742125521e-05, 7.128276997230808e-06]]
==============================
B2_ImaginaryFrequency_1
P1->P2
[[0.5350509624400314, -0.23613172381947128, -0.05675722510587322, -0.2888491751923712, 0.2435956441731388, 0.12367445665768743, -0.24619558099812353, 0.016656546933773757, -0.05892319224110758, -0.08691814627652074, 0.03399521598935807, -0.05996611648451758, 0.08739709697905665, -0.06903351298713778, 0.050744916860432435, 0.05065010877144821, -0.023559291733518225, 0.025513671443442937, -0.018043604493857415, 0.03271760881187529, -0.020036319930866478, -0.01634443692405311, 0.015431872033006276, -0.012666290910423195, 0.004373100481559996, -0.010484030869515777, 0.0055573826394147655, 0.006090728211857799, -0.008815539520800508, 0.006081928845704191, -0.0016807962401947927, 0.002796804669961718, -0.0012478579479693985, -0.002672693708508566, 0.00383996963174884, -0.0024781808703819366, -0.000721665813064396, 0.0009692984933909834, -0.0007882377838243081, 0.00216563747609401, -0.002752832705999435, 0.0017317450385095398, 0.0009295614516920815, -0.001090934629825613, 0.0008175190170738131]]
==============================
B2_Energy_1
P1->P2
[[-7.417185121172482e-09, 1.547750483865099e-08, -7.663793533916371e-09, 1.3794193301410877e-08, -1.2638118728334987e-10, 6.680491533588738e-10, -1.2978528650724874e-08, 2.8281128218693608e-08, -1.4148707118650311e-08, 1.1590499756384909e-08, 9.102947431323739e-10, -2.191844541566047e-10, -6.947876670169893e-09, 1.9785961094924696e-08, -1.0191372154061595e-08, 8.295549045332785e-09, 1.9524613705636584e-09, -1.2056402531247044e-09, 1.3659126354838938e-09, 7.944121591273781e-09, -4.51633366902194e-09, 3.2066791970933854e-09, 4.456213940550613e-09, -2.922317051090006e-09, 8.68549326160358e-09, -2.904263920903984e-09, 7.039004582919405e-10, -1.5512214298163977e-09, 6.807897279094787e-09, -4.428482271709286e-09, 1.513129509048082e-08, -1.247377384926506e-08, 5.52231794833154e-09, -2.07978816243208e-09, 4.977633624869489e-09, -3.395986668539626e-09, 1.8811486314489812e-08, -1.860490727320509e-08, 8.987438933725818e-09, -1.3250339296079783e-09, 2.3719846954254494e-09, -1.6317862961277443e-09, 1.543721210879504e-08, -1.6327407905302394e-08, 8.261280365500418e-09]]
==============================
W1a_Frequencies_1
P1->P2
[[-0.07283265583057456, -0.36570269702474373, -0.0948296010557106, 0.10224336804843348, 0.4552743629139086, 0.12554208437644396, 0.0006571272773607864, -0.057061748124370856, 0.0019333221191711054, -0.07023249869052631, -0.002992263575797679, -0.0669232556452835, 0.04070553186768296, -0.0558319368479897, 0.032207237758683394, 0.0177179494074763, 0.0026645585763756777, 0.016714607922856808, -0.01928340799040872, 0.03380586776720833, -0.014748519486773057, -0.0069284641735982855, 0.0032756735133038623, -0.006009823769186591, 0.007919620512018192, -0.01594535850038856, 0.0059311786729127685, 0.005028486066352879, -0.007399390557516215, 0.0039689266870496665, -0.0043593045012978344, 0.009135640496846687, -0.003328249347188835, -0.0017860715710446159, 0.003300821666668788, -0.0013193873952369233, -0.0008132355710206693, 0.0011269999121927897, -0.0006456691237402038, 0.003465318412820197, -0.006745396329849116, 0.002668833024571775, -5.9619642297488775e-05, 0.00014496898285638367, -8.261022350787339e-05]]
==============================
W1a_Energy_1
P1->P2
[[-2.4238351335880108e-05, -0.0003482203836712334, -4.757361116239105e-05, 4.335820553964096e-05, 0.00042792950953830404, 6.818824853566602e-05, 3.931518554089601e-06, -6.375108462713068e-05, 3.295848094351672e-06, -6.173115081600564e-05, 2.5368033132657003e-05, -5.574659344679684e-05, 4.2124103161356565e-05, -6.721105259292409e-05, 3.270173490752486e-05, 1.2116262478302331e-05, 1.0672357605046477e-05, 1.2306844203020154e-05, -1.802757606771181e-05, 2.4054397800675068e-05, -1.4787352703896653e-05, -2.349564259320761e-06, -3.990032341682423e-06, -2.531371834784426e-06, 7.337792188594395e-06, -9.358847689706785e-06, 6.148785680614896e-06, 3.471889617249334e-06, -1.5434472971850387e-05, 1.7050806040321391e-06, -9.826963406717442e-06, 3.354887353040793e-05, -5.920229969293402e-06, 4.41818279702965e-06, -1.4641843537702363e-05, 2.634139481568516e-06, -4.190982497020257e-06, 1.532370271673952e-05, -2.3916984940525586e-06, 8.945704398995557e-06, -3.615038776148635e-05, 4.780118309343994e-06, -3.005952444354994e-06, 1.6693584402960297e-05, -1.0547883983963342e-06]]
==============================
W1b_SymmetryFactor_1
P1->P2
[[-0.012732315614401675, 0.0015351915306633672, -0.011422845720885711, 0.010667450643307258, 0.003892471250424883, 0.009814610021629505, 0.010707194740422992, -0.014021843864373723, 0.008869891778001685, -0.010051180520859041, 0.010393351683105853, -0.008365229615330047, -0.002085720169961957, 0.002148874331986422, -0.0017633281995009507, 0.004183569721910505, -0.005052425372527635, 0.0033894838695324534, 0.000600736888222424, -0.0005636572403332076, 0.000509145924639185, -0.0014302794763802601, 0.001883994388538793, -0.0011406650990264553, -0.00027452224904599636, 0.00037526328571014996, -0.00021634057398034652, 0.0004227946973380027, -0.000550261226844943, 0.0003391039855148946, 0.0001507623289488546, -0.0002189188529949853, 0.00012164594944149844, -0.0001444690903233851, 0.0001348317054828801, -0.00013103435515430072, -6.227158831530668e-05, 8.458015818317884e-05, -4.291643420418367e-05, 1.4866507764485021e-05, -2.331526953779428e-06, 7.592661931427433e-06, 6.518563803765859e-05, -5.304365299195846e-05, 6.220301624063782e-05]]
==============================
W1a_SymmetryFactor_1
P1->P2
[[-0.006471223917528327, -0.10916722953144888, -0.013599917486793837, 0.012346574455694492, 0.13229081430811918, 0.01966327039605484, -0.0010594760873215065, -0.010906687763560505, -0.00010501131796167431, -0.015125739679967724, -0.0035192224992512057, -0.014626554627767059, 0.011287460454707727, -0.01578421669913511, 0.008952095401170491, 0.0040619634880465294, -8.891980075147778e-06, 0.0037212753625156677, -0.00545450259308305, 0.009184360922147054, -0.004251707185521917, -0.0018291780645385012, 0.0016525670012937752, -0.0015070085879432134, 0.002216499022698575, -0.003911835598322401, 0.0017430998069417232, 0.0014311636937957345, -0.0021441759441992204, 0.001143286745194745, -0.0010324395073325133, 0.0016484010506545303, -0.0008627552630891998, -0.0007013128330751159, 0.0012114378033685163, -0.0005433903398406379, -0.00022958299663585282, 0.0003220989459620784, -0.0001824572480823082, 0.0008580959803217635, -0.0012907523977759984, 0.0007181871992726754, 0.00013915854445011155, -0.00028949168351389155, 9.455530889170244e-05]]
==============================
B1_SymmetryFactor_1
P1->P2
[[-0.0366011902542928, 0.0008390834146169219, -0.011196460747195203, 0.04121352364407683, -0.004533750585664462, 0.018387878326061133, -0.019647893767670503, 0.0060318734442848685, -0.008452611773667322, -0.005984844425260077, -0.001101990558094706, -0.00037390758305272577, -7.36565950468974e-05, -0.002472973516577957, 0.002192642632638254, -0.0014994144678558846, 0.000737287177577256, 9.186036125449295e-06, -0.0017853335277849959, 0.0009650124974404033, -0.0006821538082859758, -0.0007266493493267641, -0.0002557333610922301, -6.08056218214494e-05, -0.0002751831241490286, -0.00035293218531381944, 0.00018624570449639154, -0.00025151951614773367, -7.715462499684424e-06, 6.057248683323282e-05, -0.00031485902505768446, 0.00022331564104138255, -6.683235172346903e-05, -9.56418158360216e-05, -4.308373866497626e-05, 5.393039499217531e-07, -9.496976251533155e-05, -4.397643979523297e-06, -9.492517558242457e-06, 3.137062186915622e-05, -0.00010666997752914035, 3.4142313670985974e-05, -6.81927231746663e-05, 8.437024985669417e-05, -2.1417672874048294e-05]]
==============================
colrel_Sigmas
P1->P2
[[0.013532700981046353, 0.19457336060848787, 0.02470177737683996, -0.017737030817755454, -0.24245186949575376, -0.029847883692281016, -0.013202296461975528, 0.036288203143292175, -0.012578366765691108, 0.036460608710289034, -0.005318730042190457, 0.03364020554371357, -0.01627592435163622, 0.023559148992523475, -0.012851043640062537, -0.012622612112176124, 0.0072138115889268505, -0.01090481762273123, 0.008687424674376217, -0.014827385213925367, 0.006807469536971275, 0.005304801898544829, -0.005723361158043338, 0.004309495266357738, -0.0034800349560819696, 0.006065679875031034, -0.0027805240477405445, -0.0029503772851594387, 0.0042155582180088014, -0.00238076858269778, 0.0013532115095253813, -0.002145335369266594, 0.0011651751178663966, 0.0014747066040755106, -0.0022938683867104546, 0.0011772548944337302, 0.0002993216291873678, -0.00040876275394849295, 0.0002517113686031626, -0.0012327653878021437, 0.0017926032871594135, -0.0010626202242451405, -0.00042466922123109326, 0.0006848191723176983, -0.0003251254027856619]]
