==============================
colrel_Epsilons
P3->P4
[[-0.04971848450838676, -3.447963438572111e-13, 2.6908455897319167e-13, 0.06770069973377736, 4.0156846354052934e-13, -3.111872446434366e-13, -0.00978208607573524, -3.404303524727459e-13, 2.5742356947614504e-13, -0.016066900399655585, 1.4485998130100425e-13, -9.246279698221564e-14, 0.005302761695310344, -6.804676529821402e-14, -3.832602849127857e-15, 0.006248578773551722, 8.01033688483585e-14, -6.81930207836687e-14, -0.0025031174022997938, -9.454382813927951e-14, 9.990721221437059e-14, -0.0030942279018264895, 9.561628692826329e-14, -7.640368435818915e-14, 0.0012176459317986689, -5.823698937134985e-14, 5.495900580800545e-14, 0.0018562812748787894, -1.0524539414365969e-14, 1.0380458895981757e-15, -0.0010865998034044672, 1.2782443650766248e-13, -1.0244262219545245e-13, -0.00042862411338401144, -2.1114343653015172e-13, 1.5339838656950773e-13, 4.218921618125943e-06, 2.2919218756849676e-13, -1.3258455361700167e-13, 0.0007903059305009008, -1.653977682402187e-13, 8.219643363017999e-14, -0.0005203217103743751, 1.101318947774008e-13, -4.22996069432794e-14]]
P3->P5
[[-2.414723749269327e-05, -1.7705758198073e-13, 8.508485772274243e-14, 3.197850617860249e-05, 2.4928455183149145e-13, -1.5413942238035294e-13, -9.292192590860816e-06, -4.051109341636839e-13, 3.6251242176078114e-13, -3.1672543252606693e-06, 2.6054849665825003e-13, -1.9096012980377875e-13, 5.576716269897319e-06, -2.855431696852624e-13, 1.844490693147912e-13, -5.652627511842143e-06, 2.716886686993658e-13, -1.8758676690233253e-13, 2.714989200067067e-06, -1.4420390283852716e-13, 6.004348424768648e-14, 1.5255266521159096e-06, 5.301090118147594e-15, 3.849277966104205e-15, -1.4519705311778318e-06, -3.636683539541509e-14, 1.0476140510625433e-14, 2.395204215031536e-06, 3.1896009528518506e-14, -3.879703858957086e-14, -2.2717702044582037e-06, -1.2092960330022562e-13, 4.414749450325431e-14, 5.956783675871406e-06, 1.561046765162363e-13, -4.263489108936835e-14, -3.316614516828012e-06, -1.602712785245517e-13, 9.284927261151039e-14, 1.1760515519438668e-06, 1.3469441411992463e-13, -7.657034858307798e-14, -1.6237327960315697e-06, -7.971630927553668e-14, 4.581479489334954e-14]]
P1->P4
[[-0.007362946806551372, -1.4749944946256539e-13, 9.185211036978762e-14, 0.011101203634555247, 2.721030388763053e-13, -1.45440768868555e-13, -0.00408743379684744, -2.4926174693328174e-13, 1.322106454552647e-13, -0.0002752465692814682, 2.680395204848851e-13, -1.5511008950739e-13, 0.0007195377218027771, -2.600578814177475e-13, 1.6130796357757118e-13, 2.6271536255769024e-05, 2.2153853642075626e-13, -1.285106522692689e-13, -0.00016541956886346093, -1.7793640968399244e-13, 1.0402380006444451e-13, -1.282906483517284e-05, 1.5717002065867883e-13, -9.534065461052947e-14, 5.0221669648515864e-05, -1.1458347183179977e-13, 6.496997362754696e-14, 1.6442717335731155e-05, 7.419977188675709e-14, -4.056100602242646e-14, -1.0938431233188997e-05, -5.328084979749052e-14, 1.0419418698453839e-14, 4.060326267183571e-06, 3.464293824593511e-14, -2.0618353700808606e-14, -8.638141892693186e-07, -1.5556770701925745e-14, 1.314674460504212e-14, 3.3790764175845902e-06, 1.3790155083274528e-14, -2.6042662729415313e-15, -5.833957450679323e-06, -1.2409784461339757e-14, 8.65543748447079e-15]]
P4->P5
[[-2.7676897498832835e-05, -4.4730336500394947e-13, 5.280160944644057e-13, 3.6307981373433245e-05, 1.7351363495077803e-13, -2.0972021780570973e-13, -4.6348946203008626e-06, -4.5083205090524773e-13, 5.103765218685921e-13, -7.754384409461964e-06, 1.822418045571117e-13, -2.261382282244439e-13, 5.609163792428056e-06, -1.0374634743795464e-13, 8.495494936293093e-14, -2.7120150747513194e-06, 1.1611257409736813e-13, -7.987390402282528e-14, 5.956498345688572e-07, -1.6172550474576018e-13, 1.2019679449410543e-13, 7.200117474362789e-08, 1.4192387586470838e-13, -9.733974876754925e-14, 4.643869125272748e-07, -2.561013621530237e-13, 1.5264883325749863e-13, 1.0394002520132669e-06, 2.6209105445055224e-13, -1.254044569880718e-13, -3.5284106495727454e-06, -3.873971812143129e-13, 2.2689649531423405e-13, 4.285349922357917e-06, 4.680337615171317e-13, -2.1649011033384448e-13, -4.211507966440092e-06, -4.734588764465755e-13, 2.4747156802834343e-13, 3.5797621902111923e-06, 3.852993459940905e-13, -2.0911410271340722e-13, -1.5285552218281796e-06, -2.4179981720865216e-13, 1.5724373877784777e-13]]
P5->W3
[[0.20013101965536373, -2.527729953277527e-13, 1.1739916755704055e-13, -0.18244141659092258, 5.326882534626248e-13, -3.038568548431849e-13, 0.015599149979646646, -5.828392720205873e-13, 3.387587742105708e-13, 0.011088089807255713, 4.920320418040132e-13, -2.671340415714105e-13, -0.006649600364197479, -4.4952276867880857e-13, 2.4816181192239035e-13, -0.0031255867724789862, 4.104717759900633e-13, -2.440239671592341e-13, 0.0024750446603608455, -3.647047182430308e-13, 1.9732021904960052e-13, -0.0008458317957558764, 2.7337446598444267e-13, -1.5951931333976633e-13, -0.002492066617711486, -2.2213507290204942e-13, 1.3699852372168415e-13, -0.0005207241660537163, 1.7283678051022332e-13, -9.492680302368762e-14, -0.0003218199985462424, -1.0301855198050638e-13, 6.805980923695472e-14, 0.00028071403566175854, 8.701631517347144e-14, -5.641643025713425e-14, 2.762594803191054e-05, -5.813988558028705e-14, 2.971079556498221e-14, 0.0007521995788097058, 1.4846179197460194e-14, -1.1853679785878863e-14, -0.00047812695801963156, 5.6507953474778195e-15, -2.0143642278825556e-15]]
P2->W3
[[0.0013185660521779572, 1.8637640208497896e-13, -2.521289725643321e-14, 0.005412597101589329, -4.810375456937843e-13, 3.345400790485029e-13, 0.012521044960502182, 1.1522518021378576e-13, -1.875946032750699e-14, 0.009562615492357953, 5.212338999009774e-14, -7.940090707770414e-14, 0.003670404728867555, -1.8902504293987604e-13, 1.390613635733118e-13, -0.003219006972535339, 2.9990384671329565e-13, -1.811364910188836e-13, -0.0054010490336277505, -1.8631323772132137e-13, 1.278794654621991e-13, -0.003212264646384745, 5.2983534128698706e-14, -7.869062779912873e-14, 0.00010032158603227188, -8.964276950101134e-14, 2.7738628821040966e-14, 0.001437897684984684, 1.4543373923039412e-13, -1.3133718251790772e-13, 0.0009138512380637888, -3.36728727067748e-13, 1.6879667088518267e-13, 4.657555012324763e-05, 4.773672009710028e-13, -2.2511239671125243e-13, -0.00028267248995993344, -5.227258488669676e-13, 2.95516849472722e-13, -0.00024969094165117793, 4.079170556897781e-13, -2.3350990836793323e-13, -7.180208013176745e-05, -3.051345130717745e-13, 1.3960712712457905e-13]]
P1->P2
[[0.0037937223669326924, -9.843003735112951e-14, 5.690407393575341e-14, -0.005343515352895633, 1.6384276719602136e-13, -8.881546122931588e-14, 0.0011633538522343922, -1.482847463625054e-13, 8.114341852442035e-14, 0.0006464260241127175, 1.5081898796089978e-13, -7.916565273445741e-14, -0.00017272339994771222, -1.3636270191571537e-13, 7.146454973749483e-14, -0.0001427536432355084, 1.0327262319801932e-13, -6.446882838614498e-14, -4.222850976103721e-05, -9.249641960709779e-14, 5.379789597008613e-14, 5.753686625464971e-06, 8.180473728211549e-14, -4.2695318032165135e-14, 3.860182062074844e-05, -5.899070837814835e-14, 3.715721790093097e-14, 1.3803520100178836e-05, 4.7881460210677765e-14, -3.053113350530694e-14, 3.683805489704185e-05, -3.462517729482885e-14, 1.6606814007929343e-14, -5.441298225834319e-05, 1.195259941940226e-14, -7.568100547648433e-15, 1.5757979266519773e-06, -6.530640266553782e-15, 1.2175541468664231e-14, -2.1673945877530717e-05, -1.6265999727716206e-15, -1.8186562053956703e-15, 5.265044491731926e-05, -5.984931537653772e-16, 1.7973572266118663e-15]]
P1->P3
[[-0.0029111602548879336, -4.659410052124474e-15, -4.609798540818019e-16, 0.004427144238356726, -4.354561700552428e-15, -3.3396963499395232e-15, -0.0017116199933590486, -5.878497620054074e-14, 4.7300127831724105e-14, -8.945861518981317e-06, 1.0853968998285828e-14, -5.1033611842722915e-15, 0.0002304477923923592, 1.1168532492237003e-14, -1.184185326655503e-14, 1.328546067021769e-05, -2.9234979534347996e-14, 4.889416223400389e-15, -5.238722974785388e-05, 3.719158640727261e-14, -2.32770099738177e-14, -1.4520506310013936e-05, -1.8692393567459493e-14, 9.39986134608368e-15, 1.5435350312023666e-05, 2.368069327085378e-14, -1.4522372685140142e-14, 5.506986262819114e-06, -2.598491309909313e-15, 6.276953631704955e-15, -1.817323218054351e-06, 3.061520619646928e-14, -1.0748686701546935e-14, -2.2832855152623438e-06, -3.466760915143241e-14, 1.406951171049761e-14, -3.5734084679444005e-06, 4.04568854509416e-14, -2.862492783658596e-14, 5.210428034779852e-06, -4.4721972991103355e-14, 2.2814781831290414e-14, -3.862923964644011e-07, 2.4521045304251718e-14, -7.56320615437056e-15]]
P2->P3
[[-0.08057463772440966, -1.3046348145948527e-12, 9.195034969674633e-13, 0.08144935030405528, 1.86826685909143e-12, -1.1771468389585665e-12, 0.012475486452415816, -1.8477378439729027e-12, 1.1997031977019094e-12, -0.0013257736780659289, 1.3425502480241675e-12, -8.418123311212994e-13, -0.010509823573870756, -1.1638161504275098e-12, 7.452426987447649e-13, -0.007085820635796127, 1.1968226610067904e-12, -7.443417278306747e-13, -0.0009004154812374063, -7.937594755026819e-13, 4.539816021925015e-13, 0.005277247042271598, 7.621655996010986e-13, -3.881522967007609e-13, 0.005608208914064673, -7.06837355264767e-13, 3.738349192041319e-13, -0.00032067501592349844, 5.250509651152409e-13, -3.1096555249316553e-13, -0.00203506812761654, -3.4451307077596426e-13, 1.9574061012439598e-13, -0.004368385934532212, 1.9468870907755525e-13, -9.541939820723372e-14, 0.0007421191940995256, -2.7084638645666338e-14, 3.968250020805721e-14, 0.0004535351986947172, -1.8082323594519775e-14, -1.341342127715027e-14, 0.0031162866480295153, 2.9863854235956837e-15, -1.4455812064154402e-14]]
P1->W3
[[0.06700996694672172, -4.135226421260471e-14, -1.1357994476306365e-15, -0.03195376863874495, 8.16577285012403e-14, -4.580477543246645e-14, -0.017408411662194097, -8.199905829040706e-14, 5.717310488507039e-14, -0.000980175236760608, 7.34035883576439e-14, -3.3882853226608115e-14, 0.0001945982688409438, -7.57044159799388e-14, 5.851214148148535e-14, 3.87447773703837e-05, 6.770814634586194e-14, -5.697983722102166e-14, 5.521362948783642e-05, -1.9598929807774278e-14, -6.030341503317193e-15, 0.000325685279976627, 2.857882390293033e-14, -7.841008071837443e-15, 0.0002590058366157258, -2.4334913790028436e-14, 2.7467552603593723e-14, -0.0004484734648102956, -2.8043846339659962e-15, 1.1205970799966824e-14, -0.00024292766185607167, 2.2525425001527686e-14, -3.705976559725904e-15, -0.0006536546955537574, -8.839606845867508e-15, -4.0758122165313595e-15, 0.00017661463273163972, 2.265327314477013e-14, -2.6530891521336146e-14, -0.00011902500033530072, -2.152965404239902e-14, 2.059518297909383e-14, 0.00044883874686801905, 4.5458135961306354e-15, 6.192790058851561e-15]]
P2->P4
[[-0.07987293115503612, -4.938974655251943e-13, 4.206542083541097e-13, 0.0709480269974736, 3.406060837697914e-13, -2.1488105520841956e-13, 0.025579039363104718, -3.552155725540649e-13, 2.70864002170797e-13, 0.0009128730884916523, 1.1197569610005556e-13, -5.5089612279708016e-14, -0.015242903529068276, -1.4050706232286293e-13, 1.5055587931308065e-13, -0.010824775572388161, 2.8133850420603427e-13, -2.927966745227414e-13, -0.00011078532285635067, 2.5518059728983432e-14, 7.29121755443841e-15, 0.008015291435403079, 2.285600075052016e-14, -4.530974343941118e-14, 0.007228202186820131, 9.072804041820675e-14, -5.334981023354095e-14, -0.0008168861354472845, -1.2186870667669183e-13, 8.189950031506822e-14, -0.0040383643096289345, 1.5448660145467994e-13, -1.4896877485137244e-13, -0.005048190293248237, -2.2631291711571446e-13, 1.7373568330396575e-13, 0.0010034333562331382, 1.8597155641659624e-13, -1.3311957795976966e-13, 0.002002089565847975, -1.3318827733959724e-13, 7.719412609319336e-14, 0.003512152058119664, 1.0244812160989592e-13, -5.1872058781866517e-14]]
P3->W3
[[0.012053810056572462, 1.9103581213710343e-13, -9.698875842118482e-14, 0.019809057168488492, -4.629706708473087e-13, 1.9252272309746218e-13, 0.00793092683166507, 4.687767901268747e-13, -2.276599097631602e-13, -0.0019472244784181155, -5.330468640866495e-13, 3.1859240062559394e-13, -0.007690174556771638, 4.729046065868812e-13, -2.8356461050519e-13, -0.0063217328465260654, -4.49169145849931e-13, 2.951858352564788e-13, -0.0028002635138872417, 3.3451512192061275e-13, -1.9271286209309141e-13, 0.001160052440970183, -2.497495763024994e-13, 1.4057751078497726e-13, 0.00265037750682031, 1.615179080478511e-13, -7.487652615643681e-14, 0.0003272030388569727, -1.5804001822415154e-13, 9.290012734829516e-14, -1.687958291266846e-05, 1.065917091755828e-13, -6.201772464971584e-14, -0.0018730848833723446, -8.589640593631686e-14, 2.5042476645922596e-14, 0.00040042327301157186, 9.294361382045004e-14, -5.81110252762897e-14, -0.000538705991438866, -8.17050791394133e-14, 5.925094712331917e-14, 0.001216539738000493, 3.23635109241134e-14, -1.006637012447787e-14]]
P1->P5
[[8.055595349188986e-06, -2.6791607799715727e-13, 1.9978939971322817e-13, -4.3292472075672015e-05, 5.151634414023819e-13, -3.6009970896143543e-13, -2.698886194111101e-05, -4.558092022189799e-13, 2.7669366248555347e-13, -2.2028242654166776e-05, 3.8114441195928843e-13, -2.0554567357447038e-13, -1.8169057193983912e-05, -3.645683958001694e-13, 1.9335706521485556e-13, -1.777334772212541e-05, 3.1442311253495027e-13, -1.5998515195167413e-13, -1.0420659339453649e-05, -2.691551890683637e-13, 1.663631366410832e-13, -9.071436641848787e-06, 2.1323109267302532e-13, -1.2905099812925671e-13, -6.0006156112291484e-06, -1.8795869202732854e-13, 1.1448639165455747e-13, -5.487310362332774e-06, 1.6766896158308076e-13, -1.0328673446457544e-13, -5.843630612390767e-06, -1.4996191201735078e-13, 9.856658820949901e-14, -9.756564446970903e-07, 1.1351194775750166e-13, -7.054890995136127e-14, -1.638818091496396e-06, -9.365388793228666e-14, 6.248425403238744e-14, 1.9001555267049132e-06, 5.2994904116982674e-14, -3.560710244228531e-14, 6.04144958035534e-07, -1.973265392436683e-14, 7.652938369336863e-15]]
P2->P5
[[-2.1304017803803263e-06, 6.336797670889285e-13, -4.594691867163591e-13, -3.413381755651192e-05, -9.604462500854802e-13, 6.0317605024547e-13, -2.6415583136111786e-05, 9.548135289465561e-13, -4.693042827950841e-13, -2.0491434331967247e-05, -8.12691516775719e-13, 4.4276771626787583e-13, -1.690783472298306e-05, 9.411496629821127e-13, -5.830421379032689e-13, -1.8137846733027883e-05, -8.288748299478131e-13, 4.3894333854790965e-13, -1.3922705010963327e-05, 7.328550147995954e-13, -3.72883193066142e-13, -1.435566749955835e-05, -5.73777414906791e-13, 3.5059105781285733e-13, -1.0279891502645334e-05, 3.565358432282475e-13, -1.6977183886729145e-13, -3.856685164981578e-06, -1.7945473522614685e-13, 7.05237394509653e-14, -6.892710810869468e-06, 3.985310394956228e-14, -3.431140143854307e-14, -6.2156273670259515e-06, 1.4383326543010825e-14, -6.079963591700196e-14, -1.004542736023263e-06, 7.997622863255958e-15, 1.6559500032633332e-14, -8.85514874358446e-07, -3.859375546205771e-14, 3.11756864730144e-16, -3.13645139392733e-06, -1.3640099133734755e-14, 2.684574269898158e-14]]
P4->W3
[[0.012359421719232332, -3.2615870364871317e-13, 2.4488629996270913e-13, 0.01787520060444351, 4.291923627800756e-13, -3.084759459123615e-13, 0.005347576641430987, -3.679181369323412e-13, 2.2646456428648882e-13, -0.00230346993485602, 2.544334989431687e-13, -1.523002713016302e-13, -0.0033037662422142674, -2.1670622379377782e-13, 9.642781840122473e-14, -0.0024629256135878384, 3.760257150093576e-13, -2.596269453674439e-13, -0.0017643553603041895, -2.2440828704145176e-13, 1.325995034662973e-13, -0.0013492788374894293, 2.0399840795411626e-13, -1.0335983292329515e-13, -0.001052005255244328, -1.550057806988092e-13, 5.80451920872162e-14, -0.0006053596988720641, 1.7636809904665314e-13, -1.0825674979218579e-13, -9.693701484000157e-05, -8.371666556285466e-14, 3.088020491742804e-14, 0.0005395700826088021, 5.983554304965433e-14, -1.121704799527163e-14, 0.0005961679569339522, -7.369683176255093e-14, 4.804135341163167e-14, 0.0004981758178471422, 1.1854835134377597e-14, 2.895863765820442e-15, 0.00010432389540787867, 1.6481773214078594e-14, -3.4216489281199554e-14]]
==============================
colrel_PowerOne
P3->P4
[[0.06142957580852482, -1.5543122344752192e-13, 6.702160958785787e-14, -0.11171550493395799, 2.514085072849589e-13, -1.607946034882087e-13, 0.07406959527602286, -3.4598263787633185e-13, 2.2188096930321446e-13, -0.020381710233041694, 2.7277996396959294e-13, -1.4393965640197532e-13, -0.013201670586469316, -1.7805215327180665e-13, 3.989158234718523e-14, 0.0096617619136663, 1.3168725090914108e-13, -5.84649340881662e-14, 0.00520881938850748, -1.9999197520159763e-13, 1.2783311694372792e-13, -0.005280333719793803, 1.2208619367765654e-13, -7.623410894397117e-14, -0.0025695090576806356, -8.757825477579555e-14, 6.658728353069908e-14, 0.0033839515348108376, 8.212119782371642e-14, -6.870374178006301e-14, 0.0005464081451684449, -4.431233086048675e-14, 2.1216134656591883e-14, -0.0009632615180460154, 2.4045742225993483e-14, -7.916078762604489e-15, -0.0012737153180649547, -8.893751948793733e-15, 6.789879471680753e-15, 0.001530081613530165, 3.242566247254978e-14, -6.449631187251096e-15, -0.00015038617934522332, 5.08236351829372e-15, -5.892321805194191e-15]]
P3->P5
[[1.6766224462116952e-05, -1.687538997430238e-13, 5.404811571179247e-14, -9.762161779391931e-05, 3.5782866757484564e-13, -1.6901521967853784e-13, 2.3598053962466115e-05, -4.242816598645575e-13, 3.1417335422173025e-13, -3.707843695785473e-05, 3.288120337183576e-13, -1.6718455975214726e-13, -2.345474198951758e-05, -3.152740583525231e-13, 1.9960189366083235e-13, -2.094592766795078e-05, 2.300309261288541e-13, -1.2251731873324592e-13, -1.3363135505130297e-05, -2.0004828636457565e-13, 6.76178111101299e-14, -8.533019322781027e-06, 1.221335667770846e-13, -6.712842182042108e-14, -1.0076988586956576e-05, -1.2660885396884138e-13, 8.133705141654961e-14, -6.613251678176928e-06, 1.133544948046008e-13, -8.790511021565964e-14, -4.530558510541186e-06, -1.650738912622616e-13, 8.399722741544418e-14, -4.341551695831317e-06, 8.000906132570055e-14, -3.3716416375771824e-14, -2.41469886225334e-06, -8.606935825332466e-14, 6.752709403861988e-14, -1.0615619094787607e-06, 5.465683675715005e-14, -1.8569912148022397e-14, -5.577360612822526e-07, -4.408412435571466e-15, -1.2247863580451586e-14]]
P1->P4
[[0.013266444368973396, 3.7261860263981816e-14, 5.402436545855936e-16, -0.025131386724119853, -1.5000034849702234e-13, 7.922544281375551e-14, 0.01660823463330241, 1.5301215247668748e-13, -8.920377323458856e-14, -0.006061925397665702, -1.4363720150902117e-13, 8.583226311297482e-14, -0.0010011780650112656, 1.305820904808444e-13, -7.715231716756665e-14, 0.0013184246525967114, -1.0930914374592327e-13, 5.933314828679e-14, 0.00030113357977507027, 1.0928568045066699e-13, -6.947860194512385e-14, -0.00023228423432761214, -1.004114037987689e-13, 5.902350664816894e-14, 3.0178212816617256e-05, 7.129415624487168e-14, -3.837582094468761e-14, 0.00023405263951331058, -6.361242054782365e-14, 3.144886895458481e-14, 6.324339297781104e-05, 4.6080375150706657e-14, -3.478010061764215e-14, 5.454506593149597e-05, -2.968820405324086e-14, 1.7197053973124038e-14, -5.5827007254703395e-05, 2.3755225249833384e-14, -6.17078257795475e-15, 2.2026689066919486e-05, -1.6510021681608014e-14, 7.876105167697157e-15, -6.538213427610597e-05, 8.828431784704028e-15, -7.039492413091347e-15]]
P4->P5
[[3.412797063617745e-05, -7.815970093361102e-13, 6.504438856398444e-13, -7.846224839624938e-05, 1.0457126825736426e-12, -8.430585964476258e-13, 5.706170779717912e-05, -1.130251820799822e-12, 9.155055210779092e-13, -1.1411277737044534e-05, 7.33403761452532e-13, -4.981335542409162e-13, -3.595891060748091e-06, -5.856623094554025e-13, 3.4825073802305873e-13, -2.386685640787256e-06, 3.6402421562666437e-13, -2.1548027933487503e-13, 5.6860738444075576e-08, -3.3884123730695183e-13, 2.2566172042361148e-13, 1.0288936933347537e-07, 2.2590399243455607e-13, -1.5721738969345475e-13, 1.6924659769056855e-06, -6.052108858173414e-14, 3.540501459204577e-14, -3.7729546310122375e-09, -2.8167033745879263e-14, 4.1359275488310136e-14, 2.5616683472660853e-06, 8.41715893744056e-14, -5.3720202086110963e-14, -8.582328184171713e-09, -8.695298417342026e-14, 8.295581325785374e-14, -4.104495345084178e-07, 8.764917854278565e-14, -8.686409679685804e-14, -2.512355598396275e-06, -3.0164435105126025e-14, 2.0155405552116572e-14, -2.1867859739888506e-07, 1.9396324106058175e-14, -1.859042346060598e-14]]
P5->W3
[[0.3836152905030943, -6.439293542825908e-14, 2.4355503638907218e-14, 3.324171559857012, 1.586841351531896e-13, -1.0767594063596065e-13, -1.2521744788564944, -2.0544600440110541e-13, 1.3777557493327097e-13, -0.6566716444236614, 1.5289487079046704e-13, -8.211906080492717e-14, -0.3850616598025486, -1.1438443275023805e-13, 5.1785134592501617e-14, -0.19883127393561156, 1.2757213092660547e-13, -9.192305759234238e-14, -0.055906260060081675, -1.0604143846559756e-13, 5.2027421415521416e-14, 0.035061810067783666, 6.879478472266661e-14, -4.678787143825634e-14, 0.0663117432427743, -6.256639028534143e-14, 4.100524427362061e-14, 0.025195055924258775, 4.232093991641627e-14, -1.5849804966414285e-14, 0.046160195235626575, -2.002764680469778e-14, 1.789500725323304e-14, 0.0003160944735863813, 1.3678658996443348e-14, -1.0312846469584573e-14, 0.02372775170980456, -1.0955401813116907e-14, 3.913805409858264e-15, -0.0033351441178398195, -1.758437102425039e-14, 2.5266672648929447e-15, -0.004227592382756787, 1.3710613836007126e-14, -6.780211901247281e-16]]
P2->W3
[[0.15521662731515562, -3.6415315207705135e-13, 1.159456718235625e-13, 0.2989926729344283, 7.727796897742902e-13, -3.881600333534311e-13, 0.24205167510164993, -1.0108299482073815e-12, 6.015793335975591e-13, 0.18209054761499643, 1.111662036397623e-12, -7.065563937085082e-13, 0.1000270495152622, -1.1221826726478006e-12, 7.135785658167058e-13, 0.04138110467947098, 1.0225958448561054e-12, -6.199637696727619e-13, -0.007557479025692704, -8.593956724968772e-13, 4.926407623881176e-13, -0.029637431175740317, 6.658907605101982e-13, -4.351527111860664e-13, -0.027821468712372066, -5.658122166131727e-13, 3.2547476875745033e-13, -0.018747672091782644, 4.803924025541569e-13, -2.9037427144133925e-13, -0.0029220723609534906, -5.112502017432579e-13, 2.493646351674061e-13, -0.0010676626939463973, 4.3521458532209594e-13, -2.014532795081262e-13, 0.006887459925253578, -4.295337751691191e-13, 2.3495055444890963e-13, 0.0014306473933181282, 3.136505313959335e-13, -1.5022012898949561e-13, 0.004961356563153024, -2.142211882521184e-13, 1.0833926595932083e-13]]
P1->P2
[[-0.00460119222154276, -2.4424906541753444e-14, 2.3740414048482107e-14, 0.005780068701803989, 3.966357011681833e-14, -2.253133250461876e-14, -0.005044848967355464, -2.8740759960390816e-14, 1.9309298174658836e-14, 0.0018877132815586783, 4.774159020281163e-14, -2.5925184454009197e-14, 0.0006299703623739716, -3.3415929689792615e-14, 1.3418790795009664e-14, -0.000867596888469227, 1.6423312977967965e-14, -1.0580823994451503e-14, -0.0008763515664631308, -1.9138899901603628e-14, 1.0312672840095484e-14, -0.00010545903224016672, 2.1982700205612573e-14, -1.2701720259098188e-14, 0.00034572087200877887, -6.1778283772991374e-15, 1.2236742401978089e-15, 0.0001649869874824632, 7.340216304390016e-15, -1.0474950046199977e-14, -2.6569766017753293e-05, -1.2915837539495178e-14, 2.474425793299355e-15, -0.0002316665119619888, 7.18791896937035e-16, -4.137036051154401e-15, -2.2661073196148733e-05, 3.1441883284501295e-15, 3.3492141488540224e-15, -1.7076430347603565e-05, 4.937109719301877e-15, -5.282728730116095e-15, 0.00012047107176398915, -5.171887858200125e-15, 2.9842551246207068e-15]]
P1->P3
[[0.005599061356900137, 2.220446049250313e-15, 1.156980355197401e-14, -0.01052229817846806, -5.052095380290682e-14, 1.60838026502104e-14, 0.006986392920989015, 5.2840288179960324e-14, -2.0221641410220525e-14, -0.0026039603872807238, -1.0445231738018898e-13, 5.182809412799018e-14, -0.00045659455534197146, 9.372327465076083e-14, -6.060165952383229e-14, 0.0004547091530427566, -8.224912934548025e-14, 4.4723674607301967e-14, 8.01598319358568e-05, 8.289290333453294e-14, -3.644154665245342e-14, -0.00021696437028186077, -7.100990831476605e-14, 4.109551163212437e-14, -6.253046224168925e-05, 5.644453342787282e-14, -3.4579278363118456e-14, 3.07640473255549e-05, -4.778254930291891e-14, 2.3687462797986657e-14, 3.829336602527867e-06, 6.587845167030515e-14, -3.460340347753337e-14, -1.995625480075364e-05, -7.000949284101612e-14, 4.595868765162985e-14, -1.559885296401986e-05, 4.96366520914478e-14, -3.221948363189234e-14, 1.4544668329219456e-06, -4.541162712102339e-14, 2.715315857242935e-14, -2.9249007141684126e-06, 2.3295313178335564e-14, -1.7619664814178066e-14]]
P2->P3
[[0.03167813563564437, -1.0658141036401503e-12, 5.751385182074286e-13, -0.15970224571706382, 2.197559952176206e-12, -1.3094162090712353e-12, 0.14636457369296085, -2.047350297793597e-12, 1.152514713723778e-12, 0.046447312554026565, 1.8501041675377322e-12, -1.0917555066888345e-12, -0.043215892706701675, -1.501852668401484e-12, 8.604591894464825e-13, -0.03705141700290862, 1.586260065694238e-12, -9.151719144146732e-13, -0.018933869230733646, -1.1836900636724564e-12, 6.732550341607453e-13, 0.015324701644650884, 9.26864029594841e-13, -4.915749560054833e-13, 0.0316663735600038, -7.336930088721621e-13, 3.8161719648906945e-13, 0.0030469094972900707, 5.616334858271153e-13, -3.426936634484574e-13, 0.0007322140293875012, -4.149268604267113e-13, 2.49562033346378e-13, -0.02898849257804252, 3.1537595736705305e-13, -1.7181383323597073e-13, 0.003638555069030644, -1.8454931975975563e-13, 1.5635217610424932e-13, -0.006299416991170925, 1.0588194329569056e-13, -8.993819919398448e-14, 0.02014446534132467, -2.447701942048131e-14, 4.236477668013324e-15]]
P1->W3
[[0.21583474194084573, 4.163336342344337e-14, -4.455345459048521e-14, 0.4875684270627101, -5.940978935333589e-14, 2.7113873824130574e-14, 0.05508496005971794, 6.496357781300009e-14, -2.88532848573049e-14, -0.030230518297604814, -7.09830681483584e-14, 4.6969205008319774e-14, -0.04850939261518916, 5.686953546901903e-14, -2.904794534103947e-14, -0.0045664753230641175, -2.7586500058831048e-14, -1.280578705508773e-15, 0.004753849396541589, 3.471631189492828e-14, -2.341900576448046e-14, 0.005119664728370638, -1.9186156009839995e-14, 1.3181753876919284e-14, -0.0010028642533463361, -4.8171806313479264e-15, 1.6080302450821892e-14, -0.022402990802307156, -9.70686373581841e-15, 1.0545789249655055e-14, -0.006336789560635854, 1.1405625188316292e-14, 3.434226983551539e-15, -0.018973427305798013, 7.001192143995342e-15, -7.286987695986606e-15, 0.011764494654567886, 5.616637811870927e-15, -7.23160569527621e-15, -0.00342280098403331, -1.090881248269994e-14, 4.8902862000128055e-15, 0.01707406128419171, -9.196721356445568e-16, 5.294977127674026e-15]]
P2->P4
[[0.0064072330560094315, 1.9539925233402755e-13, 1.4359617798859712e-14, -0.14227414285894469, -8.848357496792301e-13, 5.048713964736376e-13, 0.14900496953002385, 6.659066907354955e-13, -3.211773873301042e-13, 0.06889035140628441, -8.128944037811126e-13, 4.064806752147368e-13, -0.04993150067075125, 5.452929429227832e-13, -2.647539256334005e-13, -0.055729337164670406, -4.0749103307659615e-13, 2.077648819381225e-13, -0.02194933462030313, 4.969755786932077e-13, -2.829226808299286e-13, 0.0261153951194687, -3.249631996747444e-13, 2.0552421848091925e-13, 0.0400956204267822, 1.9495455323609458e-13, -1.2620098460384718e-13, 0.002892805758181148, -1.4792955160644395e-13, 8.689343325988341e-14, -0.006709269798446868, 7.833973056640914e-14, -6.279522095730212e-14, -0.032884930613381116, 1.720068996831428e-14, 1.4054218683094753e-14, 0.003930791808335558, -3.170175302239662e-14, 8.933356453640574e-15, -0.0009924427710517741, 4.077186932327332e-14, -2.091128052749866e-14, 0.022900720199179186, -3.611040794264194e-14, -1.6708169250200698e-14]]
P3->W3
[[0.31025436490018876, 1.6653345369377348e-13, -8.154259918936153e-14, 0.5745982236102787, -3.1007525075689557e-13, 1.268061096976601e-13, 0.27036633332107984, 2.873279160708888e-13, -1.5698165285924127e-13, 0.07427160997629523, -2.947411193002591e-13, 1.7280329044813535e-13, -0.11092273310660539, 2.3176966231754976e-13, -1.5485818669375616e-13, -0.10317229290458863, -1.689813361101307e-13, 1.253643455171929e-13, -0.07535719133238251, 1.3493890434305915e-13, -9.305632959619577e-14, -0.01761174767960741, -1.0876580635306805e-13, 5.0959015296853734e-14, 0.024433545223957742, 9.103819668673223e-14, -5.35434911557151e-14, 0.003765984114442039, -8.606888924492789e-14, 4.935794106879838e-14, 0.02279080747428601, 5.702966098917976e-14, -1.7165358695774088e-14, -0.026413866098158253, -6.574332549576209e-14, 2.3911055241241186e-14, 0.015188578444534535, 3.403842596437377e-14, -1.190770384397678e-14, -0.0190618420349281, -3.4216605449491875e-14, 1.576688509975103e-14, 0.026025811442378755, 1.73085694602436e-14, -1.0760782546248133e-15]]
P1->P5
[[-0.000591088744350543, -6.661338147750939e-14, 8.214983971742062e-14, -0.001010234749792005, 1.9266005988282856e-13, -1.6286635578302818e-13, -0.0011575087491652591, -1.4109456082775038e-13, 1.054705893907002e-13, -0.000954787812796204, 8.551825466684462e-14, -4.2469096751704e-14, -0.0009007010955892208, -6.633315678228044e-14, 2.5764370987928103e-14, -0.0006952370228206078, 8.526667377246581e-14, -4.7706159526128865e-14, -0.0005848812095016892, -8.002799517219428e-14, 4.121234688785889e-14, -0.00045255254961482604, 5.2267988604471e-14, -1.9946528321696985e-14, -0.00030162790591609784, -3.8304156765481814e-14, 2.3762583719501588e-14, -0.00024682602734462863, 3.975217472474916e-14, -3.0760009628581394e-14, -8.450743833602909e-05, -2.193825101770788e-14, 2.6386326544508072e-14, -9.66816835502773e-05, 3.3918363553988167e-15, -1.1035620137383793e-15, 4.2743219345538376e-05, -2.2762113844403352e-15, 8.05480016140979e-15, -2.0988450785637262e-05, -1.1909075733765825e-14, 9.864571726146428e-15, 6.634417755384015e-05, 1.154867813679133e-14, -1.5581506706836513e-14]]
P2->P5
[[-0.00046040698393312596, 5.861977570020827e-13, -2.868683913046592e-13, -0.001204272475980872, -3.430465038901201e-13, -1.4455337099320045e-13, -0.001131718596240061, 5.530182293431972e-13, -1.2444357875243206e-13, -0.0011953873234849671, -7.389898409796584e-13, 4.2953178534762133e-13, -0.0008024133203865177, 6.716800186761621e-13, -4.669388287475697e-13, -0.0007588987131144573, -5.799898203515879e-13, 2.779828661516577e-13, -0.0006754738288271278, 5.069682966407743e-13, -1.5909430308352317e-13, -0.0006192804531069546, -4.0891389398136884e-13, 2.2353557894030236e-13, -0.0005065818257319818, 4.023368518763135e-13, -2.301851616384205e-13, -0.0002774994060562516, -3.1441480114308304e-13, 1.4817495546516715e-13, -0.00033293525161428444, 2.659981830645155e-13, -1.1285091622428494e-13, -0.00015744030955482796, -2.7597655958928606e-13, 1.132302400182681e-13, -0.00026481898919166174, 2.056827503077179e-13, -9.536817375434427e-14, -4.74276863923935e-05, -1.2129066323408092e-13, 2.6785661711301335e-14, -0.00013681131315576773, 7.106550282683601e-14, -3.703597431246269e-14]]
P4->W3
[[0.2754487391668192, -6.883382752675971e-13, 4.765328548293259e-13, 0.5002947544162062, 8.985389987805112e-13, -5.015599395127264e-13, 0.2755496609448338, -5.859386592556021e-13, 2.47820824231486e-13, 0.10939493980129833, 5.32996268628026e-13, -2.9403388122440176e-13, -0.031033273070586453, -5.507219961604198e-13, 3.401978267522261e-13, -0.058172885983868994, 6.112286922677644e-13, -3.752565503566013e-13, -0.07001543809110972, -5.584417013018088e-13, 2.9028434884499983e-13, -0.05748988602672825, 5.245665776874651e-13, -3.4087817849589505e-13, -0.035540059131957125, -4.937751901717413e-13, 2.553537357314187e-13, -0.028599948550250207, 4.304564919598327e-13, -2.2915201474463273e-13, 0.0077907659350693464, -3.118286393553931e-13, 1.3970418255520772e-13, 0.001200302036287737, 1.8412654097748778e-13, -7.603968852841125e-14, 0.029972281006438332, -1.3290058696811878e-13, 6.593831197506415e-14, 0.006663793138084856, 2.4407293493564036e-14, 8.005679286763142e-16, 0.021266605140560807, 1.2098418522607448e-14, -7.464686693394125e-15]]
==============================
colrel_FactorOne
P3->P4
[[-0.2578976474249376, 1.071664311988629e-13, 2.7797512926939195e-14, 0.35193628010367095, -5.407438071758568e-13, 2.2904276142572703e-13, -0.05356574165318765, 3.700409554319421e-13, -1.1620129499230577e-13, -0.07896226779822021, -5.648708450534156e-13, 3.2429721168676826e-13, 0.02440381549936807, 5.288965847999399e-13, -3.489494697808191e-13, 0.032451121067366875, -4.3526696978588477e-13, 2.1156660147426866e-13, -0.011590595166623597, 3.814284618670245e-13, -1.7940287181265804e-13, -0.016522575171519116, -3.7569173339217956e-13, 2.0354948707787402e-13, 0.005815660794926839, 3.6122652395348625e-13, -1.8681782733206258e-13, 0.009887022688434211, -3.3119679582789614e-13, 1.7181881525314745e-13, -0.0054230460749052235, 2.701503886415842e-13, -1.4467902213387132e-13, -0.0023568331475446076, -1.7903794730471875e-13, 1.2879418637596085e-13, -7.849515363321678e-05, 1.2447898541009313e-13, -5.852685147660206e-14, 0.004167452320409591, -5.360745764993193e-14, 2.2242068665212302e-14, -0.0026523598798467688, 1.2204657208551074e-14, -5.4493984564654e-15]]
P3->P5
[[-0.00017075139063256302, -1.397823015637342e-13, -2.7187979202096795e-14, 0.00021266618406021298, 3.851026718483792e-13, -1.6549423677910165e-13, -6.36129786964173e-05, -6.947667116564193e-13, 4.761663974560587e-13, -2.0032342012747063e-05, 6.377656589570722e-13, -3.254659078392525e-13, -3.6457793777779557e-06, -5.556519934770774e-13, 2.624442128582562e-13, -1.0871683975585028e-05, 4.210616104156391e-13, -2.1572431447509996e-13, -1.4260985102337598e-06, -4.024301326046469e-13, 2.1165791520871733e-13, -4.438496281995867e-06, 2.2297043336609634e-13, -1.0797474708814029e-13, -4.645563577189093e-06, -1.6892555241580317e-13, 9.17321412623757e-14, 9.957127032448178e-07, 1.4499794692889085e-13, -9.047949139611186e-14, -4.208231386392957e-06, -2.0288110281384238e-13, 1.1026217533442322e-13, 1.8202546147544352e-06, 2.0022389995159386e-13, -7.962123686685352e-14, -2.875972983895809e-06, -2.187165737754035e-13, 1.3719008497588188e-13, 1.7537707185763623e-08, 1.7834379697335222e-13, -1.0246291854596084e-13, 2.2840252957243836e-07, -9.275535967713217e-14, 5.3793725978862985e-14]]
P1->P4
[[-0.052479203343332094, 4.50652315978914e-14, -2.021992109316773e-15, 0.07688139683624569, -1.2062329620061276e-13, 7.662305920262788e-14, -0.025162171701187574, 1.2630227393322247e-13, -8.554649014885574e-14, -0.004101991754643308, -8.471639243823297e-14, 4.5872416255417786e-14, 0.0044359616991382295, 6.318727586128148e-14, -3.272153604120574e-14, 0.0010691800199007183, -5.428759578275246e-14, 3.156822780421197e-14, -0.0010782675850048277, 5.964323478188212e-14, -2.397562770015639e-14, -0.00028363891418318283, -3.797407488749842e-14, 2.4295234187692786e-14, 0.0003869722245912027, 3.4778211065007116e-14, -1.938317919335598e-14, 0.00016135711429591618, -2.7581835673816945e-14, 1.2447362767306119e-14, -5.539274680766925e-05, 2.1030499403477575e-14, -1.7461029528950046e-14, -5.775875105154824e-06, -5.651571763384963e-15, 6.216491193517328e-15, 2.5181781499330552e-05, 5.8419514206145754e-15, 2.349825491498756e-15, -3.606386525805594e-05, 4.8319059042206315e-15, -9.469653995047158e-16, -2.524485892479085e-05, -7.237958673222496e-15, -3.4307932344595636e-16]]
P4->P5
[[-0.00018660517859668435, -4.0070926448270477e-13, 4.2576807225630725e-13, 0.0002478543619794007, 4.2307273721360875e-13, -4.641143589358175e-13, -5.3723247210301567e-05, -7.449672391517461e-13, 8.054909526512755e-13, -1.214278861768591e-05, 5.0983380371757326e-14, -1.5615995847857509e-13, 4.403821535615049e-06, 1.6291016062610353e-13, -1.325713110126055e-13, -2.074895454145424e-06, -1.7471827848717405e-13, 1.2439966415878305e-13, 2.7864927423183896e-06, 2.848670060957623e-14, 4.437865099854105e-14, -5.632844937297752e-07, -6.901167633570875e-15, 1.2727405951266041e-14, -2.6407934806552772e-06, -3.5212223770179776e-14, -2.565454702151569e-14, 4.8810631642263555e-06, -1.1789156975459643e-14, 2.5392908110567606e-14, -3.944824960075289e-06, 2.810428261209863e-14, -6.718877942459872e-15, 5.119585716251052e-06, -3.0526554987105676e-14, 6.678548764465163e-14, -3.930105978388783e-06, 3.5376790081753954e-14, -5.672592917402154e-14, -2.2411616572896244e-07, -4.003899250312865e-14, 2.9898868740917265e-14, -1.2862431445798723e-06, 2.7392346570094678e-14, -3.025166269604097e-14]]
P5->W3
[[5.443984242275295, -1.316283339725164e-13, 3.7836376464387283e-14, -3.844129140435839, 3.252172973852223e-13, -1.787194648621406e-13, -0.6467826685513257, -3.3779312541233207e-13, 2.004565892742686e-13, -0.19750581945120274, 2.784377725982325e-13, -1.477578846039975e-13, -0.17738879902608554, -2.3204165158429925e-13, 1.2354035984483377e-13, -0.17813259332287423, 2.5419465595399123e-13, -1.5513556013747816e-13, 0.07385317211128403, -1.9864721110295437e-13, 1.0427218153296663e-13, 0.09156924071430328, 1.4080782425470463e-13, -7.790000239706053e-14, -0.013084788929777687, -1.2444634619732479e-13, 7.576524297446378e-14, 0.03642572227516845, 8.564493010522013e-14, -4.2608705784744554e-14, 0.004779879448599852, -4.9184287000595877e-14, 3.239824673633374e-14, 0.02885479893058597, 4.705437668546736e-14, -3.607378421885773e-14, -0.02605000366967187, -4.8920293366602373e-14, 2.547912417507964e-14, 0.026930118330567264, 1.838244392882407e-14, -1.2018923097981785e-14, -0.02295982111809712, -1.0176311019416578e-14, 1.4459703127686887e-14]]
P2->W3
[[0.07380089768736581, 1.1182584125098737e-13, -1.049023418566058e-13, 0.15955014375312881, 1.2143644581947422e-13, -9.036525138124344e-14, 0.12827343231634383, -1.5495567014536777e-13, 1.271544604935428e-13, 0.0716361743465831, 1.9690680817341638e-13, -1.0279480802615782e-13, 0.04376257754815513, -2.887408674936531e-13, 2.1977045895620293e-13, 0.010758076792481367, 2.292464475416988e-13, -8.635792238782748e-14, -0.02179554664818452, -3.677231963839526e-13, 2.3793435566015673e-13, -0.030025180146256714, 3.150765349000228e-13, -2.3718318405112837e-13, -0.017731754107335563, -2.288344288477786e-13, 1.5815508592744915e-13, -0.006986230141254229, 2.448014104937214e-13, -1.6383541464848624e-13, 0.0007380400873382614, -2.390987038556911e-13, 1.2018774042421564e-13, 0.001795755860510163, 1.9533124606230956e-13, -1.305606632096131e-13, 0.004536369215574456, -2.1531041379907706e-13, 1.351805526183903e-13, 0.001002956640902356, 1.608583287103714e-13, -8.601488937363213e-14, 0.0018361718510937657, -1.0707756863610922e-13, 5.789081591953476e-14]]
P1->P2
[[0.014845251905847366, -1.4269443284631202e-14, 1.3264713588577761e-14, -0.02301726511644394, 4.5522149441644544e-14, -3.179956490795823e-14, 0.005800658896898583, -2.6187795227166305e-14, 1.708636839525542e-14, 0.003341606185668571, 2.2777320563637934e-14, -7.810905081856811e-15, -0.0006957400359936745, -1.8596229478578638e-14, 7.193647381702796e-15, -0.001536431360551424, 1.1570801120976601e-14, -8.180658448802382e-15, -0.0006364994128260078, -7.527583301236265e-15, -5.958497921388543e-16, 0.00037429975749642873, 9.692904206063496e-15, -3.161375994216676e-15, 0.0005810012491327759, -6.382564343332099e-15, 6.895818812798926e-15, 7.26934359671567e-05, -1.5184476067490418e-15, -9.165479860649135e-15, -0.0001932110968025278, 1.5013488314498643e-15, -3.611224121970195e-15, -0.0002480200069082546, -7.920286960239735e-15, 1.1008669611902655e-15, 4.736348871253565e-05, 1.9826961786159814e-14, -1.8446675369185114e-15, 4.033668518427625e-05, -1.1385639737014058e-14, 5.301158545328689e-15, 0.00012627604256087513, -4.432620996743349e-15, -3.576625118410274e-16]]
P1->P3
[[-0.021619061229120124, 2.300583713236459e-14, -1.2081468738026065e-14, 0.031654701455876635, -6.166297238539533e-14, 3.548289854069536e-14, -0.010197330486075408, 6.538553979826759e-14, -4.672757473593046e-14, -0.0018262575630348373, -3.499207812900071e-14, 1.440385325998788e-14, 0.001716638062714294, 3.289787012403361e-14, -8.176249924987042e-15, 0.0005820002982815577, -5.996656588344775e-14, 1.4712636207941642e-14, -0.0005609054356618815, 5.6792484492291656e-14, -3.514810368200879e-14, -0.0001737860938753401, -2.6643604083383868e-14, 6.994334843622544e-15, 0.0001123078205704152, 3.681979968831218e-14, -2.484242056977872e-14, 7.599638821779482e-05, -1.487573849429381e-14, 9.29301545283336e-15, -6.80741516483054e-05, 3.176759912227421e-14, -2.9555118382730696e-14, 2.0079437242745684e-05, -3.874955367602332e-14, 2.6478079352720142e-14, -3.776595141046858e-05, 2.6672129963596142e-14, -2.178487688013384e-14, 2.9732829152406425e-05, -2.2075360788375502e-14, 1.3551022235423902e-14, -9.81236035304618e-06, 1.4232853036096212e-14, -2.320571650282751e-15]]
P2->P3
[[-0.4499455488313651, -5.870856665676837e-13, 4.73785928190784e-13, 0.45846407201443146, 4.541558647712687e-13, -3.2764121195842167e-13, 0.05635713278505439, -4.870670426288679e-13, 3.7154724971168267e-13, 0.0035955944679399053, 9.41852218097006e-14, -1.1296475711988613e-13, -0.05558398088855067, -5.45237130808753e-14, 1.7010751973122832e-14, -0.040787716015537524, 3.205031888850187e-13, -1.8716997069364973e-13, -0.011558583945480773, -7.785659165835096e-14, 4.306899181736603e-14, 0.027171950749664626, 1.3651845739160844e-14, 5.713709420368588e-14, 0.035461999454312464, -2.2559182508480128e-14, -3.218221707667183e-14, 0.0010353456045294174, -5.3960145594485796e-14, 3.993648012763942e-14, -0.008965345337980487, 4.0203057392665676e-14, -1.5810867237991916e-14, -0.02923164037656825, -3.286401134288577e-14, 2.7478098821545816e-14, 0.0032175753885687573, 1.5148188512660967e-14, 3.3336917783871475e-15, 0.00045630210647564304, 9.029526375906988e-16, -7.065419663353908e-15, 0.021528809645562863, -8.934906445428546e-15, -2.7847475774502778e-14]]
P1->W3
[[0.44934463306822686, -1.7647515572421444e-13, 8.532778479308506e-14, 0.0306945194526671, 3.560056745932163e-13, -2.0081907523736592e-13, -0.09631362319554114, -3.271254664038346e-13, 1.9921570083762435e-13, -0.06166058894684515, 2.831673509488015e-13, -1.6082867034040873e-13, -0.0343372698422213, -2.470161653086498e-13, 1.4822303976029777e-13, 0.007302203168268054, 2.476583712839674e-13, -1.5665980625451996e-13, 0.013535598335770272, -1.904046371120725e-13, 1.0518228469614536e-13, 0.00811814702900553, 1.5780166473637487e-13, -8.996872242817957e-14, -0.002005810875568134, -1.2447803750503103e-13, 7.80652082966705e-14, -0.018367077001703567, 7.356590492840198e-14, -4.4035146548544147e-14, -0.006329734103556354, -3.4995649670543094e-14, 2.5257973259687554e-14, -0.011707961294014215, 1.2454750583424469e-14, -4.10169025230827e-15, 0.009282282803265452, 6.977383338871104e-15, -8.933185776674961e-15, -0.0007687122413845254, -1.0045966698766057e-14, 3.3608410345771944e-15, 0.011623503902815933, 1.100520916183598e-14, -6.497002492099082e-15]]
P2->P4
[[-0.43015676701085104, -9.784761109461395e-13, 7.259830141243398e-13, 0.3734045172944518, 1.3576022141829457e-12, -7.717401410842479e-13, 0.1380052353304447, -1.3096231017220333e-12, 8.101237358331197e-13, 0.025125553976231327, 1.0701067345888147e-12, -6.436079273290008e-13, -0.08925675098085424, -1.015166542739227e-12, 5.674176104142841e-13, -0.06451933089243411, 9.752809304741514e-13, -5.717658168354735e-13, -0.004493958563336295, -8.690653953635489e-13, 4.803439987975405e-13, 0.04406389403242717, 8.219622941517082e-13, -4.495361679188941e-13, 0.04410755904003228, -8.066994153771845e-13, 4.599042799309215e-13, -0.0035681147665689176, 6.686557707467745e-13, -4.339729998972979e-13, -0.01900393116441892, -4.963392468992886e-13, 2.818800091641483e-13, -0.03336398870381534, 3.1209122133252207e-13, -1.514506206341453e-13, 0.005955105041683313, -1.337942409254089e-13, 7.866447675647707e-14, 0.007679717384775884, 2.5194542486763688e-14, -2.609430455410572e-14, 0.02378215662601305, -1.93431080767433e-14, -1.885475465433395e-14]]
P3->W3
[[0.2076240057089724, 8.130670540957207e-13, -4.44868781697047e-13, 0.36827891681393715, -1.5609384635898453e-12, 8.391164185383445e-13, 0.10180200832584449, 1.5430376348962635e-12, -8.762050752218917e-13, -0.044627007672933566, -1.4845753137999194e-12, 8.394415413968134e-13, -0.12542232386420354, 1.3170452215166922e-12, -7.490969432000025e-13, -0.07989079970019813, -1.2718269173072475e-12, 7.658898925046993e-13, -0.040873075576136855, 1.0285464769565557e-12, -5.874809854576337e-13, 0.007125474578509126, -8.316523117561507e-13, 4.813771616857963e-13, 0.03320687753793452, 6.730926675927373e-13, -3.883608254489239e-13, 0.004526794514295975, -5.121140361603219e-13, 2.951282082672147e-13, 0.012517695362366193, 3.905743889387662e-13, -2.297572682533103e-13, -0.027087179499402998, -2.671161797708609e-13, 1.40337963345656e-13, 0.00901068054995031, 1.7994570265436765e-13, -1.0157474474823425e-13, -0.016485701081350647, -1.0607755967672985e-13, 6.085508647832727e-14, 0.02075663172713046, 5.4407587185198405e-14, -2.4800014992744776e-14]]
P1->P5
[[-0.0001515254326790162, -9.784761109461395e-14, 9.278346542202773e-14, -0.0005227592659057351, 1.1647826257496002e-13, -1.0785533829427353e-13, -0.0005539722644149193, -1.248911071386086e-13, 1.0404474253780675e-13, -0.00039616246018587235, 3.556908225294512e-14, -1.0325331982939437e-14, -0.00038892080602016637, -6.92721833950076e-14, 4.617135433969512e-14, -0.00028549046808877223, 9.194091514297741e-14, -5.303013932335484e-14, -0.00024319665729210426, -5.5025411203768356e-14, 3.961667218891091e-14, -0.0001851130718136652, 5.530933429649638e-15, -1.1352494728490181e-14, -0.00011444509929562743, -3.936718362294094e-15, 9.495444158174954e-16, -0.0001000787677247998, -4.335780931830565e-15, -4.385289447154926e-15, -1.6381916138326335e-05, -1.0047989201072595e-14, 1.1527269400265692e-14, -3.854004750546949e-05, 1.8440247936573722e-14, 2.2938735748777282e-15, 3.7005112929547314e-05, -2.885923120212607e-14, 1.742785364438011e-14, -7.820791889838215e-06, 2.0507010612683417e-14, -1.0374738731738665e-14, 4.137684091112115e-05, -1.4776751180458618e-14, -5.030348266946357e-15]]
P2->P5
[[0.000102197753512759, -2.9820224333596633e-13, 5.537201246948602e-14, -0.0005555386952853985, 1.0556836387128888e-12, -6.048856280017666e-13, -0.0009272642449605068, -9.139967173407452e-13, 4.613236287570326e-13, -0.0005565341723077474, 9.76159255399914e-13, -5.428311547387912e-13, -5.050341195277167e-05, -8.17938325151252e-13, 3.8202074800504196e-13, -0.00022897867149442353, 6.440283398581967e-13, -3.621378597241184e-13, -0.00042218433803671655, -5.197035042255408e-13, 3.8265442363084945e-13, -0.0003398358265586738, 4.595963116896995e-13, -3.104591149206345e-13, -0.0001456570282433042, -1.3941133036449987e-13, 1.1096912661738144e-13, -4.35853299203113e-05, -2.7257528443552407e-14, -7.269205192895189e-15, -0.0001293733746648217, 2.243341643621408e-13, -9.714758165979442e-14, -0.00010442109175454717, -3.7444939267921807e-13, 1.7746473415620587e-13, -0.00010716708145804861, 3.743589308073936e-13, -1.7006001966621811e-13, -1.9142882208662374e-06, -2.9906706683032184e-13, 1.2068239119398362e-13, -2.9561567689898186e-05, 2.0760364869496123e-13, -1.147471011322298e-13]]
P4->W3
[[0.18779769231156287, -6.849332776622976e-13, 4.948873695515538e-13, 0.2995430607602751, 7.392277758600073e-13, -4.743481741193946e-13, 0.10772742797413758, -7.841689847672411e-13, 5.577825520677218e-13, -0.009570347840710624, 3.6617766277912486e-13, -2.0149700211622516e-13, -0.056368165238345085, -3.450418338095247e-13, 2.162953737673045e-13, -0.0443036689149864, 3.618890873736048e-13, -2.823652538288455e-13, -0.03760394725930483, -2.2951722845604974e-13, 1.040777846593619e-13, -0.0298244474419475, 2.4653367262532684e-13, -1.689037944796349e-13, -0.019868289390811526, -2.033430622968858e-13, 7.738092708822674e-14, -0.01410687994659529, 1.850025941611096e-13, -1.170442674797142e-13, 0.004813344141860849, -5.98258844326756e-14, -6.682950575511496e-15, 0.00552562554365609, -4.775730984419006e-14, 5.759483961820875e-14, 0.017253875874746163, 7.995644886595543e-14, -3.638402998920543e-14, 0.006218460519544327, -1.205843562076009e-13, 6.317571455263633e-14, 0.009782490155817364, 9.289391204650932e-14, -5.534140351229173e-14]]
==============================
W1a_Energy_1
P3->P4
[[0.0, 0.0, 0.0, 0.0, 0.0, 0.0, 0.0, 0.0, 0.0, 0.0, 0.0, 0.0, 0.0, 0.0, 0.0, 0.0, 0.0, 0.0, 0.0, 0.0, 0.0, 0.0, 0.0, 0.0, 0.0, 0.0, 0.0, 0.0, 0.0, 0.0, 0.0, 0.0, 0.0, 0.0, 0.0, 0.0, 0.0, 0.0, 0.0, 0.0, 0.0, 0.0, 0.0, 0.0, 0.0]]
P3->P5
[[0.0, 0.0, 0.0, 0.0, 0.0, 0.0, 0.0, 0.0, 0.0, 0.0, 0.0, 0.0, 0.0, 0.0, 0.0, 0.0, 0.0, 0.0, 0.0, 0.0, 0.0, 0.0, 0.0, 0.0, 0.0, 0.0, 0.0, 0.0, 0.0, 0.0, 0.0, 0.0, 0.0, 0.0, 0.0, 0.0, 0.0, 0.0, 0.0, 0.0, 0.0, 0.0, 0.0, 0.0, 0.0]]
P1->P4
[[0.0, 0.0, 0.0, 0.0, 0.0, 0.0, 0.0, 0.0, 0.0, 0.0, 0.0, 0.0, 0.0, 0.0, 0.0, 0.0, 0.0, 0.0, 0.0, 0.0, 0.0, 0.0, 0.0, 0.0, 0.0, 0.0, 0.0, 0.0, 0.0, 0.0, 0.0, 0.0, 0.0, 0.0, 0.0, 0.0, 0.0, 0.0, 0.0, 0.0, 0.0, 0.0, 0.0, 0.0, 0.0]]
P4->P5
[[0.0, 0.0, 0.0, 0.0, 0.0, 0.0, 0.0, 0.0, 0.0, 0.0, 0.0, 0.0, 0.0, 0.0, 0.0, 0.0, 0.0, 0.0, 0.0, 0.0, 0.0, 0.0, 0.0, 0.0, 0.0, 0.0, 0.0, 0.0, 0.0, 0.0, 0.0, 0.0, 0.0, 0.0, 0.0, 0.0, 0.0, 0.0, 0.0, 0.0, 0.0, 0.0, 0.0, 0.0, 0.0]]
P5->W3
[[-1.456326570158522e-09, 1.8093233456075159e-16, -8.549907269967493e-17, 1.960751558600186e-09, -3.395754105506712e-16, 1.7606291555947654e-16, -1.8214768038274458e-09, 2.838221701645245e-16, -1.773294858496978e-16, 5.1286236171842735e-09, -3.3197991313063546e-16, 2.0586309572010763e-16, -1.2581884246134047e-08, 3.858169137455077e-16, -2.7197667410525694e-16, 2.1921922708965307e-08, -2.4513570557542937e-16, 1.0505225675843599e-16, -2.7980223998735097e-08, 2.2150119266860677e-16, -1.4540538603787695e-16, 2.6696251932664577e-08, -2.1568270043681806e-16, 8.849900564165468e-17, -2.0721042090501018e-08, 1.3372477210499736e-16, -7.422379596228833e-17, 1.3360314289588158e-08, -1.139772097605137e-16, 6.571499234711014e-17, -9.222060644695336e-09, 1.3417030526884997e-16, -7.301753080589502e-17, 9.572270919350777e-09, -1.1110335960912392e-16, 7.682528973926715e-17, -1.044276839612543e-08, 7.883803153156817e-17, -6.274799127048885e-17, 8.778903581667305e-09, -8.521849922009728e-17, 1.629269353528523e-17, -5.079204981086786e-09, 4.915092998020451e-17, -1.3422556007521392e-17]]
P2->W3
[[5.917868432680382e-06, -1.7775808307722964e-16, 6.229182168746571e-17, 2.624978773914678e-05, 6.701665255543807e-16, -4.712705393362965e-16, -2.6454175391347866e-05, -6.441807398628187e-16, 4.435686890557049e-16, -3.11432648474568e-05, 1.1273143664771682e-15, -7.13948924827178e-16, -5.4480261114238027e-05, -9.533184041466124e-16, 8.152676069029822e-16, -1.865226263824393e-05, 9.141892384141378e-16, -5.011477940077369e-16, 1.1015914579074612e-05, -7.670744341605768e-16, 4.917783464479349e-16, 3.448501085325843e-05, 6.461385219166222e-16, -5.341718827113208e-16, 2.9886362086687204e-05, -7.258670924135684e-16, 4.814662995718465e-16, -8.334023555337016e-06, 6.392325706517303e-16, -4.33587105688491e-16, -1.4966407096207248e-05, -8.384761528932713e-16, 4.632898857364189e-16, -2.8319993807988758e-05, 6.284982219637088e-16, -3.467787715983022e-16, 7.140346825673502e-06, -4.751210374992688e-16, 2.3510212985134535e-16, 4.750622433120966e-06, 3.342906444368224e-16, -9.540685337897303e-17, 2.1023149491370504e-05, -2.641558022543699e-16, 1.3220188595094425e-16]]
P1->P2
[[-3.67424158676784e-05, 1.0633742469798559e-16, -5.751226449735426e-17, 5.3353419659723844e-05, -2.1410992845778561e-16, 1.2461986949361748e-16, -1.2554919081330594e-05, 2.1607923951100213e-16, -1.1602259058327706e-16, -9.531820919840381e-06, -1.8167984516697536e-16, 1.122822174520788e-16, 3.126920960075079e-06, 1.9597777457011588e-16, -1.2937866671980166e-16, 3.879541632560671e-06, -2.2055227857389848e-16, 1.2653986542580242e-16, -3.7027743438110973e-07, 1.4635021794779705e-16, -9.603526547541212e-17, -2.7327040289244504e-06, -1.2436853015632105e-16, 7.58835029506145e-17, -3.740637122907819e-07, 1.3483374576871434e-16, -7.807453823537204e-17, 2.750436337970999e-06, -9.280319987849824e-17, 4.640501027804462e-17, -6.04250767236371e-07, 6.646541995303089e-17, -5.004519528172727e-17, -1.4234333425675003e-06, -7.344449604038095e-17, 2.6263699882830425e-17, -2.0619393048292753e-06, 5.755437203886072e-17, -1.457053545738637e-17, 2.463824826892146e-06, -3.267377333184925e-17, 1.0886227711577058e-17, 8.14712647254178e-07, 9.716256252494315e-18, -3.688903698884099e-18]]
P1->P3
[[0.0, 0.0, 0.0, 0.0, 0.0, 0.0, 0.0, 0.0, 0.0, 0.0, 0.0, 0.0, 0.0, 0.0, 0.0, 0.0, 0.0, 0.0, 0.0, 0.0, 0.0, 0.0, 0.0, 0.0, 0.0, 0.0, 0.0, 0.0, 0.0, 0.0, 0.0, 0.0, 0.0, 0.0, 0.0, 0.0, 0.0, 0.0, 0.0, 0.0, 0.0, 0.0, 0.0, 0.0, 0.0]]
P2->P3
[[-2.7634928757677413e-06, -2.0569149613222287e-15, 1.6156713079783686e-15, -1.288471404333639e-05, 2.0057682754848092e-15, -1.3682354216796645e-15, 2.6499306127219736e-05, -2.923340616981515e-15, 2.197086411210301e-15, -1.0048247689862538e-06, 1.555844902752886e-15, -7.828299385269149e-16, -9.247896183882603e-06, -1.664149260691123e-15, 9.76823448500826e-16, -1.7566369927599835e-05, 1.977256986180717e-15, -1.1560035306883253e-15, 8.22010757939671e-06, -1.4831568353051154e-15, 9.2202086850442e-16, 1.7688238402402932e-05, 1.4658669955528612e-15, -7.743261459614216e-16, 1.636169984034655e-06, -1.0653241034426927e-15, 4.951918599589244e-16, -8.368087069286368e-06, 9.891809340622004e-16, -4.673192557992714e-16, -1.8238911181936896e-05, -1.0103191719699689e-15, 4.552030028842458e-16, 9.842021959669172e-06, 9.013331505790539e-16, -4.787384512388742e-16, 4.695407218042841e-06, -6.036749933749744e-16, 3.294220557453407e-16, 9.279681285190328e-06, 3.893568459981091e-16, -1.7171438679487957e-16, -1.1457067928280931e-05, -1.352706266703899e-16, -3.1294872074707925e-17]]
P1->W3
[[0.0, 0.0, 0.0, 0.0, 0.0, 0.0, 0.0, 0.0, 0.0, 0.0, 0.0, 0.0, 0.0, 0.0, 0.0, 0.0, 0.0, 0.0, 0.0, 0.0, 0.0, 0.0, 0.0, 0.0, 0.0, 0.0, 0.0, 0.0, 0.0, 0.0, 0.0, 0.0, 0.0, 0.0, 0.0, 0.0, 0.0, 0.0, 0.0, 0.0, 0.0, 0.0, 0.0, 0.0, 0.0]]
P2->P4
[[6.7498091383979505e-06, 1.2697005934087832e-16, 3.4604692681228633e-16, -4.750628470235318e-05, -1.101090000986325e-15, 6.413346310675597e-16, 6.482454960534661e-05, 1.039844351211532e-15, -5.024093612842791e-16, 3.1281226142763363e-06, -1.4878342923336324e-15, 8.912063160778155e-16, -2.1781381771741113e-05, 8.822430722144715e-16, -3.3635579284831204e-16, -5.131730776662958e-05, -4.049219861405326e-16, 6.442462780263963e-17, 2.209769037795373e-05, 6.765651304156416e-16, -4.0060907624506743e-16, 5.096875963616177e-05, -3.26014136843883e-16, 1.511421425459364e-16, 4.636055742485499e-06, 8.68109052967813e-17, -1.4321850262003094e-16, -2.431471527731213e-05, 2.3835733517182404e-16, -1.6504000112962933e-16, -4.976380095491301e-05, -4.518132033817811e-16, 1.249597899151579e-16, 2.7817936089731745e-05, 5.503583274729315e-16, -2.1589548392431224e-16, 1.3275711956073237e-05, -5.515144362933769e-16, 3.349585005691411e-16, 2.5607834882384564e-05, 3.2274824001279946e-16, -1.81455148467241e-16, -3.079915752922164e-05, -2.2043651267428403e-16, 1.0053478661525376e-16]]
P3->W3
[[0.0, 0.0, 0.0, 0.0, 0.0, 0.0, 0.0, 0.0, 0.0, 0.0, 0.0, 0.0, 0.0, 0.0, 0.0, 0.0, 0.0, 0.0, 0.0, 0.0, 0.0, 0.0, 0.0, 0.0, 0.0, 0.0, 0.0, 0.0, 0.0, 0.0, 0.0, 0.0, 0.0, 0.0, 0.0, 0.0, 0.0, 0.0, 0.0, 0.0, 0.0, 0.0, 0.0, 0.0, 0.0]]
P1->P5
[[0.0, 0.0, 0.0, 0.0, 0.0, 0.0, 0.0, 0.0, 0.0, 0.0, 0.0, 0.0, 0.0, 0.0, 0.0, 0.0, 0.0, 0.0, 0.0, 0.0, 0.0, 0.0, 0.0, 0.0, 0.0, 0.0, 0.0, 0.0, 0.0, 0.0, 0.0, 0.0, 0.0, 0.0, 0.0, 0.0, 0.0, 0.0, 0.0, 0.0, 0.0, 0.0, 0.0, 0.0, 0.0]]
P2->P5
[[1.5575422319093544e-07, 3.3774035784673633e-15, -2.022728734469618e-15, -8.739243960789317e-07, -4.205938564742735e-15, 1.8793185636634324e-15, 2.5272194928371276e-07, 5.118197979230091e-15, -2.8575092894346817e-15, -7.39522894749843e-07, -4.367630550923709e-15, 2.5906693950178228e-15, 3.0702417621464027e-08, 4.281167234447377e-15, -2.8052130512181337e-15, -5.663153021536611e-07, -2.6847162504818325e-15, 1.22233606781541e-15, -2.4247867508225415e-07, 3.101094515677618e-15, -1.6378157606612374e-15, -2.82905455542189e-07, -2.288074898471911e-15, 1.2104771916890147e-15, -4.7398746298150216e-07, 1.5889736091309102e-15, -9.169747641688914e-16, -3.657827423193166e-08, -8.911425403651072e-16, 4.384644829641301e-16, -6.792847707742665e-07, 6.747885369854267e-16, -3.6529476965901783e-16, 4.843700398506132e-08, -2.0440134831695489e-16, -2.7199197758788923e-17, -7.692513085527296e-07, -2.415872905108905e-17, 1.3680761533409345e-16, 5.330195613936434e-08, -2.849810826586114e-17, -7.774877923085309e-17, -6.305689098033626e-07, -8.716220085810595e-18, 7.287157554424776e-18]]
P4->W3
[[0.0, 0.0, 0.0, 0.0, 0.0, 0.0, 0.0, 0.0, 0.0, 0.0, 0.0, 0.0, 0.0, 0.0, 0.0, 0.0, 0.0, 0.0, 0.0, 0.0, 0.0, 0.0, 0.0, 0.0, 0.0, 0.0, 0.0, 0.0, 0.0, 0.0, 0.0, 0.0, 0.0, 0.0, 0.0, 0.0, 0.0, 0.0, 0.0, 0.0, 0.0, 0.0, 0.0, 0.0, 0.0]]
==============================
B13_Energy_1
P3->P4
[[0.0, 0.0, 0.0, 0.0, 0.0, 0.0, 0.0, 0.0, 0.0, 0.0, 0.0, 0.0, 0.0, 0.0, 0.0, 0.0, 0.0, 0.0, 0.0, 0.0, 0.0, 0.0, 0.0, 0.0, 0.0, 0.0, 0.0, 0.0, 0.0, 0.0, 0.0, 0.0, 0.0, 0.0, 0.0, 0.0, 0.0, 0.0, 0.0, 0.0, 0.0, 0.0, 0.0, 0.0, 0.0]]
P3->P5
[[0.0, 0.0, 0.0, 0.0, 0.0, 0.0, 0.0, 0.0, 0.0, 0.0, 0.0, 0.0, 0.0, 0.0, 0.0, 0.0, 0.0, 0.0, 0.0, 0.0, 0.0, 0.0, 0.0, 0.0, 0.0, 0.0, 0.0, 0.0, 0.0, 0.0, 0.0, 0.0, 0.0, 0.0, 0.0, 0.0, 0.0, 0.0, 0.0, 0.0, 0.0, 0.0, 0.0, 0.0, 0.0]]
P1->P4
[[0.0, 0.0, 0.0, 0.0, 0.0, 0.0, 0.0, 0.0, 0.0, 0.0, 0.0, 0.0, 0.0, 0.0, 0.0, 0.0, 0.0, 0.0, 0.0, 0.0, 0.0, 0.0, 0.0, 0.0, 0.0, 0.0, 0.0, 0.0, 0.0, 0.0, 0.0, 0.0, 0.0, 0.0, 0.0, 0.0, 0.0, 0.0, 0.0, 0.0, 0.0, 0.0, 0.0, 0.0, 0.0]]
P4->P5
[[0.0, 0.0, 0.0, 0.0, 0.0, 0.0, 0.0, 0.0, 0.0, 0.0, 0.0, 0.0, 0.0, 0.0, 0.0, 0.0, 0.0, 0.0, 0.0, 0.0, 0.0, 0.0, 0.0, 0.0, 0.0, 0.0, 0.0, 0.0, 0.0, 0.0, 0.0, 0.0, 0.0, 0.0, 0.0, 0.0, 0.0, 0.0, 0.0, 0.0, 0.0, 0.0, 0.0, 0.0, 0.0]]
P5->W3
[[-8.554235289040804e-08, 7.618203560452698e-16, -5.434081217823299e-16, 1.5963352900243244e-07, -1.2661954038209657e-15, 8.041176185454454e-16, -1.2919396809060585e-07, 1.2005503662176016e-15, -7.789166553868452e-16, 8.969562346544902e-08, -9.634293536689355e-16, 5.993379887116008e-16, -4.9460423702353466e-08, 1.0138957686978898e-15, -6.441421749000727e-16, 1.1730547048580267e-08, -8.09243167702058e-16, 4.483217321680859e-16, 2.216266966319278e-08, 6.606694535492485e-16, -4.318119966637812e-16, -4.9058158202496136e-08, -6.065223319857532e-16, 3.453022343029618e-16, 6.516720398235742e-08, 4.80633801826659e-16, -2.5445483072657333e-16, -6.736261792838323e-08, -3.0982498088515875e-16, 2.0046720947855914e-16, 5.7980435790811304e-08, 2.447632694916484e-16, -8.327426360012343e-17, -4.2665428386754836e-08, -1.429694544272614e-16, 9.581700458878688e-17, 2.646953207182563e-08, -2.183258219312862e-17, -2.6722165576919998e-17, -1.311194058671524e-08, 4.01935598066388e-18, 1.4482867588318603e-18, 4.508800564192698e-09, -4.0664067656681615e-18, 2.6624764219665877e-17]]
P2->W3
[[-0.0007692611466979636, 1.1427305340679049e-15, -6.722761121733683e-16, 0.0006861629702526045, -1.503839948662322e-15, 6.910115624241262e-16, -3.2196726259049144e-05, 1.3669389463151387e-15, -6.264408661222369e-16, -7.38329191650858e-06, -5.709930154319487e-16, 2.3425129295646684e-16, 5.4578541246591055e-05, 4.3561017030651413e-16, -7.725322328113203e-17, 7.360762591140262e-05, -1.5100211660701523e-16, -4.271975876861664e-17, 3.1345723509102156e-05, 6.237594500779113e-17, 6.108401960280174e-17, -7.337686355587792e-06, -1.1784011294535908e-16, -1.0553656834416449e-16, -1.9504074817586407e-05, -1.4837689623361102e-16, 2.0802443841674696e-16, -2.254012930130814e-05, 3.737520478053614e-16, -2.70381545433743e-16, -9.971567786079368e-06, -6.431317681146961e-16, 3.4040382332425145e-16, -1.662877649132501e-05, 8.411808077744751e-16, -4.963351923956882e-16, 2.7853270367347025e-06, -9.946802091969603e-16, 5.531250441941947e-16, -7.097812665036568e-06, 6.857586678231303e-16, -3.1082503623900005e-16, 1.1581501696086589e-05, -4.707979725301386e-16, 2.844900950213523e-16]]
P1->P2
[[0.0, 0.0, 0.0, 0.0, 0.0, 0.0, 0.0, 0.0, 0.0, 0.0, 0.0, 0.0, 0.0, 0.0, 0.0, 0.0, 0.0, 0.0, 0.0, 0.0, 0.0, 0.0, 0.0, 0.0, 0.0, 0.0, 0.0, 0.0, 0.0, 0.0, 0.0, 0.0, 0.0, 0.0, 0.0, 0.0, 0.0, 0.0, 0.0, 0.0, 0.0, 0.0, 0.0, 0.0, 0.0]]
P1->P3
[[0.0, 0.0, 0.0, 0.0, 0.0, 0.0, 0.0, 0.0, 0.0, 0.0, 0.0, 0.0, 0.0, 0.0, 0.0, 0.0, 0.0, 0.0, 0.0, 0.0, 0.0, 0.0, 0.0, 0.0, 0.0, 0.0, 0.0, 0.0, 0.0, 0.0, 0.0, 0.0, 0.0, 0.0, 0.0, 0.0, 0.0, 0.0, 0.0, 0.0, 0.0, 0.0, 0.0, 0.0, 0.0]]
P2->P3
[[-0.0007105419133510538, -3.0472814241810797e-16, 1.4212421641882228e-16, 0.0007157845007709178, 3.422560842179996e-16, -7.623790494194897e-17, 0.00010226203026955492, -3.8626640014116934e-16, 1.3605520418388443e-16, -1.3762572784436687e-05, 1.9581940021670838e-16, -7.154588412651167e-17, -8.368943105451435e-05, 5.2573464191341023e-17, 2.390645020677637e-17, -4.719470611811167e-05, 3.154607165509428e-17, 1.8369216258944594e-16, -1.8545368577490637e-05, 2.326451686389021e-16, -1.3946961069061883e-16, 2.933973657969138e-05, -8.377611339291983e-17, 1.3087258802392963e-16, 4.839568352795395e-05, 7.15820896502941e-17, -1.1929013610528562e-16, 6.632556655929239e-06, 3.2081794356343796e-17, -7.675510517202456e-17, -6.306182105082722e-06, -3.282591300903695e-16, 2.4193826043747525e-16, -4.36675111133313e-05, 3.4730084675684026e-16, -1.6348963738290414e-16, 1.272839007615127e-06, -3.9317407747646985e-16, 2.7308918620328007e-16, -2.3383451753497613e-06, 4.237950199048713e-16, -2.4327314161064347e-16, 3.218395166545463e-05, -2.0410219330438537e-16, -4.027349455475786e-18]]
P1->W3
[[1.7061495069080677e-08, -1.428413167584881e-17, -7.74086603628893e-17, -3.181591192223953e-08, 1.5316892379662776e-17, -2.147086913288869e-17, 2.6049579145782966e-08, -4.2684618841682343e-17, 6.496587454773249e-17, -1.921927116184661e-08, 3.50607668711234e-17, -3.530576888454596e-17, 1.3533490989088984e-08, -1.1308993086207639e-17, 1.5855255773293917e-17, -9.846979236822268e-09, 1.2530439442710447e-17, -4.149891822125699e-17, 7.258388801711448e-09, 2.35073934745375e-17, -1.7237864512016536e-17, -3.975102266382941e-09, -2.3316823792199847e-17, 2.3969559764123046e-17, -6.926000876040589e-10, 5.59710383386011e-18, 2.6482215147690024e-17, 6.06600361942616e-09, -4.8458628968020813e-17, 3.7499641541312024e-17, -1.0271078486831252e-08, 8.098829548760693e-17, -4.856807479432405e-17, 1.1297190491471402e-08, -5.637071445548905e-17, 1.9277314877782432e-17, -8.918482198185401e-09, 7.886802222055358e-17, -5.3378163769934523e-17, 4.842195872719854e-09, -7.304841115071317e-17, 4.939525455995499e-17, -1.2326625640994269e-09, 2.9166553238107215e-17, -1.6113174835734097e-18]]
P2->P4
[[-0.0001393123106853852, -1.4982467002223642e-15, 1.0021042134199288e-15, 0.00015423490465911832, 2.1258163365350083e-15, -1.059549816420492e-15, -2.3512561861354112e-05, -1.487351802567517e-15, 3.9055143647084155e-16, 1.741392197030696e-05, 1.434523970795909e-15, -6.01634718187694e-16, -3.1392964593784985e-06, -1.6062913464229048e-15, 8.708767957874918e-16, -9.221843010140886e-06, 1.4053523310022295e-15, -6.360405000528237e-16, -5.975495850497895e-06, -1.3446328338300524e-15, 6.962905182782291e-16, -2.0442976327102947e-06, 1.4900721940921497e-15, -8.817049273330327e-16, 4.096902963656857e-06, -1.3266292038554709e-15, 7.624478684693136e-16, 2.2742930830124666e-06, 1.2582524420806217e-15, -7.818364307406559e-16, 2.3005939021249536e-06, -1.041551380939418e-15, 6.194088845957383e-16, -3.602351444405455e-06, 6.809115729321123e-16, -4.1922035473522828e-16, -3.237349816222486e-07, -4.167748560998575e-16, 2.3967485193090916e-16, -2.5693462310433594e-06, 1.768215767032728e-16, -1.8513852508549453e-16, 2.4993799996689427e-06, -1.6559445527562968e-18, 4.233281082552547e-17]]
P3->W3
[[2.1277744536853654e-07, 4.443952076930741e-17, 5.485375655938812e-17, -3.9904742963664045e-07, -3.639623374314903e-16, 5.101321101041607e-17, 3.3092201883992175e-07, 2.3867719210815487e-16, -8.289106315736627e-17, -2.432588405453372e-07, -5.91740076682446e-16, 3.148578426148555e-16, 1.59621514355817e-07, 5.615655382744891e-16, -3.354152625922426e-16, -9.588641877237424e-08, -5.434432078104213e-16, 3.983021267322657e-16, 5.448341167679567e-08, 4.1492716359526847e-16, -1.9543117358204992e-16, -2.9140823466507187e-08, -1.7658336223153842e-16, 1.2021331693155768e-16, 1.6919714965697472e-08, 1.5402556651376422e-16, -1.1635929952459119e-16, -1.2312908385003511e-08, -2.0996488954226035e-16, 1.5560693265537282e-16, 1.377120618137815e-08, 2.6314516059931896e-16, -9.980961731986775e-17, -1.883700645517869e-08, -3.453429259418582e-16, 2.055678850139352e-16, 2.0708342016559877e-08, 4.0807178917909607e-16, -2.566778177016191e-16, -1.6503186137142163e-08, -3.125989857611464e-16, 1.974781170705516e-16, 9.187825438899826e-09, 1.491522196405617e-16, -7.859492635239681e-17]]
P1->P5
[[0.0, 0.0, 0.0, 0.0, 0.0, 0.0, 0.0, 0.0, 0.0, 0.0, 0.0, 0.0, 0.0, 0.0, 0.0, 0.0, 0.0, 0.0, 0.0, 0.0, 0.0, 0.0, 0.0, 0.0, 0.0, 0.0, 0.0, 0.0, 0.0, 0.0, 0.0, 0.0, 0.0, 0.0, 0.0, 0.0, 0.0, 0.0, 0.0, 0.0, 0.0, 0.0, 0.0, 0.0, 0.0]]
P2->P5
[[-2.6705241085666448e-05, 9.395784391224996e-16, -6.594625305054986e-16, 1.9280821397107925e-05, -1.1877650059261307e-15, 7.330101614078733e-16, 5.231553167774614e-06, 1.7971523465918306e-15, -8.422797887604375e-16, 1.0261518655096796e-06, -5.345404037217727e-16, -1.7645581025620162e-17, -4.1372926437815883e-07, 8.280745041532359e-16, -5.205390286278922e-16, -7.551616553082833e-07, -4.612883986686005e-16, -2.5168188500738533e-17, -6.259913983217573e-07, 7.543655681494716e-16, -2.2703619634169708e-16, -3.910606848324122e-07, -2.668378418837155e-16, 1.85684773569162e-16, -1.8877161870694572e-07, 4.03458402382066e-17, -3.9035464537675906e-17, -5.6730295156150435e-08, 3.243608351385059e-16, -2.2033524262457087e-16, 5.930499637346983e-10, -4.81400380905037e-16, 1.3842964388533087e-16, 2.1829392554044925e-08, 6.209534422458756e-16, -4.146674136806773e-16, 1.0140435579760709e-08, -4.488139425374918e-16, 3.5589021067459e-16, 2.1966615106913032e-08, 2.472708631169156e-16, -1.7815499929666353e-16, 8.49118829368311e-11, -2.2008942319749614e-16, 1.3879626077232206e-16]]
P4->W3
[[0.0, 0.0, 0.0, 0.0, 0.0, 0.0, 0.0, 0.0, 0.0, 0.0, 0.0, 0.0, 0.0, 0.0, 0.0, 0.0, 0.0, 0.0, 0.0, 0.0, 0.0, 0.0, 0.0, 0.0, 0.0, 0.0, 0.0, 0.0, 0.0, 0.0, 0.0, 0.0, 0.0, 0.0, 0.0, 0.0, 0.0, 0.0, 0.0, 0.0, 0.0, 0.0, 0.0, 0.0, 0.0]]
==============================
colrel_Sigmas
P3->P4
[[-0.28934413597754566, -4.3332513484757605e-13, 3.296450717569801e-13, 0.388808023598347, 4.2976031770305e-13, -2.9854873276870527e-13, -0.04715606869193574, -5.517317454022253e-13, 4.318936465330197e-13, -0.09611862497178238, 2.4443974932639627e-13, -1.2022907180610198e-13, 0.024952033499768163, -2.222231381190129e-13, 1.0177608119642603e-13, 0.04014409429549474, 2.1296811348559847e-13, -1.3485690346445e-13, -0.012168820120403764, -2.801009560404564e-13, 1.6673710498128372e-13, -0.0203664814948443, 2.325148337792674e-13, -1.4284086463366192e-13, 0.00598635537602708, -1.8987172301687852e-13, 1.3555331521644334e-13, 0.012252711292618226, 1.4147400993551174e-13, -9.774774351033302e-14, -0.006077468135511649, -6.789360819608114e-14, 2.447207369642195e-14, -0.002932593506543135, 1.5900275011199475e-14, -5.829312943707931e-15, -0.0004326924786032061, 1.0314992332705488e-14, 2.521559820376652e-15, 0.005170918269878199, -5.686424720355841e-15, -9.455660593010704e-15, -0.003098592843900126, 3.13874351337724e-14, -1.4204762764078871e-14]]
P3->P5
[[-0.00016483591694723828, -3.261587036487132e-14, -4.943637416551921e-15, 0.00021319839065469517, 1.7753476791994892e-13, -1.4996228103380562e-13, -7.696566538604774e-05, -1.677430823336194e-13, 1.7658706310122306e-13, -1.331740882491709e-05, 1.9481002813167838e-13, -1.1021866886088076e-13, -5.022435660303279e-06, -2.611036026492766e-13, 1.337241471683856e-13, -7.274615944011643e-06, 2.0322978994275112e-13, -6.779455425629862e-14, -4.962479153477782e-06, -1.809736236924716e-13, 7.494678117315986e-14, -4.442282747370336e-06, 4.4656880445861586e-14, -6.725473782634534e-15, -1.4735053382545926e-07, -1.0347660345391323e-13, 3.8838443810239034e-14, -5.83470159113967e-06, 9.961616757272623e-14, -8.597058860709514e-14, 1.5531571488992313e-06, -2.1402821338486977e-13, 1.1686584999957196e-13, -3.82681465593182e-06, 2.285184745287239e-13, -1.2225105476838564e-13, 1.678806364730753e-06, -2.2835667463725126e-13, 1.2956121786173088e-13, -1.0931899749634934e-06, 1.7230509595521e-13, -9.94314542685735e-14, 7.310336503503753e-07, -9.913516571122505e-14, 4.135677456477014e-14]]
P1->P4
[[-0.044034187966302415, 7.950118401437383e-14, -4.555568419589879e-14, 0.06527230053435587, -1.880215009908027e-13, 1.171405395871945e-13, -0.023023280745486097, 1.757224117775726e-13, -1.0893644409200847e-13, -0.002138809060378911, -1.267741011828149e-13, 6.779516766804913e-14, 0.003611423396027499, 1.0567131394782404e-13, -5.940266617685111e-14, 0.0005916321263628799, -1.0145091390209053e-13, 6.211552976081687e-14, -0.0007929801071458225, 1.019000563225848e-13, -5.796898173383368e-14, -0.00016464109963820487, -6.113422553272454e-14, 4.9986328566750657e-14, 0.0002927400042673295, 6.164151233234197e-14, -3.499703733746016e-14, 0.00018174754156407525, -4.764868334043407e-14, 2.883494692387362e-14, -2.6710785819659286e-05, 2.317444243755335e-14, -1.2968645950191642e-14, 1.7885097673726595e-05, -8.148672872206573e-15, 5.106051040759851e-15, -2.55314559602031e-05, 1.2646142206240816e-14, -2.8585395243520926e-15, 2.3338801660001493e-05, 8.625315836115478e-15, 3.627766181794358e-15, -4.0291471665202186e-05, -6.443698568035274e-15, -4.75559369105169e-15]]
P4->P5
[[-0.00018002151882078415, -3.913904443784558e-13, 4.333069323996973e-13, 0.00024297895274801804, 1.6724325321251124e-13, -3.5521869931082545e-13, -5.67226698825949e-05, -3.1953955502329425e-13, 4.3560129420081845e-13, -1.5157976556486291e-05, 1.5116561829212263e-13, -2.526601103802548e-13, 1.1243032009922979e-05, 5.4577619716640833e-14, -4.4660768872663054e-14, -3.6062780781867877e-06, -1.6142476971660117e-13, 6.107147578836018e-14, 1.4554693053829178e-06, 1.7333563594173226e-13, -4.2514490203292635e-14, -4.874915985433727e-07, -2.4021498777791213e-13, 1.2081124548748107e-13, -3.1212609691935477e-06, 1.8245961683558104e-13, -7.224181006153388e-14, 6.669359736568193e-06, -6.476121179250526e-14, 5.6444239770472315e-14, -6.565495473005292e-06, -3.519149060152222e-14, 5.973427403349947e-14, 8.39081390295059e-06, 2.386388714395341e-13, -1.4532451041323694e-13, -7.869976016277754e-06, -2.9888141288894603e-13, 1.6585083808340043e-13, 3.920364459008535e-06, 2.9759987333337687e-13, -2.028486774022094e-13, -3.5155123575048434e-06, -1.584016981661017e-13, 1.0470203578775804e-13]]
P5->W3
[[1.4016458085464913, -4.22841462230296e-13, 1.9627376899473354e-13, -0.7310349301410032, 9.043161446896985e-13, -5.086126643866506e-13, 0.14428556088535346, -8.841561638023479e-13, 4.859405121410481e-13, 0.03166323969501453, 8.646401159963206e-13, -4.962052974067946e-13, -0.05359376335249699, -7.622164170301501e-13, 4.2073625954002606e-13, -0.03534424713559545, 7.02372914413453e-13, -4.1013785744553603e-13, -0.006170917862776511, -6.124273990659747e-13, 3.4921175038251957e-13, -0.024690591297005977, 4.664972208432235e-13, -2.722216895462161e-13, -0.033970286492111125, -3.76967093876741e-13, 2.1855568818165864e-13, -0.018775720662363958, 2.7903978070588324e-13, -1.5120266452488114e-13, -0.00892184661524541, -1.9578242978869486e-13, 1.2374984516689323e-13, 0.0005779960237462146, 1.3744599049038819e-13, -7.351584349525385e-14, 0.0029301417893147995, -8.86465353058493e-14, 4.276364074201551e-14, 0.0064853045213381704, 4.1695138914705354e-14, -2.6067143950978454e-14, -0.0009181666343737987, -1.479677039382462e-14, 1.1237730936715113e-14]]
P2->W3
[[0.05619216410834261, -5.032162856294432e-13, 3.5301706596147865e-13, 0.13701940901029974, 6.250127006961349e-13, -4.267914931212529e-13, 0.18220667508334626, -7.206227674516077e-13, 5.519486501377411e-13, 0.1466200321280598, 6.840172348912978e-13, -5.282944770920859e-13, 0.06632690620891953, -5.796917892449988e-13, 4.554804793018791e-13, -0.02138902985314397, 4.802226413355838e-13, -3.3927439971602713e-13, -0.060757762315342405, -3.3216307902297466e-13, 1.7228308850475301e-13, -0.04764353798857014, 2.400732685943626e-13, -1.577762712918911e-13, -0.013689808784751843, -2.6761324019490037e-13, 1.36150886435662e-13, 0.006667292933654889, 2.4775967485295725e-13, -1.0314496079589084e-13, 0.008509073362892843, -2.819933999058751e-13, 1.1231489288324008e-13, 0.0017903267252283848, 3.3267468938203735e-13, -1.7391482857628574e-13, -0.0015387148439709945, -2.927961033587891e-13, 1.333430774457629e-13, -0.0024850636690096775, 1.7481101810453994e-13, -5.003340063325858e-14, -0.00056553487422855, -1.3530631609384785e-13, 7.43036405699123e-14]]
P1->P2
[[0.023005138747015992, 8.56166597077872e-14, -5.676802863431585e-14, -0.032530806993181255, -1.5925944355574685e-13, 9.556149211094065e-14, 0.0058888948373525575, 1.538265865127783e-13, -7.701993430243543e-14, 0.004163482387917283, -1.432067103929536e-13, 9.486671111066835e-14, -0.00037823908466211786, 1.3754402049249116e-13, -8.352532906507211e-14, -0.0010319746306825547, -1.29854999573576e-13, 6.548800178294493e-14, -0.0006873878395837711, 1.0849599255427145e-13, -6.882895634427365e-14, -0.0001152752586751382, -8.148177454602538e-14, 5.5687788262919755e-14, 0.0003515136119429341, 7.493144867417489e-14, -3.7157256307565076e-14, 0.0002059058493546808, -6.005233478058988e-14, 3.4697101508062494e-14, 0.00028253663713705314, 3.958529351893849e-14, -2.7595461530878446e-14, -0.00042914549779706797, -3.624861457730521e-14, 1.494472110036211e-14, -4.876837534958345e-05, 2.9338903746797655e-14, -9.715124882302129e-15, -0.00017321944732081527, -1.2537082074925518e-14, 8.067232585506142e-15, 0.0003896343554400378, -5.077497904761927e-16, 3.0068067094155872e-15]]
P1->P3
[[-0.017000661336344657, 3.247026380074243e-14, 1.0467639801740133e-14, 0.02544610584867681, -1.0865204999852402e-13, 5.748293035943959e-14, -0.009397423083129172, 6.337812474221946e-14, -1.4857883987451976e-14, -0.0003066284753699087, -1.175910829633873e-13, 5.224840280811325e-14, 0.0011030561847632427, 1.0258045136228089e-13, -5.6331952292230493e-14, 0.00019496517097446848, -1.208137583426582e-13, 5.799197214798203e-14, -0.00027734968504037163, 1.1418267429955592e-13, -6.218863267168468e-14, -0.0001269131289129631, -7.694657464733123e-14, 3.5605652297955446e-14, 3.645448139004616e-05, 7.636228982803344e-14, -5.257827973623523e-14, 6.96474213889743e-05, -5.5321891353650274e-14, 2.0308634657826338e-14, -3.580147892907947e-05, 7.641098453850209e-14, -5.893756804997235e-14, 2.7694901203115896e-06, -7.531498349709698e-14, 4.72640778227087e-14, -4.2839882695499255e-05, 6.858302337502162e-14, -3.6219349071186095e-14, 4.286559956978205e-05, -5.886505308780298e-14, 3.2300815518320714e-14, -1.2069623066712303e-05, 3.225837603065641e-14, -2.4589375897749968e-14]]
P2->P3
[[-0.5130038397377945, -5.684480263591858e-13, 2.6282290288740155e-13, 0.4618266627981387, 1.1377369835658703e-12, -5.257688956125113e-13, 0.12751082117018628, -1.111674671516737e-12, 5.41705046700016e-13, 0.046052337580103, 9.69374878514936e-13, -5.60972165505672e-13, -0.09138678737803058, -6.031208433546826e-13, 2.789618583423994e-13, -0.07651108830674651, 6.795656244707593e-13, -3.2015876687666464e-13, -0.020930558429389116, -6.058200072308226e-13, 3.2033692547175474e-13, 0.04636839127963714, 5.637841734362521e-13, -2.784529677368159e-13, 0.0592151799743253, -5.903409631921077e-13, 3.0755909014632863e-13, 0.00024036988186487205, 4.322199502342528e-13, -2.8330133009114387e-13, -0.014527086416335752, -2.8138159402636776e-13, 1.6494418921066686e-13, -0.047732590237149215, 1.225020808648275e-13, -8.956775539946742e-14, 0.007164139245370755, 2.2883315787961537e-14, 3.2324030657073185e-14, 0.00021166731595788677, -5.080186188029934e-14, -4.100848485683261e-15, 0.033710789593269695, 4.465711430755488e-14, -6.50180804914801e-14]]
P1->W3
[[0.5140696912237586, -3.5760972150055337e-13, 1.901536737558371e-13, 0.001829132809345877, 5.977709063245173e-13, -3.32854142712061e-13, -0.07942738843608246, -5.94683748292292e-13, 3.585578514836278e-13, -0.04204840456733208, 5.239537128661413e-13, -3.0096472746470955e-13, -0.02803449372211653, -4.71717158270497e-13, 2.823895780136118e-13, -0.008289717624215338, 4.2328649875063043e-13, -2.5340297224020257e-13, -0.0050263490286968256, -3.46073972062766e-13, 1.9066410766865142e-13, -0.0023260644277456797, 2.8476761697794895e-13, -1.6306642279948506e-13, -0.0013920594622708502, -2.40558083463725e-13, 1.4916270360982734e-13, -0.00896227459192822, 1.571712227668453e-13, -9.268227087605154e-14, -0.002775221155379503, -9.702018385228365e-14, 5.255102889827928e-14, -0.009294979779446457, 6.169766404344952e-14, -4.032826280661026e-14, 0.0034801056799853717, -2.1768787629473332e-14, 9.382293895649513e-15, -0.0024306314110679557, -3.997764663821599e-15, 1.3068403508272074e-14, 0.006910925767399122, -4.149408157937263e-15, 4.5990630629462185e-15]]
P2->P4
[[-0.5168580556910395, 9.318820104248948e-15, 3.5665434976335526e-14, 0.3941257569821027, 1.2536167831434547e-13, -1.7157740098526344e-13, 0.2201062202911141, 4.8121277086995565e-15, 4.266979180099391e-14, 0.06967600006512539, -3.9853657217387673e-13, 2.384991620731315e-13, -0.12427433506638068, 2.5882657844643566e-13, -1.885958078542571e-13, -0.11185925416903533, -2.4571046048336253e-13, 1.1836405671707528e-13, -0.01806607044908852, 1.9346701721193371e-13, -1.3684393760718618e-13, 0.07101899292369807, -8.661578954364711e-14, 1.3311986158818256e-14, 0.07553834606576065, 7.491575093437537e-14, -1.8596302305793077e-15, -0.0028214280279011805, -1.0237197203469743e-13, 2.6166935336293594e-14, -0.03365700651991041, 2.309881385619241e-13, -1.2887579858653423e-13, -0.054571808075221474, -3.548583966289879e-13, 1.7298519130161486e-13, 0.008930098750732394, 4.307890935558184e-13, -2.4170448059793417e-13, 0.015304835136992276, -3.5923942087618806e-13, 1.762986892274376e-13, 0.0378145366333936, 2.4852032684789485e-13, -1.3135492605281115e-13]]
P3->W3
[[0.1850569458080784, 6.057233067761816e-14, -7.65092229643875e-15, 0.33208357438906627, -1.6633951032864218e-13, 1.2954219486760967e-14, 0.1588699867264757, 2.0808203274020224e-13, -9.049280114847683e-14, 0.026507127748055005, -3.3266571879479875e-13, 2.0089853155509767e-13, -0.08286818093227923, 3.2708494240490257e-13, -2.0569610915696788e-13, -0.08318246274319924, -3.147209325917088e-13, 2.2129238129112795e-13, -0.05450054237258171, 2.2094250925824202e-13, -1.286956820188804e-13, -0.0077485126642499935, -1.3295451105967038e-13, 7.464066627143163e-14, 0.018523910390326512, 1.1353552113792703e-13, -6.902525675595933e-14, -0.0011198047600868286, -1.253451531703029e-13, 8.0154463228012e-14, 0.003706496801239725, 1.1654115454445073e-13, -8.225326110433552e-14, -0.021865473885830107, -9.835948618968557e-14, 3.957001706977005e-14, 0.007817185866803297, 1.1322253781513962e-13, -6.676579082737677e-14, -0.007716030942281202, -8.841350648813724e-14, 5.720557504366513e-14, 0.017172452547357712, 3.478620650016557e-14, -6.85978066642424e-15]]
P1->P5
[[-0.00015313214895674236, -1.6773876187648105e-13, 1.5425419251448335e-13, -0.000563897759949597, 3.5405219459775925e-13, -2.9289371561489526e-13, -0.0005963162539649014, -2.828626900603062e-13, 2.1117029803630152e-13, -0.00042590328424240527, 1.9186150957313282e-13, -1.1333399583514917e-13, -0.0004242573893598114, -1.3104700951078368e-13, 7.784594971977288e-14, -0.00031767545884213156, 1.0005083317238822e-13, -5.6182670803365816e-14, -0.000276854674983587, -9.871467387809187e-14, 6.649883950090269e-14, -0.00021520035796811, 6.363211142263527e-14, -3.8628286350085017e-14, -0.00013838907146651106, -4.668640964359569e-14, 2.9225551023683496e-14, -0.00012479527841826506, 1.7960973452631274e-14, -6.735787341941427e-15, -2.480301754344325e-05, -8.251361441857353e-15, 1.2507420358774957e-14, -4.970659850482435e-05, -5.5526551340605476e-14, 4.8704553455357157e-14, 4.053796931224959e-05, 5.695438674029366e-14, -2.6564781668865455e-14, -9.157699087532669e-06, -5.0710346491388684e-14, 2.628337431921891e-14, 4.930956418292706e-05, 3.1626111497735915e-14, -2.3095723913071858e-14]]
P2->P5
[[-0.00017455706857344894, -5.870856665676837e-13, 2.2161748416321986e-13, -0.0006273569675531953, 1.3691875578524865e-12, -8.20467562024439e-13, -0.0004897010748563638, -1.4289674758111716e-12, 1.0069926378889288e-12, -0.0005110072574883282, 1.1775332258365623e-12, -7.185759604431212e-13, -0.0003584304139323728, -9.164388901064514e-13, 5.501148479106426e-13, -0.00038317202301582805, 1.0372627561160773e-12, -6.474739939685365e-13, -0.00029755500097975666, -5.978999178101244e-13, 3.909093704920239e-13, -0.00023808859573197342, 5.12811715971162e-13, -2.550766891833138e-13, -0.00020335279585226602, -3.9193825418414116e-13, 2.178823764639122e-13, -0.0001267314100921664, 3.1018886117423487e-13, -1.4468354231343426e-13, -0.0001505466807273002, -9.31382374156118e-14, 7.04325857504699e-14, -5.698456914696916e-05, -1.3047536455991246e-13, 4.1075559265169804e-14, -9.756481759412924e-05, 1.483037802113478e-13, -9.035272255028935e-14, -7.096878164804683e-06, -1.8833574337871553e-13, 1.0392226517165564e-13, -5.7416199644639925e-05, 1.25022237142044e-13, -7.346745044445973e-14]]
P4->W3
[[0.18243804561666827, -4.566221851081985e-13, 3.337873183025777e-13, 0.29930210096285453, 6.740548027356969e-13, -3.6143379885564326e-13, 0.14072093328290008, -5.719980833360545e-13, 3.0150648307352757e-13, 0.02628203754690753, 4.390009874996413e-13, -2.7304529868511437e-13, -0.03158787569210625, -4.0530727677837724e-13, 2.377477110822819e-13, -0.04013792473437034, 4.4120114716251396e-13, -2.9663869509676483e-13, -0.03991451610143644, -2.8609400178345414e-13, 1.5808011371374735e-13, -0.033077421402327285, 2.817039997753903e-13, -1.7905374361778196e-13, -0.023786075296206598, -2.1965456172711587e-13, 7.969812773162534e-14, -0.01672112051338078, 1.3793976924225676e-13, -7.086356483714654e-14, -0.0017468781696315962, 4.442382166706681e-14, -4.791914715144376e-14, 0.0029661290258659323, -2.0943754670448963e-13, 1.6041019425678005e-13, 0.011835588207207206, 2.421551531547734e-13, -1.4160314862628812e-13, 0.005729769188677183, -2.344022357461313e-13, 1.332535827406144e-13, 0.006409561556462835, 1.632359605401324e-13, -1.1808962517250408e-13]]
