==============================
colrel_FactorOne
P3->P4
[[-0.3528850698869674, 0.15885137634873228, -0.06753694637990439, 0.40301403860902085, -0.1060672500794641, 0.07995007604197131, 0.037550003704943775, -0.11690409258683142, -0.016396839569394344, -0.06991513430712613, -0.02519555229692672, 0.027344321926347226, -0.05962200613031453, 0.13597297923139134, -0.018208752228673592, 0.00863880295233736, 0.03234260621491991, -0.03082658733906894, 0.05065266007555603, -0.10249535251096706, 0.016131799963460685, 0.025126936032618015, -0.05308585875043536, 0.038657031640355666, -0.04095248915077592, 0.07466571870111466, -0.016136837613325766, -0.04683303967746437, 0.07382021692345458, -0.044434217573020414, 0.06584119859293014, -0.10312541874435786, 0.03881155799871563, -0.0024974848276650293, 0.0021540297776227926, 0.0034544670499174323, -0.005209785839406558, 0.010721804748789449, 0.0015166608116576406, -0.04250928300639693, 0.062132059541922, -0.03268203149588592, 0.0426996604876079, -0.06354847303923286, 0.027314640214278756]]
P3->P5
[[-0.004839218111405405, 0.0052386976709941965, -0.004036073334579338, 0.006298772141137212, -0.006834107955570893, 0.005255557220156043, -0.0014902091900604335, 0.0016014426723739825, -0.001244594622447215, -0.0003452984654846311, 0.00036174413120873837, -0.00028732966709821896, -3.730892630404552e-05, 4.089008476329312e-05, -2.7806988654784397e-05, 6.863194899741097e-06, -1.8025909244353058e-05, 4.308086870699977e-06, -7.1122241174802e-06, 9.714505219460597e-06, -4.139751382526415e-06, 2.1230650640935357e-05, -2.9375178393500417e-05, 1.3618799560493634e-05, -1.4064000981171666e-05, 1.7671473547262696e-05, -8.346004788601125e-06, 2.901755370161633e-06, 2.8209140071119084e-06, 4.1796618465514674e-06, 3.55499835537755e-06, -7.773350336518633e-06, 5.288495114855001e-06, 6.584769014531511e-07, 6.26278906905917e-06, 5.38990504334595e-07, 8.01789106902659e-06, -1.4640451878365363e-05, 8.035952617647844e-06, -1.4902953448980684e-05, 2.4050176083368195e-05, -1.1493810265177461e-05, -9.95113201524803e-07, -2.896796739349803e-07, -1.483700795021251e-06]]
P3->W3
[[0.2189489455181524, -0.007063826597791143, 0.010213862005734145, 0.3050645476334148, 0.13523252504998143, -0.0005911594379496314, 0.2009635430691447, -0.19126107019779634, 0.039660158872361594, -0.11244687454555358, -0.034675529450041834, -0.104917415532031, 0.07578987454698184, -0.35844567703710867, 0.09874023356301959, 0.06501947888521559, -0.19026343280263633, 0.11031056756244992, 0.03128684378290365, -0.02345057986515193, 0.08854191286715098, -0.08711330864506577, 0.20260159294158633, -0.0289211657561536, -0.13717496257850906, 0.264734518016202, -0.10001679073044202, -0.020159000413405317, 0.03550138065976766, -0.015062496973538267, 0.006219864097779769, -0.00955899179307487, -0.008575297237253001, 0.10357102603268996, -0.18028062915426182, 0.08689679379519508, -0.017199948195435445, 0.034544484247560736, -0.018907041124575003, 0.015918985791290866, -0.03236501322209034, 0.022484873366613832, -0.06997977732715828, 0.12184468499715334, -0.0627039898064256]]
P4->P5
[[-0.0053122387145690545, 0.005731989594733911, -0.004433592601956054, 0.007010732660420618, -0.007555955416502638, 0.005855219903739759, -0.001481333907401792, 0.0015790575625741694, -0.001245801316868189, -0.0003899468809844513, 0.0004414794521989528, -0.0003159035329578567, 4.374417026103205e-05, -6.150383803100058e-05, 2.9643259796083325e-05, 1.235950974472084e-05, -7.4756095949091754e-06, 1.1675094516963443e-05, 2.5787183286034623e-05, -3.138529555207387e-05, 1.9874329364291184e-05, -1.7104074342634417e-06, 4.2195838423106864e-06, -3.306190905649959e-08, -6.711728721647966e-06, 1.0498752819493603e-05, -4.13777736393972e-06, 3.4609958330972324e-05, -4.79118369049977e-05, 2.5857508037715033e-05, -1.784398119908481e-05, 2.5111896724305735e-05, -1.0948283574711424e-05, 3.374573911580225e-05, -4.889605224699055e-05, 2.1373102657054715e-05, -2.5065991610216568e-05, 3.6759450397537e-05, -1.5963675004948518e-05, 2.030020263119082e-05, -2.9148647164202994e-05, 9.771357014627773e-06, -3.573826318806372e-05, 5.062145904068832e-05, -2.3115102997220888e-05]]
P1->P3
[[0.14296155924223772, -0.0919103629022751, 0.09481737092830696, -0.23401570563709018, 0.14827510392466314, -0.14973885406655396, 0.11813409822735145, -0.07094020435121601, 0.06458607088572754, -0.019990121805186452, 0.010311997407031682, -0.00029321561262075885, -0.01439960337114372, 0.005576013493637755, -0.014033113750356957, 0.005530532710683612, 0.0027853102281686615, 0.0022660646426976346, 0.0054383270612209005, -0.007326036562124487, 0.004793115499916309, -0.004918174825570821, 0.004308823558606777, -0.002865209727205838, 0.0010657580759485497, -0.0011249787028701776, 0.00047929322234663876, 0.00048773664794740396, -0.0002453905461612452, 1.3303064742809163e-05, -0.00027588490008037346, 0.00038431286427209664, -0.00011656737654578434, -0.0008619804411026495, 0.0012088827374512228, -0.0003233771788293459, 0.002109499030246253, -0.0032384004125210644, 0.001272850324014946, -0.0019716485427077866, 0.0029818190834545798, -0.001380062526583473, 0.0005927156201794686, -0.0008086772195378039, 0.0004639451462906919]]
W3->P5
[[6.136241383104155, -2.672659325786138, -0.5261761362763138, -4.486963508654874, 2.5138217413396737, 0.516472531933659, -1.2360403042454684, 0.8105900201994622, -0.3573438268884624, 1.3134797765441348, -2.394293589239428, 0.8102230391187423, -0.20287804656214045, 0.05462443056554453, 0.007666999972314092, -1.256188711066129, 1.722398201164354, -0.5564155710867875, 0.684935372121214, -0.9106782900377048, 0.33815419989137563, 0.37478276402841626, -0.43337232693585065, 0.16306623150221813, -0.6481908829683249, 0.9991275627475653, -0.32828815370717856, 0.2126208471409596, -0.2397421194076604, 0.10198201263408985, 0.1888863697535036, -0.2582472242390461, 0.10242262261529579, -0.20114632660395765, 0.31906575292722766, -0.1327169159205749, -0.08875254215970248, 0.10176988559907313, -0.03810213234371535, 0.18019578161654926, -0.24982765697012174, 0.07393806620454926, -0.09910931258046611, 0.11687086157295541, -0.04582312741863657]]
W3->P4
[[0.19048532470416224, 0.04810575254339262, 0.03277047669581447, 0.28131734186743534, 0.06809985273330442, 0.016284718394235034, 0.11595324805625552, -0.08952730560215612, -0.027439641723908503, 0.03154811661706471, -0.18202496345557048, -0.03098142633669677, 0.050905919425363905, -0.23469572657144025, 0.034077483810212535, 0.056602656683505274, -0.1521016168991195, 0.06501755809590672, 0.01886732563518072, -0.039789607536718896, 0.05918327138758014, -0.029917071598171942, 0.05850791870184999, 0.02977990061930524, -0.053337629978446266, 0.09961747958596437, 0.004163382464932585, -0.04745042049578479, 0.07727930236648836, -0.006204284940708671, -0.0345849414627513, 0.06453800682364844, -0.021598117789231562, -0.013750936065000312, 0.01839156905713815, -0.016172154970429117, -0.0058489688556502715, 0.02107447329218923, -0.021251677347308717, 0.00314046469774943, -0.006662964776507421, -0.006995994148368519, -0.0009900551009163546, 0.012346666191006073, -0.009229883500087558]]
W3->P1
[[0.4234177232706997, -0.056688992012680704, -0.06550074672306404, 0.06058995891718324, 0.009404571399495505, 0.057635185216898296, 0.00948015650503487, -0.15204173356481657, 0.07681716146723117, -0.0593720459183834, -0.014688939847019921, 0.0003256543111709863, -0.016944713414458287, -0.037107738087125565, 0.009252623637787075, 0.01510125091980137, -0.010851355599826829, 0.00832801447315567, 0.039649820514844336, -0.03017521865967615, 0.02298110535062168, 0.032277471834780434, -0.0210508081063795, 0.023848223375155755, 0.010371693144446642, -0.0020709828433076306, 0.016391574139857385, 0.0034754549049790156, -0.021793577605707878, 0.019228217659567753, -0.008914643660713564, 0.012843335642387647, 0.002509132782663265, 0.003598117864542021, -0.02009288776260153, 0.01053779119356273, -0.00868849258154328, 0.0312712958479096, -0.00979551756921209, 0.002346791236409031, -0.004963872870479788, 0.0014656775983669804, -0.009040572837717234, 0.033101472883282364, -0.012100077883543864]]
W3->P3
[[0.21845538792627725, -0.00660038107729904, 0.01013285454422056, 0.30425478151929486, 0.1359446468547927, -0.0007024196469729673, 0.20006163825480539, -0.1903969009072999, 0.03950812805629601, -0.11316542367640979, -0.0339936081201209, -0.10505660618302755, 0.07514912721351054, -0.3578263226184252, 0.09861570412886562, 0.0645637870039762, -0.18982737696014118, 0.11020028851075155, 0.030916246820217347, -0.023075771412745544, 0.08844333545924714, -0.08736075460554643, 0.20285444316469944, -0.02899723370300105, -0.13730928851327956, 0.26487653338685124, -0.10006801246354964, -0.020280977867961916, 0.03564263556371597, -0.015121757689013214, 0.006250254480371088, -0.009601721607129384, -0.008585752878073642, 0.10352221731426764, -0.18021316437158558, 0.08686248344168408, -0.017141344015176693, 0.03448062129360644, -0.018915915246722974, 0.01591317292671349, -0.03235364957206912, 0.02248058172254323, -0.06992522308935471, 0.1217777677545162, -0.06270439805742897]]
P5->W3
[[6.1367167452531355, -2.673099381300263, -0.5261098677814965, -4.486068581654823, 2.5129923933882803, 0.5166446161139887, -1.2352058915155135, 0.809816440911608, -0.3572385805083492, 1.3142647814169772, -2.3950669401310445, 0.8104111697813074, -0.2022923532745896, 0.0540786643687437, 0.007751619284273404, -1.2557165889393391, 1.7219401980190248, -0.5562952388131543, 0.6852968347355586, -0.911041968086236, 0.3382500863907487, 0.3750193055167084, -0.4336101547451315, 0.1631353308880555, -0.6480172485011044, 0.9989353974194537, -0.32820776945555846, 0.21271189688034225, -0.23984327237456718, 0.10201741455654482, 0.18892945320114382, -0.2583093393634498, 0.10248457297517186, -0.2011697729974206, 0.3190974226866579, -0.13273093446504763, -0.08875393245211365, 0.10175554106358224, -0.03805389604890183, 0.18018483507315314, -0.24981820393239476, 0.07393301169096353, -0.09915491118691339, 0.11692504507245861, -0.045818200343041286]]
P1->W3
[[0.4238774549097002, -0.057107264259342365, -0.06544382682393411, 0.061459758260794334, 0.008610976913182156, 0.05778773961052198, 0.01037668882055068, -0.15290453355489403, 0.0769693278123488, -0.05866562077694093, -0.015347430048316624, 0.0004520398251125472, -0.016292124848001258, -0.037742416413981524, 0.00938937944097065, 0.015549732476201443, -0.011277947147280854, 0.008433146190664119, 0.03997587456639047, -0.030488549973225375, 0.023049250751824898, 0.03256481614705588, -0.02136138833866407, 0.02395501481237363, 0.010482673241801074, -0.0021786715734141457, 0.016426429849263322, 0.0036092017463960555, -0.021954069790169253, 0.01929911684269261, -0.00894001294280763, 0.012880167603373923, 0.0025184759047529644, 0.0036247950030050143, -0.020133579191740112, 0.01056589426951124, -0.008745914370085057, 0.03133993298050517, -0.009790134102445287, 0.002325965367778659, -0.004938927728858713, 0.0014579656132373087, -0.009107476009513542, 0.033184593582140466, -0.01211277011338266]]
P4->W3
[[0.19101614521301122, 0.04758847018626284, 0.032878119152599, 0.2820656742300689, 0.06747043352815671, 0.01634560136127469, 0.1169281816485045, -0.09049410361806744, -0.027232666957943744, 0.03221813201245725, -0.18263673265547736, -0.03087656994057137, 0.051609969005156804, -0.23540453535949052, 0.03424699976366916, 0.05702199581838094, -0.15248758662032674, 0.06510616360307864, 0.019218843266084085, -0.04013657616597225, 0.05927006498747068, -0.02965101611212868, 0.058226516951227186, 0.029870997890276047, -0.05320687679877404, 0.09947992288146079, 0.004212081631602722, -0.047276629554079554, 0.07706503659933286, -0.006108481369913545, -0.03463580920983702, 0.06460778735355283, -0.02160450680502808, -0.013654924647007773, 0.018259145226880165, -0.016102014719212774, -0.005948230020794043, 0.021193573216011334, -0.02126886566996289, 0.003199287209745302, -0.006744777033976057, -0.006953237826382194, -0.0011067772335676864, 0.01249906355576631, -0.009271968558031302]]
P1->P4
[[-0.10909279400546638, 0.02630729189486113, -0.07070813278284535, 0.14166077796926285, -0.018073393970672202, 0.08827738660458799, -0.018885901860541107, -0.024141213037953194, -0.006074645944104254, -0.022722068876923737, 0.01822447712933304, -0.017382407371194435, 0.004899528747087559, 0.001866739121528434, 0.0023996266276848244, 0.004937587564281688, -0.0035072491615316848, 0.003710003933126669, 1.992527206395215e-05, -0.0016439295257764254, 0.00042730030646150394, -0.0006844356488004012, 0.0001222306574256746, -0.00044016399545492805, -7.914546672298623e-05, 0.0005245438569382366, -0.0001550374168555446, 0.00018303030702863623, 6.154045853075694e-05, 0.00015978284616074534, -6.942493730161694e-05, 1.153699101248102e-05, -5.944740055729891e-05, -1.9666388027615503e-06, 5.0343083819145695e-06, 1.4068768001206889e-05, -0.0002862085385324287, 0.0003711211425977001, -0.00026209573656459074, -0.00011933742555391608, 0.0001384122979357533, -5.2623485669465054e-05, -0.00015006486492446705, 0.00011492037097408686, -0.0001535687353425693]]
P1->P5
[[0.002806852817605678, -0.0030345508277691163, 0.0023343156423080223, -0.0021894473925688153, 0.0023279052634787296, -0.0018283509552869217, -0.002007156363007335, 0.0020630350759982437, -0.001702466004478341, -0.0007178883593241748, 0.0007441302243566933, -0.0005979431509793965, -0.00017482662971939465, 9.574056872421944e-05, -0.00016853267391384087, -7.365771979976309e-05, 3.2845164410344695e-05, -6.293173487557108e-05, -2.279750331755955e-06, -7.3750092133179e-05, -1.6387298385770337e-05, 2.4998258939369828e-06, -5.927266383763144e-05, -1.4586718508286382e-06, 3.925193740385091e-05, -8.591821751419502e-05, 2.9785898840797284e-05, 7.630771838170503e-05, -0.00014447293103107722, 5.483963972178419e-05, 5.954198732048809e-05, -7.03511258209028e-05, 5.721060294062791e-05, 5.756636323995803e-05, -9.414556522627095e-05, 4.639049464753638e-05, 5.948962791768442e-05, -4.523768937242774e-05, 5.703870002565123e-05, 2.3122952800547106e-05, -3.338964099514965e-05, 1.9260624010641518e-05, 2.6455530202596283e-06, 3.2262499543287544e-05, 1.2612358791219442e-05]]
