==============================
B7_Energy_1
P3->P4
T_min:200.0 K    T_max:3000.0 K    P_min:0.0001 atm    P_max:10.0 atm
[[-26.118365957940693, -1.1700128280004494, 0.06889398341156115, 7.698866129044535, 1.3131445303125295, 0.007045178615932023, 1.2150750452170949, 0.2864686106837594, -0.1697261953362885, 0.5513800104468425, -0.4962411600965981, 0.054602953617164954, 0.20852973924546928, -0.16126786792187528, 0.10684300266833743, -0.009829484846949005, 0.23774980775454221, -0.03998736628161458, -0.011246354042384167, 0.13931239279221455, -0.0786780169515625, 0.09679223901195667, -0.14010710165198734, 0.0316904716703383, 0.049156032326881205, -0.09440401640177735, 0.04958397738302501, -0.06440630682086945, 0.08758257101979704, -0.023368037084411437, -0.0324529909953579, 0.047213295093029704, -0.026318852467311808, 0.021814058291251038, -0.0331974483557696, 0.010129672551420976, 0.03523589324927921, -0.047293196561796445, 0.02042339773450119, -0.021166786099014238, 0.034578339899152606, -0.010606739573133593, -0.00782514234499974, 0.014285888153577257, -0.00823407890501856]]
P3->P5
T_min:200.0 K    T_max:3000.0 K    P_min:0.0001 atm    P_max:10.0 atm
[[-26.0812842594275, 0.002854243343652918, -0.0022072871979320332, 12.126017916998304, -0.0038266932376193013, 0.0029483544871729286, 0.026503517235794517, 0.0010871868697109406, -0.0008487571280335475, 0.042209156514710924, 0.00021144542022776168, -0.00016887137372167081, 0.04740459253388718, 2.16124915852871e-06, -6.955692492916148e-06, 0.03498468351906341, -3.364063762092389e-06, -1.2325190682613497e-06, 0.020779631823321428, 1.476429890467287e-06, -4.304804851051725e-06, 0.010668263367445373, -1.957445250396029e-06, -1.1374894215512316e-06, 0.0049344718853692494, -1.9631415845771284e-06, 1.1417082460755506e-07, 0.0019107846801964022, -3.132930161406163e-06, 1.5717494414503128e-06, 0.0008021043488310799, -5.041044385670001e-06, 4.1188140612421705e-06, 0.00017048609247200013, -2.2954343486907445e-06, 1.6251476116200037e-06, 0.00016809455042771231, -1.6952245665989328e-06, 2.142048755728392e-06, 2.1845726774642597e-06, -3.4695754920039543e-07, 9.269749974026648e-08, 9.687805028495623e-05, 4.24669886567028e-07, 1.6262865993291973e-07]]
W3->P5
T_min:200.0 K    T_max:3000.0 K    P_min:0.0001 atm    P_max:10.0 atm
[[-6.420482459485353, 3.6049856769821167, 1.0789134918036443, 14.195168341752009, -1.2805740904780274, -0.9325847204391806, -0.6588113312513768, 1.114977182152505, -0.38858378218338296, 0.03941920419865864, 0.35198071711516454, -0.14770381395826082, 0.43557887466692663, -0.23077304934132864, 0.023087626180114257, 0.3194618948449972, -0.2013155223763805, 0.03853373560462286, 0.009516232236085794, 0.06789344506774465, -0.05331181191937591, 0.05364963746430792, -0.09057574728387757, -0.0014242599220350065, 0.0963096913308933, -0.18513986163235974, 0.0346044904882421, -0.03309046052298905, -0.03140043803177854, -0.01744210771723366, 0.03922514026987407, -0.11239367627578085, 0.04466041051080016, -0.048972273718338094, -0.0033672494185653826, 0.0049846670123718205, 0.028769136404098797, -0.06398513661168853, 0.04689250791554348, -0.06494936183098977, 0.059774787653081765, -0.014729942876028895, 0.07311538227645316, -0.09364262197159089, 0.049769177142379356]]
P1->P4
T_min:200.0 K    T_max:3000.0 K    P_min:0.0001 atm    P_max:10.0 atm
[[-16.192328975782964, 0.056910051464020533, -0.13844371556605692, 0.7059503157757904, -0.06750450197469339, 0.19449310477278248, 0.45934315875630466, -0.0031841549568612333, -0.049874172621310824, 0.14947226907108932, 0.020468084400118665, -0.018452933791664603, 0.09829213030110963, -0.0023997063737821738, 0.009593415622274075, 0.1046803651039379, -0.004666030376471188, 0.004483200725220173, 0.07728132461526464, -0.0004145841834625828, -0.001538270177808083, 0.03758600927607457, 0.0006932076677563447, -0.0009974093488643993, 0.009865915261961787, 0.00010100508456041703, 0.00043495517510477676, -0.004437685157546078, -0.00035647698557682295, 0.0005237038950141915, -0.005738199980140216, -9.358740120786807e-05, -5.748859654285958e-05, -0.0073163934509385626, -8.127408635136395e-05, 1.4987153812684935e-05, -0.0022251236827374827, 0.00023336553884613, -0.00014471121965348583, -0.0025040650969134796, 7.69272785786332e-05, 2.253218079071775e-05, 0.0013071098799801424, 0.00027561375380547585, -0.000198373990521419]]
P4->P5
T_min:200.0 K    T_max:3000.0 K    P_min:0.0001 atm    P_max:10.0 atm
[[-34.04925494794294, 0.0033003775330371354, -0.002552157999531109, 19.63029675966043, -0.004469507019875119, 0.0034565520549794493, 0.15880968408189172, 0.001093710661045686, -0.0008467143686019116, 0.11759602491105049, 0.00018800675833410499, -0.000146420585437776, 0.08564525502187696, -1.7660214301433733e-05, 1.438487872371581e-05, 0.05204071613803395, -2.4203088539490513e-05, 1.794350066720636e-05, 0.02725662177454605, -9.126160212886264e-06, 6.224923208963704e-06, 0.012739164689581447, -2.369896854264671e-06, 1.541706003080688e-06, 0.005530839952492324, -2.1913602784927936e-06, 7.339614135471912e-07, 0.0021063007502994855, 1.3497399297481803e-07, -5.759281338784027e-07, 0.0010324252839443418, -2.922172391398459e-06, 2.059184295298194e-06, 0.0003272360669491276, 1.134402205310957e-06, -9.040561441104513e-07, 0.00038442247683160836, -5.6866031443421686e-06, 3.6610926756010264e-06, 7.612624088975802e-05, 1.4851681817278945e-06, -7.787029168742759e-07, 0.0001979034508787399, -3.7495601257532267e-06, 2.1086063892192496e-06]]
P5->W3
T_min:200.0 K    T_max:3000.0 K    P_min:0.0001 atm    P_max:10.0 atm
[[-19.27436640610445, 3.6066941538432924, 1.078548364628717, 2.2340517811239855, -1.2777890233746954, -0.9331246361436457, -0.36676019596555065, 1.1179895557714739, -0.3892434460596143, 0.19960084478722234, 0.35415715578195506, -0.14813572037685332, 0.503662940365786, -0.22868305271838912, 0.022636205740840437, 0.3465440308624762, -0.1999640407146472, 0.03827398103026062, 0.020027565730469852, 0.0689402633233221, -0.053530841120309675, 0.05793929168569114, -0.08995974274213361, -0.0015525535299620427, 0.09831365123912365, -0.18492985058589353, 0.03457433675414047, -0.03220878279530839, -0.0312052153503789, -0.017488148504775418, 0.039976357801470346, -0.11263601073919861, 0.044745688475540314, -0.04871218439333344, -0.0033589808419138907, 0.00497652661865336, 0.029272822930932762, -0.06440195171062373, 0.04702152585996365, -0.06486450618147306, 0.05973764282403815, -0.014726404008464684, 0.07342220792029343, -0.09396615201676953, 0.04987309380267122]]
W3->P4
T_min:200.0 K    T_max:3000.0 K    P_min:0.0001 atm    P_max:10.0 atm
[[1.01585162646396, 0.5380192381437656, 0.09578151939479562, 3.4415935803248043, 0.9998987415514686, 0.08247939032100401, 0.024856101330533655, 0.7864403939333806, -0.16608682874611952, -0.13886933317531308, 0.437724118174549, -0.21853152538490545, 0.20714640532546813, 0.08909534238124059, -0.13425154260625158, 0.27983743191303995, -0.14717140440694212, -0.0009203256980374791, 0.16342485313740182, -0.22956318956602495, 0.052968236200966724, 0.08885151698619422, -0.22288797212769473, 0.06473945584117824, 0.06079270393854416, -0.1812889503559121, 0.05970707219090339, 0.022063377434497416, -0.11868352202517926, 0.035292510093413755, 0.018366935723616678, -0.05534945950557737, 0.030846158600689826, -0.0245976426073419, 0.004241864795635164, 0.0030981797075497887, -0.004322582306087943, 0.02606537397564803, 0.011537493175271854, -0.02359083322957141, 0.02920061977957001, -0.00555248213831445, 0.01167881746588767, 0.008830185245703658, 0.010231075787307468]]
W3->P1
T_min:200.0 K    T_max:3000.0 K    P_min:0.0001 atm    P_max:10.0 atm
[[2.7157111187414515, 2.356549192944554, -0.25817457944278793, 6.189342836869857, -0.2515872832442332, 0.15414773726154118, -0.3200287047603834, -0.2860550493947552, -0.006143300173887769, 0.1147535519297743, -0.1364332002983408, -0.01532539345659576, 0.16685295824250104, -0.08038091861607732, -0.01689854616408528, 0.08647746228747516, -0.054244506759284085, 0.013719979281021151, 0.0014583424508583579, -0.048443347093206274, 0.019319277258886266, -0.038053900048465504, -0.04531413526547866, 0.024423646623967683, -0.029849440053867467, -0.043299567673608375, 0.02553672682858732, 0.0028918511072436137, -0.048195751169542486, 0.011489374482554954, 0.028267441955345154, -0.04449280628331608, 0.022903337834523696, 0.03816034191147511, -0.04469447255616723, 0.008405774607461605, 0.02814129016896393, -0.02542963807788179, 0.025077430607418353, 0.016090674038111936, -0.015270646416429794, 0.005109603135045384, 0.0033636541938224028, 0.0010356962646401742, 0.015379738940672228]]
W3->P3
T_min:200.0 K    T_max:3000.0 K    P_min:0.0001 atm    P_max:10.0 atm
[[0.1500105253591562, 0.66371544161388, 0.02684011546344614, 4.078259206761793, 1.07364740949559, 0.10335693884171229, -0.43632162570524596, 0.7870258174469156, -0.11187316469844533, 0.05779151857958522, 0.4699359147758243, -0.2452276730280408, 0.4286856560184458, -0.08059085508527074, -0.144307071203756, 0.3909871332467488, -0.3464700711721613, 0.020493057175106855, 0.23924119902422308, -0.4098329736007376, 0.13446452105235296, 0.048637869907962344, -0.20611448256773546, 0.11394891936041414, -0.08265469502269121, 0.024131041937421282, 0.025670330665900586, -0.05800097973378861, 0.01733303188482888, -0.012216091367182992, -0.04275088260561325, 0.04818091688791996, -0.024719630591256633, 0.07069089096013538, -0.12297739404629, 0.033282475116772334, 0.024764627308815148, -0.011658990662065763, 0.024466178918146113, 0.05835457732229847, -0.08385965815518517, 0.039427659422539243, -0.027235977160286154, 0.0648678166907602, -0.005866127317240891]]
P1->P3
T_min:200.0 K    T_max:3000.0 K    P_min:0.0001 atm    P_max:10.0 atm
[[-15.066458706515228, -0.09759045325705432, 0.10629666981515026, 0.5409999794698903, 0.14542100689523746, -0.17061719946453982, 1.072261867563008, -0.04257423262000493, 0.07931771898367958, 0.19030705733359815, -0.028703552967675214, -0.005212668131753344, 0.059131355531640145, 0.036327788129680225, -0.0189275397049481, 0.05484065689812236, -0.013755136831455388, 0.010820580513147103, 0.020779855980155453, -0.0008556301876313686, -0.0004614113496007139, 0.008577123669112644, 0.0024911589284322415, -0.001931919139036407, 0.00477806637969156, -0.001428783258845901, 0.000973238918680254, 0.001405458461413441, 0.0007079641574049936, -0.00016533591515349806, 0.001092068369363025, 0.0003744122092427353, -0.0002684558627417217, 0.001092975256254704, -0.0005455045660990305, 0.00032775133185780923, 0.0007456018414323668, -0.000434759022945739, -8.779503369179513e-05, -0.0003356192271838169, 0.001005585078870706, -0.00013442182166878552, 0.0005318017194878129, -0.000632908066447217, 0.00019238574185575133]]
P1->W3
T_min:200.0 K    T_max:3000.0 K    P_min:0.0001 atm    P_max:10.0 atm
[[-14.755627981318865, 2.3582604902944215, -0.25854051373219555, -1.1997165813547932, -0.24881067619569924, 0.15361088364068942, 0.11852374564990895, -0.28303815729813026, -0.006804301222660801, 0.3006378868244333, -0.13426125959800436, -0.015756220648991043, 0.23736473393327745, -0.07828950088537509, -0.01735028187285908, 0.11299749200586962, -0.052888953524468235, 0.013457914587797696, 0.01157560212285887, -0.04739796228120638, 0.01910132331585206, -0.033901102544243104, -0.04469663013932211, 0.02429459149876935, -0.027877616439351435, -0.043090670216315914, 0.025507483280281164, 0.003771274615252055, -0.048001911860027474, 0.011444059618443157, 0.02902094172356602, -0.044734676182812974, 0.022988424263077584, 0.038422684728867534, -0.04468511865833136, 0.008397601745809448, 0.028646481087735213, -0.025846663838803952, 0.025206175249940288, 0.01617561871614276, -0.015306856072351407, 0.005113019502805738, 0.0036698013526543388, 0.0007132672482823464, 0.01548303149617024]]
P4->W3
T_min:200.0 K    T_max:3000.0 K    P_min:0.0001 atm    P_max:10.0 atm
[[-32.28803447329039, 0.5397343650070932, 0.09541284661936747, 11.211734749657031, 1.0026756313856073, 0.0819439484582043, 0.42856013762571393, 0.7894592950581846, -0.1667503904267809, 0.040277302649991936, 0.4398961324157574, -0.21896099767117919, 0.278608232726555, 0.09118890393770795, -0.134704761180514, 0.3077356257584857, -0.14581663282802154, -0.0011816680561385878, 0.17424122677838297, -0.22852112067920852, 0.052751931562792405, 0.09326908740343137, -0.22226738470109178, 0.0646085674512636, 0.06285138263671522, -0.18108549512295724, 0.05968085326371311, 0.022954259747823627, -0.11848421183093746, 0.035244086367594456, 0.019118677771920802, -0.0555949760072584, 0.0309334580901305, -0.024344357270639022, 0.004253972943788546, 0.003087903541690715, -0.0038197086658450334, 0.025645773542120158, 0.011668001266829132, -0.023509003010572814, 0.029165653612323938, -0.005550415655101461, 0.011985243027101312, 0.008506615618251898, 0.010335058152594277]]
P3->W3
T_min:200.0 K    T_max:3000.0 K    P_min:0.0001 atm    P_max:10.0 atm
[[-24.655235896918903, 0.6654208764367375, 0.026475915521830387, 4.537821847894118, 1.0764330755441938, 0.10281742943625569, -0.05923087399728681, 0.7900317205067393, -0.11253036164887856, 0.21693702296400202, 0.47211717278762394, -0.24566166935107087, 0.4877935403293429, -0.07850566604595059, -0.1447564165484519, 0.4121334648463684, -0.34511277941728263, 0.020230734265605857, 0.24667724632370389, -0.4087891127389161, 0.13424695718510987, 0.0514023267892909, -0.20549988086244664, 0.11382104010384973, -0.08143195362524908, 0.024341349446857088, 0.025640495185112844, -0.057511862846165114, 0.017519117940362032, -0.012258354508944535, -0.04223437486055458, 0.04794152417655566, -0.024634865508593826, 0.07084973528312659, -0.12297659142349547, 0.033277410776273816, 0.025184986540056124, -0.012070448258634762, 0.024592974822033917, 0.058422459927002145, -0.08390304800973727, 0.03943376263967692, -0.02696212151357556, 0.06454999673009622, -0.005764530954468903]]
P1->P5
T_min:200.0 K    T_max:3000.0 K    P_min:0.0001 atm    P_max:10.0 atm
[[-15.184286534348377, -0.0020210217857807855, 0.0015952549927479298, 3.6842103120336946, 0.0016957697778714597, -0.0013071082879418728, -0.20526271692945514, 0.0017173399367479728, -0.0013080967549169127, -0.0851444209072321, 0.0005423065833723272, -0.0004221340716602984, -0.017375141666342766, 0.00037294730225019177, -0.0002907337272059039, 0.006071346123629669, 0.00015954772711810304, -0.0001462765616944905, 0.010027597891028429, 0.0001915828744394679, -0.0001762907282035527, 0.007767235417938843, 0.00013756598954633146, -0.00014426773273844854, 0.004840919252945724, 4.394661264242264e-05, -8.071994892357425e-05, 0.0025206722173607326, 8.540678976902815e-05, -0.0001089315443261083, 0.0011900867542215749, -0.0001028270731291331, 2.90608314986635e-05, 0.00044554939418822834, 1.9709225191744626e-05, -4.8824253766273964e-05, 0.00010390859053770354, -0.0001792018737300062, 0.00010202500193535097, 2.6003606635439654e-05, -1.8590180731922218e-06, -1.2581378609893112e-05, -3.831820804944185e-05, -0.00014731443034292905, 9.802315193073196e-05]]
