==============================
colrel_FactorOne
P3->P4
T_min:200.0 K    T_max:3000.0 K    P_min:0.0001 atm    P_max:10.0 atm
[[-26.155469342982574, -1.1561076472647318, 0.06277082646492359, 7.7318066266562, 1.3037246885971991, 0.014457259575697335, 1.220778520564419, 0.2762566950098916, -0.17141576369787342, 0.5492015943831166, -0.49765863797740956, 0.056857747274936254, 0.20699652879272942, -0.15037598170896813, 0.10562509421982688, -0.009808758077355538, 0.24070206155431648, -0.04285166365511239, -0.008929214853523708, 0.13067409492138102, -0.07738178789637626, 0.09773217326652289, -0.14458346878450418, 0.03516498474793716, 0.04533670876251137, -0.08791277583144608, 0.04815823561738182, -0.06789747059813966, 0.09360571952977406, -0.02724355656113166, -0.02682644993861117, 0.03865763845486738, -0.022973439327974295, 0.02228223578621656, -0.03326126307676182, 0.010527367982136378, 0.034708109389727695, -0.04617659405760995, 0.020458772167239642, -0.024443147971305527, 0.039546429503688744, -0.013369943059572497, -0.00484560165316893, 0.009393466426769723, -0.0059403080373595435]]
P3->P5
T_min:200.0 K    T_max:3000.0 K    P_min:0.0001 atm    P_max:10.0 atm
[[-26.038974283879394, 0.003392857612158906, -0.0026231973965959512, 12.07676667043254, -0.0045430551239209055, 0.0034999388596263442, 0.029900509753316165, 0.0012584506704070805, -0.0009843973147508729, 0.04467506676009995, 0.0002497158343562494, -0.00019787980286709074, 0.048492719970917864, -5.386936452692516e-06, -3.068401575241763e-06, 0.035279985433097134, -2.8256319940257522e-06, -1.7567685062362995e-06, 0.020767278026726763, -3.068197336176832e-06, -1.835635100271795e-06, 0.010578533796930323, 1.1464117739847996e-07, -2.0128943450340435e-06, 0.004859521222148745, 1.1967369376571821e-06, -1.446362796614393e-06, 0.0018761697086572935, -1.1519449866893035e-05, 6.541385106223847e-06, 0.0007813027440982887, 4.772892766145257e-06, -1.4852070373380007e-06, 0.0001754340427195915, -1.2325706305028937e-05, 7.06656971369027e-06, 0.00016739441135220744, 5.768961864281248e-06, -2.397789743283183e-06, 8.872419827058198e-06, -6.2370286925068705e-06, 3.2072442514095752e-06, 9.622970506672299e-05, 5.9081702755806626e-06, -3.307087059570185e-06]]
W3->P5
T_min:200.0 K    T_max:3000.0 K    P_min:0.0001 atm    P_max:10.0 atm
[[-5.680137357700207, 3.30176339858762, 1.0340967186887755, 13.620754162121665, -0.9839009087974957, -0.8910010883482804, -0.7818052924337572, 1.1930847654123842, -0.4249224966844187, 0.16687829581984553, 0.11595402553881407, -0.07131672559750468, 0.45015927042147946, -0.2753575430573711, 0.042366550721579965, 0.17101791345771458, -0.00021878763064937427, -0.027764009330640403, 0.06846119158960552, -0.011342167778814078, -0.023809877848194824, 0.10110719367636337, -0.1491745257065681, 0.02044417114661609, 0.03177187883139072, -0.08637314830928045, 0.002539879564542411, -0.002942945678895115, -0.06558323015048036, -0.0019667696777217864, 0.03926758775986055, -0.11087328438516832, 0.044817007770213954, -0.049758142452663794, 0.004614700721453771, 0.0017311061742168138, 0.011252713646607055, -0.042298673820425195, 0.03850023972114561, -0.029573188659394227, 0.01187990098673613, 0.0019172262180641732, 0.0328415228776041, -0.040617976626399474, 0.029066585520355]]
P1->P4
T_min:200.0 K    T_max:3000.0 K    P_min:0.0001 atm    P_max:10.0 atm
[[-16.206379790727883, 0.0594469778178254, -0.14522128597542577, 0.7148403685308214, -0.0691800486390195, 0.2028965988607608, 0.4576726468004896, -0.005631746884870662, -0.05035753931281443, 0.15087946508687286, 0.02219808215253458, -0.02007448174639882, 0.10204189542993504, -0.002167151623645739, 0.009781190068415815, 0.10667987450627707, -0.004996653893351334, 0.004824112369542849, 0.07701370143933477, -0.0006194690659899387, -0.0014717141830071585, 0.03652636846127569, 0.0007233374031556738, -0.0010402553334293708, 0.008975454563580185, 0.00020661955911485588, 0.0003950790823779174, -0.005013646503168807, -0.0003619696985491165, 0.000524582783879807, -0.0058558267827547705, -6.76218128268956e-05, -7.575431691119625e-05, -0.007354956370585011, -9.382118876698544e-05, 1.2427978107516116e-05, -0.002006047597833218, 0.0003265670771932516, -0.0001829725125030446, -0.0023971797764773244, 5.7882972612282934e-05, 2.3000080151972275e-05, 0.0015365881579317321, 0.0002602727093929819, -0.00020194539332612545]]
P4->P5
T_min:200.0 K    T_max:3000.0 K    P_min:0.0001 atm    P_max:10.0 atm
[[-34.008717625501845, 0.003889773597205881, -0.0030073549089646447, 19.582223749687277, -0.00526284241372548, 0.0040697935872180385, 0.16285001644543246, 0.0012758200385497268, -0.0009892007444998162, 0.12025349845376648, 0.00022523610883485933, -0.00017288425974234958, 0.0866904868637866, -2.6071843454590017e-05, 1.9123518431268926e-05, 0.05224010483436545, -2.6827188504921358e-05, 2.0128665909232938e-05, 0.027171332678822633, -1.2178949329795483e-05, 8.382234257578729e-06, 0.012619027258793806, -3.899157284022782e-06, 2.152213533524754e-06, 0.005453053890567227, -2.1062049636120048e-06, 1.068486998112324e-06, 0.002073746420666709, -2.9323126107983884e-07, -4.5576617616355365e-07, 0.0010277788009381375, -2.2923657416708984e-06, 2.0315105860151585e-06, 0.00033460658802604646, -1.6495267683074575e-06, 6.377157945820275e-07, 0.00039047557329254087, -2.7759783556888556e-06, 2.4866844002533454e-06, 8.186460373889514e-05, -1.0954169256342945e-06, 2.7344914402941726e-07, 0.00019862662338807259, -5.482830016089195e-07, 8.957185611131056e-07]]
P5->W3
T_min:200.0 K    T_max:3000.0 K    P_min:0.0001 atm    P_max:10.0 atm
[[-18.53395159501678, 3.3033979756911727, 1.0337462415802134, 1.6597754328815526, -0.9812566282562691, -0.8915087723937647, -0.48962706064126915, 1.195959472292134, -0.425553773991239, 0.32717122239713753, 0.11801461984557263, -0.07172109321911833, 0.5183373296677395, -0.273370752524824, 0.041938904372942995, 0.19817057595095552, 0.0010587393735414917, -0.028004292720735766, 0.07902761420487128, -0.010357959584881867, -0.02401113285541343, 0.10543120299410982, -0.14859919545706832, 0.020329383240378477, 0.033794621266547246, -0.0861859882552133, 0.002520405420749452, -0.002052409047527283, -0.06540346772043691, -0.0020045667341473, 0.04001456739056357, -0.11111019843242213, 0.044905648892652035, -0.04950037752609481, 0.004620659803073807, 0.0017266725231278774, 0.011746728697573958, -0.04270106292843739, 0.03862844179942734, -0.02948991846768563, 0.011842467764791484, 0.0019222327727790578, 0.03314276449956208, -0.040930468911129655, 0.029168879740176474]]
W3->P4
T_min:200.0 K    T_max:3000.0 K    P_min:0.0001 atm    P_max:10.0 atm
[[1.0331818692907109, 0.5426127141866557, 0.09880204124037051, 3.4620971255038517, 1.0029437166603554, 0.08487707841583113, 0.035714495001944555, 0.776021270824078, -0.16828956297831074, -0.13956337399778423, 0.4152790003186428, -0.21983451452669675, 0.21202519714898038, 0.06393118153468708, -0.12969855703981983, 0.2827535224278656, -0.16487677758027636, 0.006966357443350299, 0.16493271427722359, -0.2348716106164056, 0.059811964787370483, 0.0868044801868407, -0.21835422064791712, 0.06853263577415687, 0.05661145732603682, -0.17252588543185415, 0.06084387778676213, 0.020593434665364677, -0.10970195355976219, 0.034605000156794255, 0.014837364214374054, -0.04829093840188446, 0.028783766334754896, -0.023441628078936027, 0.008904182861954041, 0.0008054329374464611, -0.006841308956075613, 0.02836474092034441, 0.009482346883672976, -0.022409191796401117, 0.03041085313233436, -0.0067750378772339, 0.008849136068012999, 0.009282896999204869, 0.009571716469010505]]
W3->P1
T_min:200.0 K    T_max:3000.0 K    P_min:0.0001 atm    P_max:10.0 atm
[[2.7583142497776003, 2.3488252636491658, -0.2639094478715186, 6.187682778120814, -0.2502447434319767, 0.15861300823592306, -0.3157097181264814, -0.30496776730109754, 0.0024137637716735213, 0.10222951195616342, -0.13744524857715967, -0.016002370020641827, 0.1665738699796807, -0.08692416391148813, -0.015269873705608023, 0.08406925168035383, -0.05611714923556171, 0.014439729212520723, 0.004990012503515498, -0.05320090448538985, 0.02214277331348251, -0.03520727415301597, -0.04814212253361063, 0.027075325242833723, -0.029852824355550468, -0.04329934753208695, 0.027014497146137437, 0.008144420423080384, -0.05255493662632734, 0.014119252192571456, 0.02586254310469298, -0.04252671478983276, 0.02259729892967937, 0.04342309756946801, -0.048340358442738256, 0.009909245169792585, 0.02263349172046563, -0.019859973994491655, 0.022800878270923322, 0.019357214896162205, -0.01686520075847231, 0.0053860719441813166, -0.0025569498158295074, 0.006318999672589071, 0.013091472845810484]]
W3->P3
T_min:200.0 K    T_max:3000.0 K    P_min:0.0001 atm    P_max:10.0 atm
[[0.17015228069279487, 0.6622754710821686, 0.0284440972486817, 4.096559179031165, 1.0909272867048583, 0.10211513208645467, -0.41306085333006615, 0.7630379177883789, -0.10679755631498054, 0.04444678852365027, 0.46349048911767154, -0.2552447249509412, 0.44005423065660465, -0.12291366906658532, -0.1325981476112204, 0.3924167609818978, -0.3649164255649342, 0.0319122552820876, 0.2389073390080678, -0.40989113901743235, 0.14373751501917875, 0.03786763376706912, -0.1831024995837486, 0.11112696367406179, -0.09695139643043471, 0.052016723638190876, 0.015272172147381585, -0.05364263252367326, 0.01730902345904161, -0.01332039910356028, -0.04064543100338796, 0.0463778374400118, -0.02592912237134036, 0.08814366987519646, -0.14456541445084098, 0.0430468963139028, 0.01898688855182795, -0.0044351381420501676, 0.021753916895152478, 0.05972500879775781, -0.08516619883483337, 0.041315961954164065, -0.0418117017937454, 0.08273641865088412, -0.013824359353189618]]
P1->P3
T_min:200.0 K    T_max:3000.0 K    P_min:0.0001 atm    P_max:10.0 atm
[[-15.052992225925285, -0.10635247902681758, 0.11534456586069643, 0.5184905434824346, 0.15964823217269128, -0.1849360341236783, 1.0837527937854037, -0.04951763046867905, 0.08554305495322667, 0.18859004394374654, -0.027635886254449404, -0.005276521446026313, 0.057837562308778935, 0.03689838698081073, -0.020266860021130016, 0.05533652684407352, -0.013502557480359948, 0.011026866960011402, 0.021210234806579957, -0.0016200115845252355, 2.996096573451891e-05, 0.008026791029987828, 0.002940521232158985, -0.0022187118235508937, 0.00485540558484243, -0.0014510563564511575, 0.0009765327442947607, 0.0015706045721951489, 0.0005528292508281358, -0.00010555774943774284, 0.0010100991148627155, 0.0005215327197604137, -0.00031876597152750335, 0.001091053498932385, -0.0005663462125176878, 0.00034163375227362863, 0.0008160842599213477, -0.0005542593066199847, -4.46602051603484e-05, -0.00041012343156009433, 0.0011045852685890346, -0.00018030063071114395, 0.0005417447601379977, -0.0005934989323464571, 0.00018723308189679534]]
P1->W3
T_min:200.0 K    T_max:3000.0 K    P_min:0.0001 atm    P_max:10.0 atm
[[-14.712955069680786, 2.3504621799550205, -0.26426134991175143, -1.2012464299082974, -0.24759717786616603, 0.15810431005088096, 0.122973223812643, -0.30209400755215093, 0.0017824978177534427, 0.2882224583610882, -0.13538493559608353, -0.016406644505368464, 0.23718358081513743, -0.0849417762579517, -0.01569528242480193, 0.11066079306277235, -0.054836961495430485, 0.014197852294047889, 0.015160242701643544, -0.052215404117745626, 0.021941043344262553, -0.03101898526037392, -0.047566461881509925, 0.026960132306179253, -0.027866469858286586, -0.04310730082654195, 0.02699262230933411, 0.009034173158820463, -0.05237889207329695, 0.014082808118553537, 0.026611988697384764, -0.042763186379301335, 0.022685972724905912, 0.04368652850480102, -0.04833877703181369, 0.009906559201510996, 0.02312883388960423, -0.020261934809593256, 0.022929029108966985, 0.01944198746506561, -0.016904098540230148, 0.005391445330859032, -0.0022557229728596886, 0.00600685647800881, 0.013193931323134402]]
P4->W3
T_min:200.0 K    T_max:3000.0 K    P_min:0.0001 atm    P_max:10.0 atm
[[-32.270627578314325, 0.5442442189118264, 0.09845292719048618, 11.232366137635713, 1.0055938908687172, 0.08436683175115099, 0.4395521977896473, 0.7788933100963616, -0.16891981522970462, 0.03969065362826705, 0.4173404053430907, -0.22023895994780457, 0.28358564743367826, 0.06591511504446776, -0.13012477370119374, 0.31071979199018207, -0.16359281072745657, 0.006723013017829827, 0.1758004209733616, -0.2338867134449968, 0.059610824384733856, 0.09125814867840817, -0.21777654243508734, 0.06841628962675105, 0.05868587745211381, -0.17234126126815738, 0.060825737477232696, 0.021496278463199448, -0.10952210945846005, 0.03456707962862365, 0.015583200697404967, -0.048528955760712006, 0.028873266817985164, -0.02318800587723355, 0.008910611431001268, 0.0008007404598236471, -0.0063500268749564935, 0.027961846977197686, 0.009611066337142217, -0.022325896532024124, 0.030371607558212697, -0.0067696622197651385, 0.009149580234601171, 0.008970844569199898, 0.009674324879492033]]
P3->W3
T_min:200.0 K    T_max:3000.0 K    P_min:0.0001 atm    P_max:10.0 atm
[[-24.635024874645087, 0.6639082896107658, 0.028094045123075666, 4.556254537401326, 1.0935786776473166, 0.10160522960126017, -0.035846445444693474, 0.7659118294520662, -0.10742910243147268, 0.20370700518925736, 0.46555056942353096, -0.2556481026991376, 0.4992544093305709, -0.12092908551496562, -0.13302516827409092, 0.4136381401137675, -0.36363990671288177, 0.03167254499199301, 0.24639655273110567, -0.40890705189075865, 0.14353641115939633, 0.04066620241948241, -0.1825280373808759, 0.11101222462071048, -0.09571107338077477, 0.05220553005655535, 0.015252244983830272, -0.05315005861528505, 0.017487923947295637, -0.013358273706432762, -0.040132954567008335, 0.046142962382416546, -0.02584060982087313, 0.08829291391639073, -0.14455593551738397, 0.04304020560945421, 0.019403243071123493, -0.004840780417698042, 0.021884427855483255, 0.05978746513968788, -0.08520405286869828, 0.041320150448668054, -0.04153833523058326, 0.0824221746833434, -0.013720549754307946]]
P1->P5
T_min:200.0 K    T_max:3000.0 K    P_min:0.0001 atm    P_max:10.0 atm
[[-15.132682936448873, -0.0024136259611053923, 0.0018981534747801831, 3.628490479551324, 0.001982248616234671, -0.0015319790406168761, -0.20449716788156608, 0.0019443508066823733, -0.0014955406650943128, -0.08357261470027402, 0.0005858047813644183, -0.00045859610442911073, -0.016333832849433048, 0.00036987469762225306, -0.0002979118652114552, 0.006619159296494149, 0.00013807380134956638, -0.00013443986241526833, 0.010265236833378788, 0.0001698101817601644, -0.0001670304848712809, 0.007847591882681887, 0.00011578088482603984, -0.00013368794975142823, 0.0048575895805839635, 1.966011450960423e-05, -6.566263241629117e-05, 0.0025113398159493715, 6.414173174757197e-05, -9.878313618702923e-05, 0.0011877992224438845, -0.00012588390893178287, 4.818627072138518e-05, 0.00043849737482786453, 5.07070485596156e-06, -4.14918361171862e-05, 0.00011275865617693892, -0.0001958966999576116, 0.00012009704646234662, 2.7812879971906866e-05, -1.0608412995502913e-05, -8.397045571014255e-06, -3.0949640780610286e-05, -0.00015229305597818797, 0.00010790365109092397]]
