==============================
colrel_Epsilons
P3->P4
T_min:200 K    T_max:3000 K    P_min:0.0001 atm    P_max:100 atm
[[-27.076704139959624, -1.7319479184152442e-14, 9.369024775005031e-16, 8.879874645005975, 3.6906294854267845e-14, -3.631361017495442e-15, 1.1855387933026917, -4.9805586728543784e-14, 9.885924249182049e-15, 0.3339754565327079, 1.1088118668296322e-13, -5.769286083172306e-14, 0.08776058176168747, -1.0936706692198064e-13, 4.747235855990561e-14, 0.12572975046757637, 4.907515724658116e-14, -2.5801330464670774e-14, 0.09365843447745537, -5.759435408899526e-14, 4.0277753425792306e-14, 0.010422299948550423, 5.1484499119496325e-14, -6.465119461013631e-14, -0.02311730688988281, -1.6561099389301827e-14, 4.971086865508178e-15, -0.008037179667774607, 3.71205571163339e-14, -3.473485462365253e-14, 0.003961528999471815, -3.205607963604747e-14, 1.3151059054005753e-14, 0.0011970916822420994, 2.1046669541788038e-14, -7.499945126438427e-15, -9.908751711735581e-05, -2.2704529575563064e-14, 1.3773474066343283e-14, 0.0026794512238508816, -2.9728650016047745e-15, -2.2205836535972237e-14, 0.0033151563681191104, 1.0432499206461131e-14, 5.0482416496333515e-15]]
P3->P5
T_min:200 K    T_max:3000 K    P_min:0.0001 atm    P_max:100 atm
[[-26.03580297484602, -4.218847493575595e-14, 2.974438668940756e-14, 12.072671937687977, 8.266151306626022e-14, -5.769994543782944e-14, 0.03119580240341072, -8.923126053154652e-14, 4.719817129778247e-14, 0.04483426965867359, 1.1843724139659926e-13, -6.833138050385046e-14, 0.0485215392178529, -1.1284188344762891e-13, 5.2068007144855535e-14, 0.035230227253450604, 5.1103784181844914e-14, -3.072461091479196e-14, 0.020736934218686876, -6.64989096865055e-14, 4.609061871556922e-14, 0.010596868484055742, 5.726231121634521e-14, -6.547807222761429e-14, 0.004820069370201875, -3.118116703443273e-14, 1.6414855972630047e-14, 0.0019218519884704967, 5.0688422304797025e-14, -4.149478422762761e-14, 0.0007224839495545127, -4.5241909880874615e-14, 2.0066786100515856e-14, 0.00022811964978382258, 3.929752044222709e-14, -1.9033627743679025e-14, 0.00012891102189064078, -3.598207545539649e-14, 2.0308319380177756e-14, 2.1436088741065775e-05, 8.808550721046896e-15, -2.673144879158484e-14, 9.849859946333065e-05, 3.792787429732491e-15, 8.802332836320534e-15]]
P3->W3
T_min:200 K    T_max:3000 K    P_min:0.0001 atm    P_max:100 atm
[[-24.393529603123348, -1.0436096431476471e-14, -4.74305537499137e-15, 4.9075285672604965, 4.052688173193569e-14, -1.0243332151617113e-14, 0.3469592500589087, -5.909463015004035e-14, 1.74815479081565e-14, 0.5595122107815576, 1.1876897749237404e-13, -6.670032717851571e-14, 0.5510835939563633, -1.2353910771675656e-13, 6.11911212886556e-14, 0.250945751651793, 6.305783012213157e-14, -3.6444725355067456e-14, -0.010258237023969554, -6.878370241297574e-14, 4.6379819374201403e-14, -0.11009174820213191, 6.243021337082722e-14, -6.909063196191648e-14, -0.09208279637202807, -2.3822120229424313e-14, 9.167507896004315e-15, -0.03486438576698166, 4.6669368761745186e-14, -3.859725806116066e-14, -0.0054676824098566276, -3.6128505282814925e-14, 1.6677958952021426e-14, 0.010831405979965972, 2.4563276884948785e-14, -1.0855688925988329e-14, 0.00022722099279699022, -2.4228174258926116e-14, 1.6355896216698797e-14, 0.0030266845843290526, 6.51099679083688e-16, -2.516491602102399e-14, -0.005279973344395667, 1.0655248432074951e-14, 4.9734997564354406e-15]]
P4->P5
T_min:200 K    T_max:3000 K    P_min:0.0001 atm    P_max:100 atm
[[-34.00509991329784, -3.2862601528904634e-14, 2.1264017911263913e-14, 19.577491488751516, 6.327902307178132e-14, -4.106046459184719e-14, 0.16414938047836883, -7.225181661474837e-14, 3.486544391907102e-14, 0.12039309397699895, 1.2590575596351537e-13, -7.309993514250986e-14, 0.08669059844379824, -1.1056544419449468e-13, 4.194619852886631e-14, 0.05217015462845144, 5.4068747495651065e-14, -2.810730001506325e-14, 0.02713583154177831, -7.148297599403482e-14, 5.5555866259141494e-14, 0.012636801125444483, 6.114853257508375e-14, -7.733845980500606e-14, 0.0054183724608681105, -3.570865808557253e-14, 1.7881918525343706e-14, 0.002128077562732729, 5.785488629330239e-14, -4.8908011230758187e-14, 0.0009710224686191974, -5.515736271017428e-14, 2.3108472948618645e-14, 0.00039109678313693866, 5.2910047107000345e-14, -2.2413622056624897e-14, 0.0003494772288017892, -4.923120550799022e-14, 2.5370326776213762e-14, 9.699957367976153e-05, 1.2364097035241845e-14, -3.208514275826811e-14, 0.00019564993564101104, 1.7700062194902304e-15, 1.488612530864986e-14]]
P5->W3
T_min:200 K    T_max:3000 K    P_min:0.0001 atm    P_max:100 atm
[[-18.40543474119687, 2.7755575615628914e-15, -7.490892192014846e-15, 2.4448234211353252, -5.827703648054551e-15, 1.665336635154098e-14, 0.2419196968741643, -9.547704472273081e-15, -9.394310306256103e-15, 0.3784949923809763, 5.79105950180975e-14, -3.1811453912327604e-14, 0.36994932379639195, -6.574274699403044e-14, 3.0607334267502665e-14, 0.21739289840385412, 1.768738759987443e-14, -7.64705888638021e-15, 0.08004436732288339, -2.685844104359065e-14, 2.0647702245951993e-14, 0.027472739447872218, 2.936950006977822e-14, -4.381086179088216e-14, 0.005511178202194132, -3.0934693782720785e-15, -1.6000916534305662e-15, -0.021755937951879068, 2.6503755188310224e-14, -2.62501785949883e-14, -0.03527919379552513, -2.1283169242296335e-14, 1.068134317435699e-14, -0.0434791813180409, 1.3692334618256329e-14, -7.090804772069604e-15, -0.03280171915791012, -1.5311336346054992e-14, 1.315727673558883e-14, -0.02411490276599499, -2.5531681846806695e-15, -1.9667348209229165e-14, -0.004666866552518473, 1.0128482752986566e-14, 2.7190412327066124e-15]]
P2->W3
T_min:200 K    T_max:3000 K    P_min:0.0001 atm    P_max:100 atm
[[-42.466842021295555, -7.105427357601002e-14, 3.604892425747605e-14, 12.97208981235667, 1.2556278148993843e-13, -5.5828656294394146e-14, -0.5526105673804076, -1.601459572231957e-13, 7.839904885212973e-14, 0.10916769234123236, 2.1859908560561074e-13, -1.2135965897499858e-13, 0.44955525054155226, -2.1240412994010585e-13, 1.005874352590879e-13, 0.35490603250500274, 1.0925786069365139e-13, -6.104447090526204e-14, 0.13138414272656945, -1.249528311282553e-13, 8.891984515431076e-14, -0.04067212162586213, 1.105743593746044e-13, -1.1724669590709783e-13, -0.08714707405760046, -4.9223739113676295e-14, 2.245798011945648e-14, -0.031066857952224067, 7.715959803313974e-14, -6.455012239898336e-14, -0.01142466048708174, -6.073902184438688e-14, 2.8014139466111767e-14, 0.03656452740421743, 3.547690512767958e-14, -1.1347369410616805e-14, -0.0019237635479891053, -3.35571896967472e-14, 2.1314901628791196e-14, 0.01775529596173634, -5.574521605789982e-15, -3.487139091775368e-14, -0.021066596321300177, 1.9713878180505907e-14, 5.255363417068468e-15]]
P1->P2
T_min:200 K    T_max:3000 K    P_min:0.0001 atm    P_max:100 atm
[[-11.717900520438825, 6.078471059822732e-15, -6.4696400036555064e-15, -0.033747156343060976, -9.694812883301879e-15, 1.3691065016555695e-14, 0.410632944343357, -1.8511828110374256e-15, -7.94542487372856e-15, 0.26189160449497983, 3.6495010725621825e-14, -2.1552269034735258e-14, 0.11643059517142086, -4.165010663545086e-14, 1.98218487967946e-14, 0.04040832920119317, 8.8286317137479e-15, -2.5330090892066275e-15, 0.010397125616100093, -1.5712950527069133e-14, 1.281519252926941e-14, 0.0020070623170688547, 1.8955760937561898e-14, -2.7920503450106782e-14, 0.0011528585605501938, 1.9566262392600866e-15, -4.723917934558338e-15, 0.0014972990708683198, 1.5407229553362838e-14, -1.5668890089413893e-14, 0.0017432383267877451, -9.551027811524438e-15, 3.92509768642631e-15, 0.0005080205571437841, 3.0598697531760398e-15, 2.062818505339082e-17, 0.00019317065390205335, -6.420159490534857e-15, 6.8718126205150625e-15, -0.0003859788814285636, -3.844981506558771e-15, -1.169750200977452e-14, 0.00019510340787150707, 9.440690818080502e-15, -8.303625444006581e-16]]
P1->P3
T_min:200 K    T_max:3000 K    P_min:0.0001 atm    P_max:100 atm
[[-15.3902751009567, -8.31279489688086e-15, 2.072813727240523e-17, 1.0710174698401818, 9.354762550249761e-15, 4.3419941036741996e-15, 0.7946761631222802, -2.471895025552992e-14, 2.8915013685449645e-15, 0.26010078296535444, 6.66614427343252e-14, -3.8561375334455725e-14, 0.0733530887258726, -6.948170141872049e-14, 3.245629159364126e-14, 0.038175488556985576, 3.113707355394655e-14, -1.586626490967712e-14, 0.023601508710940505, -3.6631977901307784e-14, 2.6511462858764423e-14, 0.010566451266762719, 3.582466747245261e-14, -4.2500066689337774e-14, 0.003266215817136356, -1.0554217242646827e-14, 2.591951639687691e-15, 0.001736840132568625, 2.854482005546603e-14, -2.5224095788242943e-14, 0.001385560322484949, -2.1968549913253847e-14, 1.0301706191625441e-14, 0.0009778503121304978, 1.440171548386586e-14, -5.882419980632945e-15, 0.0003576336587628143, -1.6270410408896778e-14, 1.1955964448133941e-14, 0.0002568437561455835, 8.284893993029715e-16, -1.7731470302525482e-14, 0.00013908356114620415, 8.046016350190207e-15, 1.4681359900243276e-15]]
P2->P3
T_min:200 K    T_max:3000 K    P_min:0.0001 atm    P_max:100 atm
[[-45.73149495598974, -5.950795411990839e-14, 1.1095452298579305e-14, 16.371992478360884, 1.5548476325939268e-13, -6.645885901975537e-14, 0.774180694867033, -1.7981612850683397e-13, 7.280584970358179e-14, 0.8337679415861696, 2.6789169190166225e-13, -1.494740084505235e-13, 0.33103371765608247, -2.5017958022338895e-13, 1.1898897524995263e-13, -0.05098428147147312, 1.4616146816706051e-13, -7.736519181223893e-14, -0.23875539451652517, -1.5581391055777039e-13, 1.0508946588676015e-13, -0.1709889783243314, 1.295621361923615e-13, -1.3345654271826252e-13, -0.012650969824763525, -6.200373447403931e-14, 2.901661782122984e-14, 0.040986731861365235, 8.694520226299607e-14, -7.092924317281048e-14, 0.07553846774560301, -6.31612433236981e-14, 2.885416632790753e-14, -0.03491091607061979, 3.9389632068086326e-14, -1.574024318405709e-14, -0.009874362495125301, -3.666783132388902e-14, 2.2211757462531218e-14, -0.05853930580640563, -6.621104456165361e-15, -3.642322546159564e-14, 0.0206916996447953, 2.178346319955062e-14, 8.14255125370756e-15]]
P1->W3
T_min:200 K    T_max:3000 K    P_min:0.0001 atm    P_max:100 atm
[[-13.633001615214189, -7.827072323607354e-15, -3.991158456917383e-15, -1.3987739029206832, 2.458847603326321e-14, -3.5766894255462454e-15, 0.019335525328403817, -3.433562550112347e-14, 6.576573476569456e-15, 0.25067543249295077, 7.977775540819622e-14, -4.6264992090512083e-14, 0.21581636416172675, -8.286910558142741e-14, 4.2117653708114234e-14, 0.07541321838440772, 3.867640734185949e-14, -1.862694464721191e-14, -0.022376374473404858, -4.261231342367794e-14, 2.877407291809369e-14, -0.06906545686785985, 4.292148779042765e-14, -4.553313714943321e-14, -0.06386858875466263, -1.1788369168482501e-14, 2.579338281152307e-15, -0.018658551897156792, 2.8001531832243054e-14, -2.3688784440935276e-14, -0.00583088324193934, -1.8210816862826375e-14, 9.09568015797625e-15, 0.021484423124247847, 5.8184683863703835e-15, -2.0714813536647074e-15, -0.0016731591805725207, -6.210914107908937e-15, 7.197979475231929e-15, 0.01076927057273394, -5.390569138294616e-15, -1.4178515007264997e-14, -0.011644729225667626, 1.2514238883899045e-14, -1.6257518121944516e-15]]
P2->P4
T_min:200 K    T_max:3000 K    P_min:0.0001 atm    P_max:100 atm
[[-47.47766782793731, -4.973799150320701e-14, 1.678764453408246e-14, 17.174521153832973, 1.2175240748531764e-13, -5.0262596426937244e-14, 0.1851573333409352, -1.2668853974469995e-13, 4.1697057078359366e-14, 0.6628123426850148, 2.0015909256474087e-13, -1.0690232676245142e-13, 0.40139306753818493, -1.934704592134237e-13, 8.757572349436828e-14, 0.042373997132281675, 8.020893677580747e-14, -4.6280298533145353e-14, -0.1925106655004896, -8.994371833567982e-14, 6.74918623417991e-14, -0.15287196725047156, 7.718386490113404e-14, -1.059802796845411e-13, -0.017997292697498325, -2.515126494613386e-14, 1.6142474249895497e-14, 0.022814018837864585, 5.3155053979487494e-14, -5.6430874364320635e-14, 0.04893592222544788, -3.191678500970892e-14, 9.949146451079121e-15, -0.03968568903540969, 6.111477120870186e-15, 1.5567472308183493e-15, -0.007058196969063446, -5.097943218964661e-15, 7.043995624077738e-15, -0.04284896738858546, -3.1234502817978613e-14, -2.5579808850210687e-14, 0.026210727285940674, 3.178077481065492e-14, 3.871394187644658e-15]]
P1->P4
T_min:200 K    T_max:3000 K    P_min:0.0001 atm    P_max:100 atm
[[-16.08457521048211, -1.6812939929167214e-14, 3.100682305694799e-15, 0.5447626881898388, 3.80073641276829e-14, -1.2308666891246072e-14, 0.49211641786030447, -5.1145399660854406e-14, 1.762960279166218e-14, 0.1719540260528664, 9.370677996998147e-14, -5.40428617170686e-14, 0.09347757014974314, -9.581531253454024e-14, 4.8567184237225214e-14, 0.10149411409076031, 4.741669227995896e-14, -2.4260931204578787e-14, 0.07866342853574372, -5.364223912453557e-14, 3.54605238752553e-14, 0.03820076029884478, 5.106187890004933e-14, -5.240924666770359e-14, 0.00892319500866245, -1.8726782613321243e-14, 6.864293357678787e-15, -0.005482813775063462, 3.5864417681126485e-14, -2.910918114593354e-14, -0.005862447768850297, -2.518686640608233e-14, 1.2739822849018655e-14, -0.007353788071372464, 1.3659275146911218e-14, -6.943321920145799e-15, -0.0018948876259510204, -1.4114367312659321e-14, 1.1576753360572262e-14, -0.002407608102703762, -2.0215107086943436e-15, -1.7394365304989553e-14, 0.001673671218238923, 1.0210854343080144e-14, 1.4432526061720586e-15]]
P1->P5
T_min:200 K    T_max:3000 K    P_min:0.0001 atm    P_max:100 atm
[[-15.134961901490575, -1.709743457922741e-14, 7.404121153872068e-15, 3.6297308024206854, 1.8296457259329792e-14, -1.8537214373774006e-15, -0.2029833496349217, -3.350981845632262e-14, 1.2030795965227955e-14, -0.08353105383639188, 6.141201862376061e-14, -3.5185297495937256e-14, -0.016281004280326927, -6.664199293834033e-14, 3.2804215655219425e-14, 0.00641450037973568, 2.8312470321522064e-14, -1.43479370924206e-14, 0.010149835477263563, -3.493278158701595e-14, 2.5437691299707303e-14, 0.007804177447262482, 3.3014658918894853e-14, -4.041027192100741e-14, 0.004698513784984923, -9.763313775446402e-15, 2.2890349253779826e-15, 0.0025517533779198932, 2.222383588837733e-14, -2.055980220880853e-14, 0.0009508077667387734, -1.639291181004883e-14, 6.9694809410971616e-15, 0.0005077974864362574, 7.975533127125447e-15, -1.149613311030191e-15, -0.00011094694044443293, -8.661669282492905e-15, 6.345457374094993e-15, 3.706911699820457e-05, -4.551442175210607e-15, -1.2092481450048562e-14, -0.00014618985998161684, 1.0234012829767368e-14, -5.710275922228636e-16]]
P2->P5
T_min:200 K    T_max:3000 K    P_min:0.0001 atm    P_max:100 atm
[[-49.199654101236185, -2.5757174171303632e-14, 2.2600119631001637e-14, 23.30354569866923, 4.3394872887177756e-14, -2.575350790649975e-14, -0.11760714552400074, -6.813934570248135e-14, 3.0911144681076177e-14, -0.046416988782607096, 1.4273280824669666e-13, -7.777267359105592e-14, -0.019162543289162625, -1.4109304669944391e-13, 5.106339260252548e-14, -0.017965154983784544, 5.174861118669189e-14, -3.393373110727179e-14, -0.023390556359642302, -8.225737947945428e-14, 6.251782672771479e-14, -0.024579520716419063, 7.716621691292549e-14, -1.0467849063831465e-13, -0.021323407254166673, -3.736049993667033e-14, 1.7752201655983797e-14, -0.016991978586397623, 8.563587879043832e-14, -7.543377674035598e-14, -0.0103195418494551, -8.424512318503604e-14, 4.333337327354929e-14, -0.006938853732148624, 6.91080691958293e-14, -2.959884058201706e-14, -0.0020900805013229855, -6.232368745871931e-14, 3.3141224334823124e-14, -0.0015483929330765368, 1.0347195690870399e-14, -4.420642560705318e-14, 0.0008027356241486291, 7.399656008169113e-15, 1.693507549532795e-14]]
P4->W3
T_min:200 K    T_max:3000 K    P_min:0.0001 atm    P_max:100 atm
[[-32.12622427353751, -3.108624468950438e-14, 1.4684985392024584e-14, 11.562955011669917, 4.7836482384691236e-14, -2.328197440728813e-14, 0.8665556957446285, -6.865498026639155e-14, 2.983099069570745e-14, 0.3571678775848373, 1.19906103060352e-13, -6.814909879208513e-14, 0.4038691864954303, -1.203830555482524e-13, 5.5483185239539376e-14, 0.24117036660969746, 5.755232191886974e-14, -3.373118255077544e-14, 0.04217375515085564, -6.426107284063556e-14, 4.9382200293023294e-14, -0.04263591373333226, 5.1415984649226694e-14, -7.111323348127003e-14, -0.052243792498750725, -1.315912334587097e-14, 3.928678930241702e-15, -0.04310083026331971, 4.241916122776013e-14, -4.135214828011572e-14, -0.023937834456029396, -3.987766452803409e-14, 1.736809981227936e-14, -0.016996505075900198, 3.2952718768763567e-14, -1.4196516552215968e-14, -0.0036275337919595037, -3.4872062665881474e-14, 2.0598778990675087e-14, -0.003594093740091802, 4.961223440926799e-15, -2.957870608063225e-14, 0.0035899285311060633, 7.758357977979997e-15, 8.720132775653412e-15]]
==============================
B13_Energy_1
P3->P4
T_min:200 K    T_max:3000 K    P_min:0.0001 atm    P_max:100 atm
[[-27.076704139959624, -1.7319479184152442e-14, 9.369024775005031e-16, 8.879874645005975, 3.6906294854267845e-14, -3.631361017495442e-15, 1.1855387933026917, -4.9805586728543784e-14, 9.885924249182049e-15, 0.3339754565327079, 1.1088118668296322e-13, -5.769286083172306e-14, 0.08776058176168747, -1.0936706692198064e-13, 4.747235855990561e-14, 0.12572975046757637, 4.907515724658116e-14, -2.5801330464670774e-14, 0.09365843447745537, -5.759435408899526e-14, 4.0277753425792306e-14, 0.010422299948550423, 5.1484499119496325e-14, -6.465119461013631e-14, -0.02311730688988281, -1.6561099389301827e-14, 4.971086865508178e-15, -0.008037179667774607, 3.71205571163339e-14, -3.473485462365253e-14, 0.003961528999471815, -3.205607963604747e-14, 1.3151059054005753e-14, 0.0011970916822420994, 2.1046669541788038e-14, -7.499945126438427e-15, -9.908751711735581e-05, -2.2704529575563064e-14, 1.3773474066343283e-14, 0.0026794512238508816, -2.9728650016047745e-15, -2.2205836535972237e-14, 0.0033151563681191104, 1.0432499206461131e-14, 5.0482416496333515e-15]]
P3->P5
T_min:200 K    T_max:3000 K    P_min:0.0001 atm    P_max:100 atm
[[-26.03580297484602, -4.218847493575595e-14, 2.974438668940756e-14, 12.072671937687977, 8.266151306626022e-14, -5.769994543782944e-14, 0.03119580240341072, -8.923126053154652e-14, 4.719817129778247e-14, 0.04483426965867359, 1.1843724139659926e-13, -6.833138050385046e-14, 0.0485215392178529, -1.1284188344762891e-13, 5.2068007144855535e-14, 0.035230227253450604, 5.1103784181844914e-14, -3.072461091479196e-14, 0.020736934218686876, -6.64989096865055e-14, 4.609061871556922e-14, 0.010596868484055742, 5.726231121634521e-14, -6.547807222761429e-14, 0.004820069370201875, -3.118116703443273e-14, 1.6414855972630047e-14, 0.0019218519884704967, 5.0688422304797025e-14, -4.149478422762761e-14, 0.0007224839495545127, -4.5241909880874615e-14, 2.0066786100515856e-14, 0.00022811964978382258, 3.929752044222709e-14, -1.9033627743679025e-14, 0.00012891102189064078, -3.598207545539649e-14, 2.0308319380177756e-14, 2.1436088741065775e-05, 8.808550721046896e-15, -2.673144879158484e-14, 9.849859946333065e-05, 3.792787429732491e-15, 8.802332836320534e-15]]
P3->W3
T_min:200 K    T_max:3000 K    P_min:0.0001 atm    P_max:100 atm
[[-24.39352138152115, 9.325873406851315e-15, -9.15799404552884e-15, 4.907513048726098, -1.702447411487614e-14, 2.059869703714852e-14, 0.34697231114991856, -3.8831545469586225e-15, -1.332681053842184e-14, 0.559502404821761, 6.108364547976709e-14, -3.4873950078932876e-14, 0.5510901564776548, -6.927707845387895e-14, 2.942167300387078e-14, 0.25094185436413624, 1.0948380585526925e-14, -4.731872461550082e-15, -0.010256234259337435, -2.8772507090507586e-14, 2.4718744785404874e-14, -0.1100925468377134, 3.350830182724193e-14, -5.213458505899422e-14, -0.0920826498705945, -1.0338210995054796e-15, -4.9798107510890554e-15, -0.034864262015855636, 3.346417875584321e-14, -3.075297355742299e-14, -0.005467827396847134, -2.818397454315561e-14, 1.4390949031470683e-14, 0.010831448319109836, 2.136246190169047e-14, -8.23393655035831e-15, 0.000227273957738649, -2.314345332774976e-14, 1.619337700410482e-14, 0.0030266045540372566, -4.4315411967432455e-16, -2.58986135284664e-14, -0.005279914097465715, 1.0782710635053615e-14, 4.792533398353243e-15]]
P4->P5
T_min:200 K    T_max:3000 K    P_min:0.0001 atm    P_max:100 atm
[[-34.00509991329784, -3.2862601528904634e-14, 2.1264017911263913e-14, 19.577491488751516, 6.327902307178132e-14, -4.106046459184719e-14, 0.16414938047836883, -7.225181661474837e-14, 3.486544391907102e-14, 0.12039309397699895, 1.2590575596351537e-13, -7.309993514250986e-14, 0.08669059844379824, -1.1056544419449468e-13, 4.194619852886631e-14, 0.05217015462845144, 5.4068747495651065e-14, -2.810730001506325e-14, 0.02713583154177831, -7.148297599403482e-14, 5.5555866259141494e-14, 0.012636801125444483, 6.114853257508375e-14, -7.733845980500606e-14, 0.0054183724608681105, -3.570865808557253e-14, 1.7881918525343706e-14, 0.002128077562732729, 5.785488629330239e-14, -4.8908011230758187e-14, 0.0009710224686191974, -5.515736271017428e-14, 2.3108472948618645e-14, 0.00039109678313693866, 5.2910047107000345e-14, -2.2413622056624897e-14, 0.0003494772288017892, -4.923120550799022e-14, 2.5370326776213762e-14, 9.699957367976153e-05, 1.2364097035241845e-14, -3.208514275826811e-14, 0.00019564993564101104, 1.7700062194902304e-15, 1.488612530864986e-14]]
P5->W3
T_min:200 K    T_max:3000 K    P_min:0.0001 atm    P_max:100 atm
[[-18.405433085933485, 4.6629367034256575e-15, -7.588324519101963e-15, 2.4448205820779125, -9.27349573888168e-15, 1.5203084181728786e-14, 0.24192142991167961, -4.7888330388956046e-15, -1.0224194507210471e-14, 0.3784945074141181, 5.000152363918401e-14, -2.7680984895328083e-14, 0.3699487598156221, -5.703052063838996e-14, 2.4303887389742017e-14, 0.21739418611850847, 1.1956207519227891e-14, -4.556208708853029e-15, 0.08004268606511575, -2.400421557366275e-14, 2.0187032256956705e-14, 0.027474505682257545, 2.7013359382729845e-14, -4.1716468312309884e-14, 0.005509650132229144, -9.034366336991427e-16, -3.347833858526625e-15, -0.021754746728103236, 2.4185662191985597e-14, -2.4361449917777966e-14, -0.03528005179534307, -1.871509030362842e-14, 9.418617652420944e-15, -0.04347869643888858, 1.0465351613025306e-14, -4.313388176284717e-15, -0.032801844926523056, -1.2960953243397586e-14, 1.2035551174025916e-14, -0.024115010813428185, -4.678722474590097e-15, -1.8171411018573353e-14, -0.004666704826469255, 1.0665062968606506e-14, 2.316717320052278e-15]]
P2->W3
T_min:200 K    T_max:3000 K    P_min:0.0001 atm    P_max:100 atm
[[-42.49372720943602, -4.884981308350689e-14, 2.2998976355480936e-14, 12.99616433575543, 1.0417930451164028e-13, -5.5399007192951457e-14, -0.553692145380062, -1.3831376667907788e-13, 6.664374917624823e-14, 0.10897014809503933, 2.0657678156848544e-13, -1.1830517831514193e-13, 0.4514697577873783, -2.023452021734884e-13, 9.898432494315444e-14, 0.35746054465866894, 1.036595750864867e-13, -6.002076164768431e-14, 0.1324161495962863, -1.0362152215851133e-13, 7.54081137438711e-14, -0.04099981715095058, 8.57461287456e-14, -1.042054247299194e-13, -0.08787492050231537, -2.1268673494703534e-14, 5.325102723198225e-15, -0.03188365198083421, 5.044373551739926e-14, -4.810928431754043e-14, -0.011753327061072396, -3.3861296899269815e-14, 1.3910906482354647e-14, 0.03599804463447942, 1.402542630476398e-14, 3.8979652045375543e-16, -0.0017803492460487598, -1.4805841098904143e-14, 1.0554727250697889e-14, 0.01752519470910626, -2.0741442427558134e-14, -2.8731617431469586e-14, -0.02063139343910284, 2.98154052950724e-14, 4.281887047982979e-16]]
P1->P2
T_min:200 K    T_max:3000 K    P_min:0.0001 atm    P_max:100 atm
[[-11.717900520438825, 6.078471059822732e-15, -6.4696400036555064e-15, -0.033747156343060976, -9.694812883301879e-15, 1.3691065016555695e-14, 0.410632944343357, -1.8511828110374256e-15, -7.94542487372856e-15, 0.26189160449497983, 3.6495010725621825e-14, -2.1552269034735258e-14, 0.11643059517142086, -4.165010663545086e-14, 1.98218487967946e-14, 0.04040832920119317, 8.8286317137479e-15, -2.5330090892066275e-15, 0.010397125616100093, -1.5712950527069133e-14, 1.281519252926941e-14, 0.0020070623170688547, 1.8955760937561898e-14, -2.7920503450106782e-14, 0.0011528585605501938, 1.9566262392600866e-15, -4.723917934558338e-15, 0.0014972990708683198, 1.5407229553362838e-14, -1.5668890089413893e-14, 0.0017432383267877451, -9.551027811524438e-15, 3.92509768642631e-15, 0.0005080205571437841, 3.0598697531760398e-15, 2.062818505339082e-17, 0.00019317065390205335, -6.420159490534857e-15, 6.8718126205150625e-15, -0.0003859788814285636, -3.844981506558771e-15, -1.169750200977452e-14, 0.00019510340787150707, 9.440690818080502e-15, -8.303625444006581e-16]]
P1->P3
T_min:200 K    T_max:3000 K    P_min:0.0001 atm    P_max:100 atm
[[-15.3902751009567, -8.31279489688086e-15, 2.072813727240523e-17, 1.0710174698401818, 9.354762550249761e-15, 4.3419941036741996e-15, 0.7946761631222802, -2.471895025552992e-14, 2.8915013685449645e-15, 0.26010078296535444, 6.66614427343252e-14, -3.8561375334455725e-14, 0.0733530887258726, -6.948170141872049e-14, 3.245629159364126e-14, 0.038175488556985576, 3.113707355394655e-14, -1.586626490967712e-14, 0.023601508710940505, -3.6631977901307784e-14, 2.6511462858764423e-14, 0.010566451266762719, 3.582466747245261e-14, -4.2500066689337774e-14, 0.003266215817136356, -1.0554217242646827e-14, 2.591951639687691e-15, 0.001736840132568625, 2.854482005546603e-14, -2.5224095788242943e-14, 0.001385560322484949, -2.1968549913253847e-14, 1.0301706191625441e-14, 0.0009778503121304978, 1.440171548386586e-14, -5.882419980632945e-15, 0.0003576336587628143, -1.6270410408896778e-14, 1.1955964448133941e-14, 0.0002568437561455835, 8.284893993029715e-16, -1.7731470302525482e-14, 0.00013908356114620415, 8.046016350190207e-15, 1.4681359900243276e-15]]
P2->P3
T_min:200 K    T_max:3000 K    P_min:0.0001 atm    P_max:100 atm
[[-45.75634541384809, -4.618527782440651e-14, 1.1460357062171966e-14, 16.397078032678944, 1.342163279751139e-13, -6.638138555756142e-14, 0.7777358322879558, -1.6508449293926128e-13, 7.981775416775985e-14, 0.8332375264577647, 2.299539861895846e-13, -1.337715611111308e-13, 0.3281056427521695, -2.0821791779602259e-13, 9.438652058397216e-14, -0.05264978725104964, 1.0748196051902866e-13, -6.062446408788643e-14, -0.23936641566388514, -1.2485827020824982e-13, 8.31424899973403e-14, -0.16991798688443513, 1.1062807581579706e-13, -1.218530383617851e-13, -0.010960162719781934, -5.650334549954709e-14, 2.8408986712525683e-14, 0.04120005373354886, 8.998917414702176e-14, -7.581562675169747e-14, 0.07525690239836626, -7.436996813749032e-14, 3.8030294546052056e-14, -0.03642276143229181, 6.443693385980782e-14, -3.312607733171069e-14, -0.009825379734454513, -5.800614400826596e-14, 3.631251858477984e-14, -0.058560530082954095, 8.653611346402563e-15, -4.672810340802481e-14, 0.02181201341785778, 1.3265308750060473e-14, 1.30301372201478e-14]]
P1->W3
T_min:200 K    T_max:3000 K    P_min:0.0001 atm    P_max:100 atm
[[-13.633001048866634, -4.3298697960381105e-15, -3.839498822614062e-15, -1.3987749769124833, 1.4846265969176915e-14, 3.618825264672118e-16, 0.019336403245366, -2.4250435370583425e-14, 2.2220540629440474e-15, 0.25067480817588933, 6.816900549311687e-14, -4.016457097966787e-14, 0.21581676086242366, -7.112059508201883e-14, 3.5862955805179934e-14, 0.07541300165103094, 2.846798952843904e-14, -1.2003023206530965e-14, -0.022376281645818532, -3.417576750699123e-14, 2.3849132458760822e-14, -0.06906548744246632, 3.633919802891507e-14, -4.1582929262550215e-14, -0.06386865696597006, -8.161988275867997e-15, 5.926964746701834e-16, -0.018658378211299464, 2.4451959771196094e-14, -2.1704187132217943e-14, -0.005831167966037795, -1.4732038824262042e-14, 7.56964238150997e-15, 0.02148481313053225, 4.4038657217537485e-15, -1.1489383003886069e-15, -0.0016735634746254911, -5.769120027536567e-15, 7.243440578761686e-15, 0.010769582578515229, -6.915805715531281e-15, -1.3245174539714582e-14, -0.011644911797998574, 1.302926125429941e-14, -1.8558136554346582e-15]]
P2->P4
T_min:200 K    T_max:3000 K    P_min:0.0001 atm    P_max:100 atm
[[-47.48254583836023, -2.220446049250313e-14, 2.3568804809132947e-15, 17.179933546957738, 3.430035569302323e-14, 2.1131738692090428e-15, 0.1843225206094414, -7.047596757575753e-14, 9.413573541741808e-15, 0.6634221032865327, 1.6235943199177714e-13, -8.988040147165804e-14, 0.40127792114244976, -1.747802912244298e-13, 7.987867534653091e-14, 0.04205164440719931, 7.102806128898228e-14, -4.421500544270512e-14, -0.19271418388432646, -8.599285548341105e-14, 6.988027480856326e-14, -0.15293887000953954, 6.672144993855199e-14, -1.0055011802324398e-13, -0.017853832500704447, -1.0968416553491185e-14, 6.743544663479333e-16, 0.02289045881722407, 4.709725330747048e-14, -5.084011540905916e-14, 0.0490098061184485, -4.0533674102376235e-14, 1.3644814414761077e-14, -0.03981035903888592, 3.385203585349926e-14, -9.337270663502801e-15, -0.0070690321196569235, -4.102975254484971e-14, 2.4104652965940222e-14, -0.04293191655792841, -5.366570687224557e-15, -3.805653618452794e-14, 0.02629802768251191, 2.1593339171502764e-14, 6.782998602589366e-15]]
P1->P4
T_min:200 K    T_max:3000 K    P_min:0.0001 atm    P_max:100 atm
[[-16.08457521048211, -1.6812939929167214e-14, 3.100682305694799e-15, 0.5447626881898388, 3.80073641276829e-14, -1.2308666891246072e-14, 0.49211641786030447, -5.1145399660854406e-14, 1.762960279166218e-14, 0.1719540260528664, 9.370677996998147e-14, -5.40428617170686e-14, 0.09347757014974314, -9.581531253454024e-14, 4.8567184237225214e-14, 0.10149411409076031, 4.741669227995896e-14, -2.4260931204578787e-14, 0.07866342853574372, -5.364223912453557e-14, 3.54605238752553e-14, 0.03820076029884478, 5.106187890004933e-14, -5.240924666770359e-14, 0.00892319500866245, -1.8726782613321243e-14, 6.864293357678787e-15, -0.005482813775063462, 3.5864417681126485e-14, -2.910918114593354e-14, -0.005862447768850297, -2.518686640608233e-14, 1.2739822849018655e-14, -0.007353788071372464, 1.3659275146911218e-14, -6.943321920145799e-15, -0.0018948876259510204, -1.4114367312659321e-14, 1.1576753360572262e-14, -0.002407608102703762, -2.0215107086943436e-15, -1.7394365304989553e-14, 0.001673671218238923, 1.0210854343080144e-14, 1.4432526061720586e-15]]
P1->P5
T_min:200 K    T_max:3000 K    P_min:0.0001 atm    P_max:100 atm
[[-15.134961901490575, -1.709743457922741e-14, 7.404121153872068e-15, 3.6297308024206854, 1.8296457259329792e-14, -1.8537214373774006e-15, -0.2029833496349217, -3.350981845632262e-14, 1.2030795965227955e-14, -0.08353105383639188, 6.141201862376061e-14, -3.5185297495937256e-14, -0.016281004280326927, -6.664199293834033e-14, 3.2804215655219425e-14, 0.00641450037973568, 2.8312470321522064e-14, -1.43479370924206e-14, 0.010149835477263563, -3.493278158701595e-14, 2.5437691299707303e-14, 0.007804177447262482, 3.3014658918894853e-14, -4.041027192100741e-14, 0.004698513784984923, -9.763313775446402e-15, 2.2890349253779826e-15, 0.0025517533779198932, 2.222383588837733e-14, -2.055980220880853e-14, 0.0009508077667387734, -1.639291181004883e-14, 6.9694809410971616e-15, 0.0005077974864362574, 7.975533127125447e-15, -1.149613311030191e-15, -0.00011094694044443293, -8.661669282492905e-15, 6.345457374094993e-15, 3.706911699820457e-05, -4.551442175210607e-15, -1.2092481450048562e-14, -0.00014618985998161684, 1.0234012829767368e-14, -5.710275922228636e-16]]
P2->P5
T_min:200 K    T_max:3000 K    P_min:0.0001 atm    P_max:100 atm
[[-49.200588381048235, -4.1744385725905886e-14, 3.34687122815691e-14, 23.304220046129796, 6.494641445652198e-14, -4.857988709223243e-14, -0.11742409710364632, -8.317177620897352e-14, 4.2558761644828964e-14, -0.046380759135528554, 1.2034739059073056e-13, -6.967613366050403e-14, -0.019177034390653838, -1.4333081584199602e-13, 6.493194293213044e-14, -0.017991564141328888, 2.2560940715415918e-14, -1.7588501587014774e-14, -0.023412623391731086, -5.86398395546262e-14, 5.2447186134667046e-14, -0.024593087423601535, 6.743556615715205e-14, -1.0047693451675366e-13, -0.02133030571168733, -2.7644777584973207e-14, 1.491616009188462e-14, -0.0169939713937503, 6.511805023358502e-14, -5.908947660056249e-14, -0.010319640100087232, -5.830957461552005e-14, 2.4967027033298723e-14, -0.006937849422014246, 4.016958986836432e-14, -9.04115252075621e-15, -0.0020898061001122796, -3.8441106049474416e-14, 1.948146671069504e-14, -0.0015478342258097829, -9.69252383538395e-15, -3.4612574883465485e-14, 0.0008023797136513922, 1.92712768586958e-14, 8.544599424904297e-15]]
P4->W3
T_min:200 K    T_max:3000 K    P_min:0.0001 atm    P_max:100 atm
[[-32.12622427353751, -3.108624468950438e-14, 1.4684985392024584e-14, 11.562955011669917, 4.7836482384691236e-14, -2.328197440728813e-14, 0.8665556957446285, -6.865498026639155e-14, 2.983099069570745e-14, 0.3571678775848373, 1.19906103060352e-13, -6.814909879208513e-14, 0.4038691864954303, -1.203830555482524e-13, 5.5483185239539376e-14, 0.24117036660969746, 5.755232191886974e-14, -3.373118255077544e-14, 0.04217375515085564, -6.426107284063556e-14, 4.9382200293023294e-14, -0.04263591373333226, 5.1415984649226694e-14, -7.111323348127003e-14, -0.052243792498750725, -1.315912334587097e-14, 3.928678930241702e-15, -0.04310083026331971, 4.241916122776013e-14, -4.135214828011572e-14, -0.023937834456029396, -3.987766452803409e-14, 1.736809981227936e-14, -0.016996505075900198, 3.2952718768763567e-14, -1.4196516552215968e-14, -0.0036275337919595037, -3.4872062665881474e-14, 2.0598778990675087e-14, -0.003594093740091802, 4.961223440926799e-15, -2.957870608063225e-14, 0.0035899285311060633, 7.758357977979997e-15, 8.720132775653412e-15]]
==============================
colrel_Factor
P3->P4
T_min:200 K    T_max:3000 K    P_min:0.0001 atm    P_max:100 atm
[[-27.101393623779405, -3.1530333899354446e-14, 1.811058561688306e-14, 8.913650737385623, 6.436817488395096e-14, -4.024461993401609e-14, 1.1802493246078933, -8.8807123302043e-14, 5.0426372270622756e-14, 0.3264659353986095, 1.1956587794638822e-13, -6.943898081148839e-14, 0.09017647020351426, -1.1842558111660209e-13, 5.481391698123022e-14, 0.1287992532991726, 4.799795005100641e-14, -2.4892169821719536e-14, 0.0924980192316978, -6.143595439352962e-14, 4.4717131397511374e-14, 0.008865343367985308, 5.719660656082961e-14, -6.705135376429855e-14, -0.02252898962048678, -2.336309206275831e-14, 1.0287187565180274e-14, -0.007107131576536641, 4.753458548378259e-14, -4.1411501473272264e-14, 0.003425067715257472, -4.160510895837677e-14, 2.0536282327396288e-14, 0.000978601710119847, 3.0583759183277707e-14, -1.2853488416571181e-14, -9.138279673218168e-05, -2.884712646041852e-14, 1.8468752968805473e-14, 0.003069468277231545, 1.4246233264723719e-15, -2.6042141125492e-14, 0.00305500403693735, 1.0139462440688267e-14, 4.744552311799382e-15]]
P3->P5
T_min:200 K    T_max:3000 K    P_min:0.0001 atm    P_max:100 atm
[[-26.03581923446511, -3.774758283725532e-14, 1.961605247531164e-14, 12.07269103464295, 8.935605493536358e-14, -5.237085639017322e-14, 0.031189884850297445, -1.0175176063262129e-13, 5.095802928719086e-14, 0.04483259332863662, 1.3699321391493693e-13, -7.517055995352178e-14, 0.04852036075862825, -1.351070974717498e-13, 6.151970533267748e-14, 0.035230015442433996, 7.373333732931099e-14, -3.7683802147813526e-14, 0.020735816254350448, -9.033186712651431e-14, 6.268294127032524e-14, 0.010596375156076308, 7.367621307706584e-14, -7.660366147242878e-14, 0.004819743525620297, -4.0092397941197526e-14, 2.0849743752372794e-14, 0.0019213489027582102, 5.721365195277634e-14, -4.496028953782956e-14, 0.000722725617522884, -4.759946564326817e-14, 2.2028243789396134e-14, 0.00022763138138506231, 4.114019874536861e-14, -1.9480310819573776e-14, 0.00012924452903004225, -4.0829213222376845e-14, 2.3965042149319244e-14, 2.0999986212087672e-05, 1.1156862160335703e-14, -2.940250870317633e-14, 9.854710725779428e-05, 3.3045902743559853e-15, 9.550735518126318e-15]]
P3->W3
T_min:200 K    T_max:3000 K    P_min:0.0001 atm    P_max:100 atm
[[-24.37427803479434, -2.1538326677728037e-14, 1.0891292191663966e-14, 4.941431127285477, 3.254757949151397e-14, -1.1558120419892126e-14, 0.35530166397001667, -4.963989917005831e-14, 1.505611061844794e-14, 0.5539654203646484, 1.0854946836981565e-13, -6.170252194995045e-14, 0.5382215034631166, -1.162545353159674e-13, 5.713695096384213e-14, 0.2432042508210437, 5.194088389509855e-14, -2.7857218194078923e-14, -0.013608770992715838, -6.26519332455312e-14, 4.513692666923919e-14, -0.10852569656872002, 5.950474659484733e-14, -6.756649321933281e-14, -0.0881012217799597, -2.0684155406628814e-14, 7.002999018073379e-15, -0.034024378140705094, 4.740088714136528e-14, -4.0086103813697734e-14, -0.004214501786715544, -4.014423355719897e-14, 2.0158465757523805e-14, 0.007991038537719312, 2.974544093015424e-14, -1.3499947103107116e-14, 0.0008531118294184064, -3.218087608839671e-14, 2.2625053191783652e-14, 0.0012367569140963536, 7.250134916839566e-15, -2.99346030973777e-14, -0.003331194502046807, 7.831388679277562e-15, 6.4963750047045394e-15]]
P4->P5
T_min:200 K    T_max:3000 K    P_min:0.0001 atm    P_max:100 atm
[[-34.00511737240519, -9.769962616701378e-15, 9.512329575583599e-15, 19.577514601018226, 2.4618613000265193e-14, -1.7403317852171602e-14, 0.16414436381720954, -7.719047288854753e-14, 5.4303076264657534e-14, 0.1203917936000612, 9.613282233065308e-14, -5.893987689133629e-14, 0.08669057929991904, -1.0136357568180025e-13, 4.540131853486818e-14, 0.05217003762620614, 4.2027336019946997e-14, -3.0364947310192107e-14, 0.02713604165952928, -4.430413076437193e-14, 3.926405660312332e-14, 0.01263684821502099, 3.861743360268608e-14, -6.060037806509934e-14, 0.0054183478694803415, -1.590992278603124e-14, 7.3091215001575e-15, 0.0021281162299154085, 3.958558543570994e-14, -3.678245559829509e-14, 0.000971051509643248, -4.471515449068833e-14, 1.7653399462725372e-14, 0.0003911329928632355, 3.791624629501478e-14, -1.0497124902590423e-14, 0.00034958668088561073, -3.337358543098586e-14, 1.474758361131154e-14, 9.703933573792076e-05, 2.003781360284359e-15, -2.422531507075454e-14, 0.00019584500333479497, 5.974937895030162e-15, 1.0671287890498523e-14]]
P5->W3
T_min:200 K    T_max:3000 K    P_min:0.0001 atm    P_max:100 atm
[[-17.89272371194547, -9.992007221626409e-15, 1.664197572517574e-15, 2.0634642638143856, 2.071855445968913e-14, -1.6609388660969572e-15, 0.18534214534808502, -3.3032527405353486e-14, 6.3635470843596204e-15, 0.36910579647878483, 7.613324738020747e-14, -4.294543389359301e-14, 0.3513718214034145, -8.01043758709371e-14, 3.681792398704765e-14, 0.20299867757052012, 3.443800594917229e-14, -1.5726037597188197e-14, 0.0887070196182752, -4.451530528851289e-14, 3.274070216107547e-14, 0.034944458433893634, 4.4526850553037374e-14, -5.082074164468224e-14, 0.005034123057639815, -1.4884854737096344e-14, 4.715050870976048e-15, -0.019971030983322407, 3.632544092787732e-14, -3.1926276359519575e-14, -0.033390824886332764, -2.6906825972710413e-14, 1.4430020508727655e-14, -0.04230177500151688, 1.664826053458149e-14, -7.95064044072713e-15, -0.03354293001320813, -1.7982221914720984e-14, 1.5089962886697624e-14, -0.02343562013824087, -5.516696302472794e-16, -1.9589258631489437e-14, -0.004947010015376296, 9.186728859104555e-15, 2.1604923034536063e-15]]
P2->W3
T_min:200 K    T_max:3000 K    P_min:0.0001 atm    P_max:100 atm
[[-42.46022005049314, -5.5067062021407764e-14, 2.6322795872636353e-14, 12.986528897429576, 1.1152056407824857e-13, -5.1944751099333284e-14, -0.5412322290096379, -1.4693499870674117e-13, 6.821785614483444e-14, 0.1153118670540684, 2.359604549131957e-13, -1.376206169954823e-13, 0.4531168451503769, -2.285640706788178e-13, 1.1417583941998455e-13, 0.3557264365177173, 1.1886992039643385e-13, -7.056284015931692e-14, 0.12935402433158505, -1.2666730960555457e-13, 8.907159738819696e-14, -0.04332532401874454, 1.0586951641841236e-13, -1.179633952495696e-13, -0.08859552585667385, -3.937194691361915e-14, 1.497680433113995e-14, -0.03165133380079188, 7.815919268490885e-14, -6.734161816142459e-14, -0.011258526582919346, -6.22367722864857e-14, 2.5739927653621435e-14, 0.036674571786355956, 5.028630500349361e-14, -1.8742770126352896e-14, -0.0014064211776384347, -5.2216496976059375e-14, 3.1884428701681264e-14, 0.017831235312146986, 8.312446850555809e-15, -4.355839449801603e-14, -0.02078523916767773, 1.2093696063161964e-14, 9.769942461010365e-15]]
P1->P2
T_min:200 K    T_max:3000 K    P_min:0.0001 atm    P_max:100 atm
[[-11.716503118570024, -6.744604874597826e-15, -1.2614316696652457e-15, -0.03592785346056442, 1.6462038655417045e-14, -2.066471850977511e-15, 0.41117750446879514, -2.605037256645076e-14, 5.811712326231897e-15, 0.26221766908763006, 5.914131437575538e-14, -3.4091242895833177e-14, 0.11635945090853682, -6.163730961567602e-14, 3.049440630219258e-14, 0.04025260995937448, 2.6867658052141452e-14, -1.3041157332490955e-14, 0.010337680344533815, -3.0985002113803806e-14, 2.1070583038004508e-14, 0.002046771334629907, 3.123341127915948e-14, -3.466613964625682e-14, 0.0012088026892973613, -8.792721932445649e-15, 2.16374399400805e-15, 0.0015032730479366606, 2.204442976748505e-14, -1.9068691735185055e-14, 0.001720887907856413, -1.5911311676176122e-14, 8.154762698379064e-15, 0.0004864326121341644, 7.378783411249611e-15, -3.4314214665533904e-15, 0.00019682250505655878, -8.217888228827508e-15, 7.658300823862558e-15, -0.00037911647528859313, -2.861894462000625e-15, -1.2132094480228779e-14, 0.00020469595372997744, 8.106517161420035e-15, 4.498430026746088e-16]]
P1->P3
T_min:200 K    T_max:3000 K    P_min:0.0001 atm    P_max:100 atm
[[-15.392342458542236, -5.315192730392937e-15, -1.6403855673864064e-15, 1.0740445611587413, 1.969609403723422e-14, -2.5538092579275793e-15, 0.7936950228850767, -3.114638166555898e-14, 6.088388275147896e-15, 0.25993088572752604, 7.239483627470627e-14, -4.225223422790161e-14, 0.07351379343711721, -7.651403658705751e-14, 3.845942458906834e-14, 0.03823050369212171, 3.365415212674907e-14, -1.7008938068765406e-14, 0.023548191265707737, -3.8666406116553035e-14, 2.6398558526111637e-14, 0.010549386600915001, 3.945518501394551e-14, -4.37257956198477e-14, 0.003277317539159087, -1.1695839121275037e-14, 3.115317073860176e-15, 0.0017435956986581094, 2.7374418084300558e-14, -2.380997879463095e-14, 0.0013792122221312321, -2.0422696401855284e-14, 1.0894346772265488e-14, 0.0009795514847739048, 1.0668359849046263e-14, -4.5317195064265345e-15, 0.00035417205835656387, -1.089137147862133e-14, 8.96359149549913e-15, 0.00025984888660975265, -2.8545270180582134e-15, -1.5378462301559126e-14, 0.00013804908170418113, 9.196891741447968e-15, 1.0835546908604437e-15]]
P2->P3
T_min:200 K    T_max:3000 K    P_min:0.0001 atm    P_max:100 atm
[[-45.774174996686696, -5.417888360170764e-14, 2.5595514690086425e-14, 16.415859718803848, 1.046051937870834e-13, -3.9818634551936107e-14, 0.7792890410522383, -1.3561643028662046e-13, 5.852727858658708e-14, 0.8336683937551304, 2.1061507646493023e-13, -1.144389322842436e-13, 0.32584351287683627, -2.0441845853355196e-13, 9.331557001301525e-14, -0.054679426796709896, 1.1222039047383894e-13, -6.626425403429787e-14, -0.23965587430565535, -1.159054704255222e-13, 8.083510996894229e-14, -0.16840517378880698, 1.1057541099401225e-13, -1.2006210103460718e-13, -0.00945980786424361, -5.995599035040112e-14, 2.7283303452898665e-14, 0.041024776979290904, 9.646464419175786e-14, -7.849296047191315e-14, 0.07458934358140273, -8.268741503138158e-14, 4.1751094411784424e-14, -0.03751865275576185, 5.891270847363391e-14, -3.250745754985679e-14, -0.00957651566499651, -5.4579866095538324e-14, 3.6122723506193316e-14, -0.05837353020993655, 6.485044075402345e-16, -3.876242416650905e-14, 0.022629634115727423, 1.799517700152448e-14, 1.0765988957691394e-14]]
P1->W3
T_min:200 K    T_max:3000 K    P_min:0.0001 atm    P_max:100 atm
[[-13.590899151355144, 7.993605777301127e-15, -1.2164263584966283e-14, -1.3975396099186685, -7.370911615253187e-15, 1.557703494357871e-14, 0.009719656004353658, -4.548429336501893e-15, -1.0322738906991644e-14, 0.2446706610545836, 5.071668978149194e-14, -2.961074926503483e-14, 0.21246663901322568, -5.801966759872586e-14, 2.7883895140992626e-14, 0.0761651938014546, 1.7024443386165224e-14, -6.2647257808763695e-15, -0.0209698397406776, -2.442171764731345e-14, 1.8262660392032473e-14, -0.06813647975045953, 2.87164212522933e-14, -3.591457066991207e-14, -0.06390406220231602, -1.6434447578270995e-15, -3.412696501903037e-15, -0.02032301820128322, 2.160785081012881e-14, -2.021439833068199e-14, -0.0063590081903469415, -1.327206097654452e-14, 6.859989024239224e-15, 0.020364915412565687, 2.692108716582456e-15, 3.838166764038265e-16, -0.0007554649508268842, -5.8347169024921986e-15, 7.241896479075618e-15, 0.010680072580033879, -6.272234712748321e-15, -1.2788613803318755e-14, -0.010505120211540256, 1.2487308518786217e-14, -2.145318320480963e-15]]
P2->P4
T_min:200 K    T_max:3000 K    P_min:0.0001 atm    P_max:100 atm
[[-47.51834287246578, -2.4868995751603507e-14, 3.03451488494023e-14, 17.210219918924754, -9.614989971063472e-15, 1.3111765059771943e-14, 0.1980831959785085, -5.405665730510983e-14, 2.2296948839176455e-14, 0.6645694204129334, 1.1968473038083947e-13, -5.856894044799596e-14, 0.39302478224757537, -1.5194431494113719e-13, 6.367367144291544e-14, 0.036444850024716535, 6.14608316086108e-14, -3.992990966850355e-14, -0.19263688309839935, -7.725978288257317e-14, 6.180281141263137e-14, -0.14864098616757085, 6.772834234317844e-14, -1.0084445355863078e-13, -0.01406072566869513, -2.265693623483288e-14, 6.401360337276552e-15, 0.022379441252312348, 7.563998399387592e-14, -6.632645783295368e-14, 0.04695058078592766, -7.884502207837119e-14, 3.599751299452508e-14, -0.04257902769787552, 8.139795818869764e-14, -4.004315105338832e-14, -0.006507710640376775, -8.167572025339281e-14, 5.252394640327197e-14, -0.04191555078580446, 3.029978031368121e-14, -6.415972479903922e-14, 0.028282488274139938, -6.828390727321916e-17, 2.2999451456804455e-14]]
P1->P4
T_min:200 K    T_max:3000 K    P_min:0.0001 atm    P_max:100 atm
[[-16.089553934666892, 5.835609773185979e-15, -9.762305580385298e-15, 0.5520406199248146, -6.7820170773066784e-15, 1.3688440341096188e-14, 0.489750061004259, -8.029570452079892e-15, -7.812483643991077e-15, 0.17155339790711036, 5.211393769517768e-14, -3.0524418368783757e-14, 0.09389688423932317, -5.892848810183998e-14, 2.686139227976194e-14, 0.1015984444925606, 1.6453721272282748e-14, -5.580244084538065e-15, 0.07856278797051648, -2.341860917383669e-14, 1.8501808543398703e-14, 0.03817380800254484, 2.7876620144368235e-14, -3.8727864192409803e-14, 0.00895960411928124, -1.2768233956191096e-15, -3.3768051974482316e-15, -0.00546681596703985, 2.2707306893085114e-14, -2.180463785050475e-14, -0.00586836566057007, -1.584047189935401e-14, 7.446180713767922e-15, -0.0073543341016301, 8.813172665900313e-15, -4.156133991980229e-15, -0.0018931445712441727, -1.1111965813436244e-14, 9.974152792435404e-15, -0.00241090358834706, -3.421262044450913e-15, -1.6501503090932132e-14, 0.001670578951080537, 1.046794357547546e-14, 6.658790339088035e-16]]
P1->P5
T_min:200 K    T_max:3000 K    P_min:0.0001 atm    P_max:100 atm
[[-15.134979417714106, -8.659739592076221e-15, 9.067575088001294e-16, 3.629675241689395, 2.1247874699267787e-14, -5.504425913443667e-15, -0.2030419903985438, -2.7992790544501122e-14, 5.147853989336242e-15, -0.0835741236891424, 6.367745104346864e-14, -3.614784630691384e-14, -0.016321802980114274, -6.114050522182768e-14, 2.7113613892768168e-14, 0.0063844425396986735, 2.38909356927811e-14, -1.151695174534625e-14, 0.010124448726893179, -3.258503930512431e-14, 2.4022243817646892e-14, 0.007785646332581799, 3.186735294208407e-14, -3.976237947559964e-14, 0.004686802712172612, -1.1388296582862292e-14, 4.7348089338707964e-15, 0.0025425807467920965, 2.5347133823382026e-14, -2.2777557394176133e-14, 0.0009497753592930772, -2.0355646975811946e-14, 9.770823375864552e-15, 0.0005045401672687984, 1.1691402543373663e-14, -4.668847787659407e-15, -0.0001066398264812758, -1.1113531719922882e-14, 8.264894246075728e-15, 3.6569689441224605e-05, -3.977911049136427e-15, -1.2634870622205579e-14, -0.0001416544120667829, 9.08793044500836e-15, 7.690484380569056e-16]]
P2->P5
T_min:200 K    T_max:3000 K    P_min:0.0001 atm    P_max:100 atm
[[-49.19964294297671, -1.7763568394002505e-14, 1.027623129774444e-14, 23.303488722188035, 3.147464242905083e-14, 3.091739021815504e-15, -0.11771230684175168, -5.0736773653637544e-14, -2.118637666384209e-15, -0.04648270859043942, 1.7308149980098533e-13, -9.973218732116467e-14, -0.019165714173103206, -1.6750498278901736e-13, 7.468220072321613e-14, -0.017985356731994015, 6.56712922164702e-14, -4.6023641567275724e-14, -0.0234375727563371, -9.638689715706956e-14, 7.863701683912108e-14, -0.024620227942655528, 8.759725073037325e-14, -1.1341165043476196e-13, -0.021339421983539494, -4.082792429068545e-14, 2.0462901196542104e-14, -0.016995182764727442, 7.943497512728403e-14, -6.587321231374846e-14, -0.010332458433340148, -7.332806526685952e-14, 2.5775907143321755e-14, -0.00695119717996974, 5.82161545562969e-14, -1.571696195607232e-14, -0.002102572555719612, -5.687315868564561e-14, 3.254301173559513e-14, -0.0015490140470660076, 6.1396253993136e-15, -4.477629327439291e-14, 0.000800124064643982, 1.3172156386355728e-14, 1.2216597636044869e-14]]
P4->W3
T_min:200 K    T_max:3000 K    P_min:0.0001 atm    P_max:100 atm
[[-32.10873567471472, -7.238654120556021e-14, 4.0355564651356714e-14, 11.59032625341736, 1.460343291519787e-13, -8.313985782006572e-14, 0.8756330985450006, -1.679738852045249e-13, 9.01216803602436e-14, 0.3548389925497763, 1.9988046366173826e-13, -1.115271925843287e-13, 0.3975828615231571, -1.8777676549070718e-13, 9.090426534542524e-14, 0.236556755225527, 1.196085648339235e-13, -7.245894341446325e-14, 0.03892422877892125, -1.1406160823043678e-13, 7.816799797793927e-14, -0.044727904414059154, 1.0048532533070552e-13, -9.601907316661522e-14, -0.05334889196390886, -5.696020657792901e-14, 3.031616070033504e-14, -0.043785609956426, 7.432825237822884e-14, -5.647098841258995e-14, -0.023286067461013048, -6.458312012413739e-14, 3.236913521560828e-14, -0.01643174785381295, 4.8616062258784035e-14, -2.149378522812166e-14, -0.0022607986483475554, -3.984639238815629e-14, 2.2187953958176886e-14, -0.0031383640940855135, 5.634164862067612e-15, -3.1425831572019013e-14, 0.004323178231245359, 7.479779336284032e-15, 9.621110538329651e-15]]
==============================
W1a_Energy_1
P3->P4
T_min:200 K    T_max:3000 K    P_min:0.0001 atm    P_max:100 atm
[[-27.076704139959624, -1.7319479184152442e-14, 9.369024775005031e-16, 8.879874645005975, 3.6906294854267845e-14, -3.631361017495442e-15, 1.1855387933026917, -4.9805586728543784e-14, 9.885924249182049e-15, 0.3339754565327079, 1.1088118668296322e-13, -5.769286083172306e-14, 0.08776058176168747, -1.0936706692198064e-13, 4.747235855990561e-14, 0.12572975046757637, 4.907515724658116e-14, -2.5801330464670774e-14, 0.09365843447745537, -5.759435408899526e-14, 4.0277753425792306e-14, 0.010422299948550423, 5.1484499119496325e-14, -6.465119461013631e-14, -0.02311730688988281, -1.6561099389301827e-14, 4.971086865508178e-15, -0.008037179667774607, 3.71205571163339e-14, -3.473485462365253e-14, 0.003961528999471815, -3.205607963604747e-14, 1.3151059054005753e-14, 0.0011970916822420994, 2.1046669541788038e-14, -7.499945126438427e-15, -9.908751711735581e-05, -2.2704529575563064e-14, 1.3773474066343283e-14, 0.0026794512238508816, -2.9728650016047745e-15, -2.2205836535972237e-14, 0.0033151563681191104, 1.0432499206461131e-14, 5.0482416496333515e-15]]
P3->P5
T_min:200 K    T_max:3000 K    P_min:0.0001 atm    P_max:100 atm
[[-26.03580297484602, -4.218847493575595e-14, 2.974438668940756e-14, 12.072671937687977, 8.266151306626022e-14, -5.769994543782944e-14, 0.03119580240341072, -8.923126053154652e-14, 4.719817129778247e-14, 0.04483426965867359, 1.1843724139659926e-13, -6.833138050385046e-14, 0.0485215392178529, -1.1284188344762891e-13, 5.2068007144855535e-14, 0.035230227253450604, 5.1103784181844914e-14, -3.072461091479196e-14, 0.020736934218686876, -6.64989096865055e-14, 4.609061871556922e-14, 0.010596868484055742, 5.726231121634521e-14, -6.547807222761429e-14, 0.004820069370201875, -3.118116703443273e-14, 1.6414855972630047e-14, 0.0019218519884704967, 5.0688422304797025e-14, -4.149478422762761e-14, 0.0007224839495545127, -4.5241909880874615e-14, 2.0066786100515856e-14, 0.00022811964978382258, 3.929752044222709e-14, -1.9033627743679025e-14, 0.00012891102189064078, -3.598207545539649e-14, 2.0308319380177756e-14, 2.1436088741065775e-05, 8.808550721046896e-15, -2.673144879158484e-14, 9.849859946333065e-05, 3.792787429732491e-15, 8.802332836320534e-15]]
P3->W3
T_min:200 K    T_max:3000 K    P_min:0.0001 atm    P_max:100 atm
[[-24.393529603123348, -1.0436096431476471e-14, -4.74305537499137e-15, 4.9075285672604965, 4.052688173193569e-14, -1.0243332151617113e-14, 0.3469592500589087, -5.909463015004035e-14, 1.74815479081565e-14, 0.5595122107815576, 1.1876897749237404e-13, -6.670032717851571e-14, 0.5510835939563633, -1.2353910771675656e-13, 6.11911212886556e-14, 0.250945751651793, 6.305783012213157e-14, -3.6444725355067456e-14, -0.010258237023969554, -6.878370241297574e-14, 4.6379819374201403e-14, -0.11009174820213191, 6.243021337082722e-14, -6.909063196191648e-14, -0.09208279637202807, -2.3822120229424313e-14, 9.167507896004315e-15, -0.03486438576698166, 4.6669368761745186e-14, -3.859725806116066e-14, -0.0054676824098566276, -3.6128505282814925e-14, 1.6677958952021426e-14, 0.010831405979965972, 2.4563276884948785e-14, -1.0855688925988329e-14, 0.00022722099279699022, -2.4228174258926116e-14, 1.6355896216698797e-14, 0.0030266845843290526, 6.51099679083688e-16, -2.516491602102399e-14, -0.005279973344395667, 1.0655248432074951e-14, 4.9734997564354406e-15]]
P4->P5
T_min:200 K    T_max:3000 K    P_min:0.0001 atm    P_max:100 atm
[[-34.00509991329784, -3.2862601528904634e-14, 2.1264017911263913e-14, 19.577491488751516, 6.327902307178132e-14, -4.106046459184719e-14, 0.16414938047836883, -7.225181661474837e-14, 3.486544391907102e-14, 0.12039309397699895, 1.2590575596351537e-13, -7.309993514250986e-14, 0.08669059844379824, -1.1056544419449468e-13, 4.194619852886631e-14, 0.05217015462845144, 5.4068747495651065e-14, -2.810730001506325e-14, 0.02713583154177831, -7.148297599403482e-14, 5.5555866259141494e-14, 0.012636801125444483, 6.114853257508375e-14, -7.733845980500606e-14, 0.0054183724608681105, -3.570865808557253e-14, 1.7881918525343706e-14, 0.002128077562732729, 5.785488629330239e-14, -4.8908011230758187e-14, 0.0009710224686191974, -5.515736271017428e-14, 2.3108472948618645e-14, 0.00039109678313693866, 5.2910047107000345e-14, -2.2413622056624897e-14, 0.0003494772288017892, -4.923120550799022e-14, 2.5370326776213762e-14, 9.699957367976153e-05, 1.2364097035241845e-14, -3.208514275826811e-14, 0.00019564993564101104, 1.7700062194902304e-15, 1.488612530864986e-14]]
P5->W3
T_min:200 K    T_max:3000 K    P_min:0.0001 atm    P_max:100 atm
[[-18.40543518546856, -1.4099832412739488e-14, 4.20123092389081e-15, 2.444824401738704, 2.3505028343221416e-14, -2.3083537854431144e-15, 0.24191855617101657, -4.078142183361011e-14, 1.0667317265060086e-14, 0.37849623989602577, 7.940097321128879e-14, -4.590865144055505e-14, 0.3699481277652703, -8.399315672769285e-14, 4.019936336158121e-14, 0.21739382848587266, 3.695502433233561e-14, -1.908975257195537e-14, 0.08004386576334825, -4.262495699880148e-14, 3.096411163739768e-14, 0.02747275538376167, 4.3755193402335775e-14, -5.157860728892859e-14, 0.005511711395086349, -1.358016343482996e-14, 3.502359144466243e-15, -0.021756946046917188, 3.210013852801656e-14, -2.926538212354224e-14, -0.03527787310159218, -2.1251648593815315e-14, 1.1392586261206579e-14, -0.04348057600324883, 1.0907404109019023e-14, -4.1798314370741114e-15, -0.03280056120396203, -1.0356327108809476e-14, 1.0073800909664501e-14, -0.024115625454559978, -6.808582323002013e-15, -1.7108832888875967e-14, -0.004666551051366265, 1.2750961838419512e-14, 7.041446983703273e-17]]
P2->W3
T_min:200 K    T_max:3000 K    P_min:0.0001 atm    P_max:100 atm
[[-42.46664785068576, -3.375077994860476e-14, 6.543398614597041e-15, 12.9728802214931, 8.200277642153846e-14, -3.3085942772239706e-14, -0.5535400783282773, -1.1284263759353805e-13, 4.702988346050504e-14, 0.10799796815417, 1.901865246098355e-13, -1.0788451817352342e-13, 0.4476525660681737, -1.901778422874951e-13, 8.948537171404666e-14, 0.3542032320759907, 8.559941549501337e-14, -4.5265667768055926e-14, 0.1317497889306105, -9.318063187713596e-14, 6.764573647560513e-14, -0.0394915893245115, 8.248261542522852e-14, -1.065567868715253e-13, -0.08615198680540215, -2.2358386776035007e-14, 8.757832780905164e-15, -0.03137269350823557, 5.742275166416358e-14, -5.6047583212426425e-14, -0.012023419897016302, -3.821194830137701e-14, 1.754782141653336e-14, 0.03557801787626665, 1.9910619641552837e-14, -3.8893207184757856e-15, -0.0017403612665262732, -1.700264059546352e-14, 8.830804633161255e-15, 0.017935806469861936, -1.8095912777027746e-14, -2.7855633763070077e-14, -0.020386354213982303, 2.607671938787954e-14, 1.4453759270473869e-15]]
P1->P2
T_min:200 K    T_max:3000 K    P_min:0.0001 atm    P_max:100 atm
[[-11.719160520765792, 4.107825191113079e-15, -6.24634782985913e-15, -0.031929533208981266, -3.4879180230576703e-15, 9.06451102690593e-15, 0.4102290295578651, -8.054230848820473e-15, -3.9732590451894895e-15, 0.26154596728990004, 3.973633298968905e-14, -2.3758437357784883e-14, 0.11653475686461708, -4.4883392573552506e-14, 2.1277465140094765e-14, 0.04054301626001362, 1.1750394034297715e-14, -4.036552324779486e-15, 0.010385698984708062, -1.898185700411604e-14, 1.516595982575411e-14, 0.0019111453902656477, 2.1444782142643535e-14, -2.957133585000726e-14, 0.001137425515002472, -1.703870107986824e-16, -3.750078936094671e-15, 0.0015931778737960074, 1.6953017712512138e-14, -1.6463175090614805e-14, 0.0017189817545749564, -1.0871975819889174e-14, 5.48434652973513e-15, 0.00045944116538007405, 4.896966390900605e-15, -9.599604176444182e-16, 0.00011837564579985674, -6.759052859467528e-15, 6.5377122881245785e-15, -0.00029872198810003517, -3.720384993939799e-15, -1.207586719752144e-14, 0.00021998179944729087, 9.080904711756022e-15, -6.585433662149565e-16]]
P1->P3
T_min:200 K    T_max:3000 K    P_min:0.0001 atm    P_max:100 atm
[[-15.3902751009567, -8.31279489688086e-15, 2.072813727240523e-17, 1.0710174698401818, 9.354762550249761e-15, 4.3419941036741996e-15, 0.7946761631222802, -2.471895025552992e-14, 2.8915013685449645e-15, 0.26010078296535444, 6.66614427343252e-14, -3.8561375334455725e-14, 0.0733530887258726, -6.948170141872049e-14, 3.245629159364126e-14, 0.038175488556985576, 3.113707355394655e-14, -1.586626490967712e-14, 0.023601508710940505, -3.6631977901307784e-14, 2.6511462858764423e-14, 0.010566451266762719, 3.582466747245261e-14, -4.2500066689337774e-14, 0.003266215817136356, -1.0554217242646827e-14, 2.591951639687691e-15, 0.001736840132568625, 2.854482005546603e-14, -2.5224095788242943e-14, 0.001385560322484949, -2.1968549913253847e-14, 1.0301706191625441e-14, 0.0009778503121304978, 1.440171548386586e-14, -5.882419980632945e-15, 0.0003576336587628143, -1.6270410408896778e-14, 1.1955964448133941e-14, 0.0002568437561455835, 8.284893993029715e-16, -1.7731470302525482e-14, 0.00013908356114620415, 8.046016350190207e-15, 1.4681359900243276e-15]]
P2->P3
T_min:200 K    T_max:3000 K    P_min:0.0001 atm    P_max:100 atm
[[-45.731598689882716, -1.7763568394002505e-14, 1.626367787343275e-14, 16.37153205758606, -1.9273760745172158e-14, 2.6227452347667113e-14, 0.7751166818538585, -2.598735087988782e-14, -3.1313284284112983e-15, 0.8337394731620124, 8.909490833978702e-14, -3.9599674732059523e-14, 0.3307139091101711, -1.0092610012361197e-13, 2.5963267463659727e-14, -0.051606837981348734, 2.978859799189626e-14, -9.683976103899384e-15, -0.23847422898672618, -6.413765432317026e-14, 5.2888865934903607e-14, -0.17037557297852893, 6.989845253922297e-14, -9.898992790924537e-14, -0.012599144075447757, -2.2429617382710786e-14, 6.031889401278603e-15, 0.04069569372577024, 6.90892236353152e-14, -6.196595872490295e-14, 0.07490465845634427, -6.714787243939665e-14, 3.4485439882578036e-14, -0.034557486793645106, 4.994269955274103e-14, -2.2010753095215757e-14, -0.009714121301531202, -4.590158365517749e-14, 2.940606956058323e-14, -0.058224352626349604, -2.5069476055557863e-15, -4.0860329269746695e-14, 0.020276314880383107, 1.846635753004357e-14, 9.084192868747926e-15]]
P1->W3
T_min:200 K    T_max:3000 K    P_min:0.0001 atm    P_max:100 atm
[[-13.633001615214189, -7.827072323607354e-15, -3.991158456917383e-15, -1.3987739029206832, 2.458847603326321e-14, -3.5766894255462454e-15, 0.019335525328403817, -3.433562550112347e-14, 6.576573476569456e-15, 0.25067543249295077, 7.977775540819622e-14, -4.6264992090512083e-14, 0.21581636416172675, -8.286910558142741e-14, 4.2117653708114234e-14, 0.07541321838440772, 3.867640734185949e-14, -1.862694464721191e-14, -0.022376374473404858, -4.261231342367794e-14, 2.877407291809369e-14, -0.06906545686785985, 4.292148779042765e-14, -4.553313714943321e-14, -0.06386858875466263, -1.1788369168482501e-14, 2.579338281152307e-15, -0.018658551897156792, 2.8001531832243054e-14, -2.3688784440935276e-14, -0.00583088324193934, -1.8210816862826375e-14, 9.09568015797625e-15, 0.021484423124247847, 5.8184683863703835e-15, -2.0714813536647074e-15, -0.0016731591805725207, -6.210914107908937e-15, 7.197979475231929e-15, 0.01076927057273394, -5.390569138294616e-15, -1.4178515007264997e-14, -0.011644729225667626, 1.2514238883899045e-14, -1.6257518121944516e-15]]
P2->P4
T_min:200 K    T_max:3000 K    P_min:0.0001 atm    P_max:100 atm
[[-47.47746316454919, -8.881784197001252e-14, 5.128743961591911e-14, 17.17284711892842, 1.974240371413207e-13, -1.1540496420352087e-13, 0.18744931139839827, -2.0624773731744296e-13, 1.1344250918391868e-13, 0.6629501766881091, 2.4710503254738165e-13, -1.3757078016054316e-13, 0.40064935564656995, -2.4052513552598916e-13, 1.1611970768321026e-13, 0.04054919115086739, 1.2967322771234273e-13, -7.369596393822506e-14, -0.19175684021973696, -1.4499938230766059e-13, 9.994527509817559e-14, -0.1510971631111191, 1.2491049542442233e-13, -1.274948141774536e-13, -0.017843306223611924, -6.652886584149806e-14, 3.193113944209811e-14, 0.02196903227917792, 9.408887377454542e-14, -7.622482725543283e-14, 0.04720200423654745, -6.796488406189457e-14, 3.0892760978107074e-14, -0.03868206269020931, 3.3939535090829546e-14, -1.1259297378593285e-14, -0.006601981766303189, -1.9690403300262646e-14, 1.3743461905802126e-14, -0.04197381534437053, -2.2995120454619077e-14, -2.7872163373498178e-14, 0.025092183171476885, 3.214994468045664e-14, 2.045660591191299e-15]]
P1->P4
T_min:200 K    T_max:3000 K    P_min:0.0001 atm    P_max:100 atm
[[-16.08457521048211, -1.6812939929167214e-14, 3.100682305694799e-15, 0.5447626881898388, 3.80073641276829e-14, -1.2308666891246072e-14, 0.49211641786030447, -5.1145399660854406e-14, 1.762960279166218e-14, 0.1719540260528664, 9.370677996998147e-14, -5.40428617170686e-14, 0.09347757014974314, -9.581531253454024e-14, 4.8567184237225214e-14, 0.10149411409076031, 4.741669227995896e-14, -2.4260931204578787e-14, 0.07866342853574372, -5.364223912453557e-14, 3.54605238752553e-14, 0.03820076029884478, 5.106187890004933e-14, -5.240924666770359e-14, 0.00892319500866245, -1.8726782613321243e-14, 6.864293357678787e-15, -0.005482813775063462, 3.5864417681126485e-14, -2.910918114593354e-14, -0.005862447768850297, -2.518686640608233e-14, 1.2739822849018655e-14, -0.007353788071372464, 1.3659275146911218e-14, -6.943321920145799e-15, -0.0018948876259510204, -1.4114367312659321e-14, 1.1576753360572262e-14, -0.002407608102703762, -2.0215107086943436e-15, -1.7394365304989553e-14, 0.001673671218238923, 1.0210854343080144e-14, 1.4432526061720586e-15]]
P1->P5
T_min:200 K    T_max:3000 K    P_min:0.0001 atm    P_max:100 atm
[[-15.134961901490575, -1.709743457922741e-14, 7.404121153872068e-15, 3.6297308024206854, 1.8296457259329792e-14, -1.8537214373774006e-15, -0.2029833496349217, -3.350981845632262e-14, 1.2030795965227955e-14, -0.08353105383639188, 6.141201862376061e-14, -3.5185297495937256e-14, -0.016281004280326927, -6.664199293834033e-14, 3.2804215655219425e-14, 0.00641450037973568, 2.8312470321522064e-14, -1.43479370924206e-14, 0.010149835477263563, -3.493278158701595e-14, 2.5437691299707303e-14, 0.007804177447262482, 3.3014658918894853e-14, -4.041027192100741e-14, 0.004698513784984923, -9.763313775446402e-15, 2.2890349253779826e-15, 0.0025517533779198932, 2.222383588837733e-14, -2.055980220880853e-14, 0.0009508077667387734, -1.639291181004883e-14, 6.9694809410971616e-15, 0.0005077974864362574, 7.975533127125447e-15, -1.149613311030191e-15, -0.00011094694044443293, -8.661669282492905e-15, 6.345457374094993e-15, 3.706911699820457e-05, -4.551442175210607e-15, -1.2092481450048562e-14, -0.00014618985998161684, 1.0234012829767368e-14, -5.710275922228636e-16]]
P2->P5
T_min:200 K    T_max:3000 K    P_min:0.0001 atm    P_max:100 atm
[[-49.19964798694868, -7.460698725481052e-14, 4.55854825903887e-14, 23.303509005455336, 1.104051347978977e-13, -7.044656984572105e-14, -0.11759703550558111, -1.6279201552874118e-13, 9.4126290281511e-14, -0.04644812600932409, 1.7872049054294776e-13, -1.0244575172687942e-13, -0.019161789578791614, -1.705051314440911e-13, 6.832772707588628e-14, -0.01798926580945158, 8.694952916803113e-14, -5.856764477908713e-14, -0.023401227904413503, -9.850481332369222e-14, 7.983604093772758e-14, -0.024591740335642084, 8.863407630420257e-14, -1.0811486006139061e-13, -0.021343762049340388, -2.982252487198494e-14, 1.5874136330453344e-14, -0.016993919943735118, 5.193013681863409e-14, -4.851793881215294e-14, -0.010348455381757103, -3.078859005870077e-14, 6.5838968424946954e-15, -0.006936954668175887, 1.418652885248686e-14, -6.990546924459123e-16, -0.0021229288296869047, -1.4654554736655548e-14, 4.66089991423262e-15, -0.0015466429874353672, -2.7139237974258673e-14, -2.060688401403474e-14, 0.0007758261541525732, 2.952160833567529e-14, 4.617913163725914e-15]]
P4->W3
T_min:200 K    T_max:3000 K    P_min:0.0001 atm    P_max:100 atm
[[-32.12622427353751, -3.108624468950438e-14, 1.4684985392024584e-14, 11.562955011669917, 4.7836482384691236e-14, -2.328197440728813e-14, 0.8665556957446285, -6.865498026639155e-14, 2.983099069570745e-14, 0.3571678775848373, 1.19906103060352e-13, -6.814909879208513e-14, 0.4038691864954303, -1.203830555482524e-13, 5.5483185239539376e-14, 0.24117036660969746, 5.755232191886974e-14, -3.373118255077544e-14, 0.04217375515085564, -6.426107284063556e-14, 4.9382200293023294e-14, -0.04263591373333226, 5.1415984649226694e-14, -7.111323348127003e-14, -0.052243792498750725, -1.315912334587097e-14, 3.928678930241702e-15, -0.04310083026331971, 4.241916122776013e-14, -4.135214828011572e-14, -0.023937834456029396, -3.987766452803409e-14, 1.736809981227936e-14, -0.016996505075900198, 3.2952718768763567e-14, -1.4196516552215968e-14, -0.0036275337919595037, -3.4872062665881474e-14, 2.0598778990675087e-14, -0.003594093740091802, 4.961223440926799e-15, -2.957870608063225e-14, 0.0035899285311060633, 7.758357977979997e-15, 8.720132775653412e-15]]
==============================
colrel_Power
P3->P4
T_min:200 K    T_max:3000 K    P_min:0.0001 atm    P_max:100 atm
[[-27.070504789841543, -3.8191672047105385e-14, 2.3514832396419704e-14, 8.868618124547664, 6.718455271633493e-14, -2.915134873193974e-14, 1.1929868401023145, -8.360482319305462e-14, 3.895975825605035e-14, 0.3319095184796091, 1.2275383683885409e-13, -6.942260285515595e-14, 0.08645765951394352, -1.1997605935191705e-13, 5.925109479876779e-14, 0.12670351837571248, 5.5036669178726086e-14, -3.304484043526894e-14, 0.09416532435051438, -7.16026801247952e-14, 5.126099326202511e-14, 0.00988928211983657, 6.776530098487859e-14, -7.404507444970306e-14, -0.02336435551751767, -3.110697965964038e-14, 1.2011610103424579e-14, -0.007693372447797383, 5.4348186372410683e-14, -4.4840273468546903e-14, 0.004007048314515503, -4.192841618550494e-14, 1.8183585690649723e-14, 0.001101216981822371, 2.3126884929407852e-14, -7.184029217637292e-15, -0.0002250318279799857, -1.9698128482678047e-14, 1.1868455739632837e-14, 0.0028366157880828527, -7.18705169907319e-15, -2.1210932824512746e-14, 0.0032948885855678066, 1.6402506357842063e-14, 1.1165018384434614e-15]]
P3->P5
T_min:200 K    T_max:3000 K    P_min:0.0001 atm    P_max:100 atm
[[-26.035801584136742, -6.128431095930864e-14, 3.968938817411244e-14, 12.072661270689638, 9.177489275418719e-14, -5.273990980829846e-14, 0.031197845463822028, -1.1081708179975857e-13, 6.109142168487457e-14, 0.04483000423208804, 1.3565359187222202e-13, -8.03941351747375e-14, 0.04851920216320208, -1.2884173923485316e-13, 6.382313056371573e-14, 0.035228017619766294, 8.190250436211325e-14, -4.99664310316327e-14, 0.02073515471335094, -8.635868453168564e-14, 5.912551346296063e-14, 0.010595709690064877, 7.142358557905019e-14, -7.460772392156363e-14, 0.004818793828736291, -4.108753424327054e-14, 2.066699326169654e-14, 0.0019213760515681673, 5.3207927685105365e-14, -4.045125288193056e-14, 0.0007217458573224382, -4.421927643358168e-14, 1.7737166990732545e-14, 0.0002281286021565867, 3.310635729472296e-14, -1.1577534407313339e-14, 0.0001284663000305298, -2.777368365765422e-14, 1.3707000496798782e-14, 2.1448554378097043e-05, -1.5456305081855585e-15, -1.8506300112042342e-14, 9.801474037105647e-05, 8.862442072191423e-15, 5.981697083242742e-15]]
P3->W3
T_min:200 K    T_max:3000 K    P_min:0.0001 atm    P_max:100 atm
[[-24.363865859040736, -2.9976021664879227e-14, 1.2701330564319953e-14, 4.962155198007511, 5.906059230723721e-14, -2.5593363639169804e-14, 0.37129638856211855, -7.762943944591605e-14, 3.459302061050112e-14, 0.5645235760871022, 1.1748913107499977e-13, -6.44286895312561e-14, 0.5384778789809194, -1.2277070949623721e-13, 6.01631644891376e-14, 0.24018664676076312, 5.747835352072794e-14, -2.9576479731775366e-14, -0.01714704276652729, -6.921858472046386e-14, 4.752537473770664e-14, -0.11060973042438899, 6.456876852970533e-14, -6.88406347534297e-14, -0.08840772020115598, -2.7140359497342463e-14, 1.1320312237069331e-14, -0.033637464182070594, 4.831359616255815e-14, -3.8810530843415484e-14, -0.002972714399897195, -3.8505695720592305e-14, 1.8665210247812337e-14, 0.00806037356178033, 2.2632120578026353e-14, -9.731144973888143e-15, 0.0013609085280427043, -2.2808066380438178e-14, 1.601058431713014e-14, 0.0008656681504832415, -1.107921524388204e-15, -2.3769505504190025e-14, -0.002863041352148989, 1.2349998311929105e-14, 3.4436402737499225e-15]]
P4->P5
T_min:200 K    T_max:3000 K    P_min:0.0001 atm    P_max:100 atm
[[-34.00509657856811, -8.79296635503124e-14, 5.279476566384697e-14, 19.577483984511684, 1.6133928255314166e-13, -9.92653183235394e-14, 0.16415478078212162, -1.930801208039541e-13, 1.16986537583602e-13, 0.12039179747484831, 1.7518713111677598e-13, -9.596689049442289e-14, 0.08668978348387071, -1.623262653743732e-13, 7.319533152412641e-14, 0.05217013619240319, 9.74249019631155e-14, -6.48526913866864e-14, 0.0271358292760611, -9.729575728903769e-14, 7.373681925878588e-14, 0.012636881948962375, 8.573580086676061e-14, -9.317349224151736e-14, 0.005418405742801762, -4.5226489363052035e-14, 2.255438958810112e-14, 0.0021279695495550082, 5.84938842087499e-14, -5.000287696813249e-14, 0.0009711039243578592, -4.2182641343600826e-14, 1.6693448758669324e-14, 0.00039107546496864194, 2.0853136618756368e-14, 1.6511933677752301e-15, 0.00034970950295611504, -1.2613902015670183e-14, 2.834161631642176e-15, 9.704540686523035e-05, -1.5139042477856824e-14, -1.3739898931724957e-14, 0.00019583066595861, 1.9410064334402193e-14, 1.4388437518972768e-15]]
P5->W3
T_min:200 K    T_max:3000 K    P_min:0.0001 atm    P_max:100 atm
[[-18.37828597048373, 8.215650382226158e-15, -9.043926826333078e-15, 2.7644128395810714, -1.0524901742564644e-14, 1.457177951444452e-14, 0.11379084459008582, -2.15364476103324e-15, -1.0833198941007948e-14, 0.3159183523661941, 4.415873760707571e-14, -2.3841764372738757e-14, 0.3380069889312501, -5.0244119070878583e-14, 2.0127362720626387e-14, 0.1999007794156572, 7.30455247580278e-15, -2.388138064459587e-15, 0.07581196316465727, -1.8086242319785474e-14, 1.7762778184950544e-14, 0.031502362564090315, 2.1847468952903822e-14, -3.7960014942375125e-14, 0.012107375063506712, 4.046646800735746e-15, -5.599755925629624e-15, -0.019132624440319986, 1.6877418422493297e-14, -1.921634774137596e-14, -0.03302711710779479, -1.0998107739633865e-14, 5.303149117060534e-15, -0.039786193667169935, 1.6946484283487042e-15, 3.2849260165959444e-16, -0.03415563979538613, -4.520085416078789e-15, 6.53078672710702e-15, -0.022016356641186414, -9.916247829537988e-15, -1.4877728474368733e-14, -0.005972981551342359, 1.3855380526446504e-14, 2.5340466182786564e-16]]
P2->W3
T_min:200 K    T_max:3000 K    P_min:0.0001 atm    P_max:100 atm
[[-42.45234424766813, -4.529709940470639e-14, 2.7861276980211517e-14, 13.00030158254438, 8.135559140118836e-14, -4.7925368435237557e-14, -0.5303056336032349, -1.1997180568955863e-13, 6.382877819983463e-14, 0.12597625393295261, 1.7307458085338435e-13, -9.961123639301299e-14, 0.4583476931629463, -1.7340484438527617e-13, 8.283327420476194e-14, 0.3584913605812341, 6.839654036039782e-14, -3.9357605223393927e-14, 0.1304781359135491, -8.64032682340728e-14, 6.410258285452694e-14, -0.04345750239843621, 7.856436504372395e-14, -1.0265896609512583e-13, -0.0895986353750723, -1.8216457029100026e-14, 3.4990468161484976e-15, -0.03276800278933991, 5.4356288442317365e-14, -5.102046885805972e-14, -0.011481482510251745, -3.5469014645315894e-14, 9.768417122269815e-15, 0.03644548758884427, 1.6929019616702378e-14, -9.32343110798165e-16, -0.0010634302649397034, -1.709760496594163e-14, 1.0088724631938274e-14, 0.017880055058254393, -1.797100853299424e-14, -2.7093938719539538e-14, -0.02041192447399397, 2.724134307178777e-14, 2.914617059420763e-15]]
P1->P2
T_min:200 K    T_max:3000 K    P_min:0.0001 atm    P_max:100 atm
[[-11.718360889310507, -1.5487611193520934e-14, 4.8943565579531426e-15, -0.03319012270129743, 2.9634455002213205e-14, -9.332593396387227e-15, 0.4101335857015201, -4.103029424220149e-14, 1.4814449624415667e-14, 0.2620730740086341, 7.160982903430383e-14, -4.207703019615642e-14, 0.1164902886332666, -7.370839447423245e-14, 3.818357131119694e-14, 0.04031511180086998, 3.8334440112810866e-14, -1.9591496932391036e-14, 0.010306692587061198, -4.177103091825855e-14, 2.7982484871360003e-14, 0.0019976785230046874, 3.8944374731470754e-14, -3.9519552386356736e-14, 0.0011878367670022313, -1.5307108262730957e-14, 5.1958234254798636e-15, 0.001513514378682684, 2.8319184377375808e-14, -2.2305766441466335e-14, 0.0017380020346757737, -1.9006886562840847e-14, 9.977699909987125e-15, 0.0004848393736664204, 1.0612067799456177e-14, -4.438629225518476e-15, 0.00019058791681729077, -1.1191654267651251e-14, 8.613021750439761e-15, -0.0003855229706878455, -1.8260642438659075e-15, -1.276505884294858e-14, 0.00020595392252853513, 8.340839297638364e-15, 2.916075391577347e-17]]
P1->P3
T_min:200 K    T_max:3000 K    P_min:0.0001 atm    P_max:100 atm
[[-15.389714010451023, -2.3023249973164184e-14, 7.685541507180469e-15, 1.069957722086116, 4.9209013064176164e-14, -1.9869678325664008e-14, 0.795376323803164, -6.261686820912002e-14, 2.517127675690068e-14, 0.2598363204688301, 9.989007191393166e-14, -5.776841301451931e-14, 0.07330660836577195, -1.0108042074283579e-13, 5.222943449526092e-14, 0.03821942899786562, 5.6448687691783024e-14, -3.0130381324166165e-14, 0.023608224469764048, -5.938732389198628e-14, 3.8232569673856897e-14, 0.010544700754146425, 5.362860277620891e-14, -5.348251469619275e-14, 0.003259456523845138, -2.3954513421708218e-14, 9.824738972242338e-15, 0.0017395591094531726, 3.6605643211401195e-14, -2.9350292032466284e-14, 0.001385793271410965, -2.709002894758798e-14, 1.3361505538420202e-14, 0.0009755465782892565, 1.4913733600167532e-14, -7.333205781370747e-15, 0.0003561878912190439, -1.394642920516113e-14, 1.061630210883055e-14, 0.00025686491102065566, -2.2539257413136257e-15, -1.566993141903064e-14, 0.00013859580228053363, 1.0033442557969484e-14, 7.616091072345843e-16]]
P2->P3
T_min:200 K    T_max:3000 K    P_min:0.0001 atm    P_max:100 atm
[[-45.728092087381945, -5.062616992290714e-14, 2.8066299083102695e-14, 16.355964827726662, 1.0808421954241227e-13, -6.455712517047295e-14, 0.7887806337512748, -1.2365247234968439e-13, 5.6671101603397e-14, 0.8380401263236179, 1.852924885225141e-13, -1.0157103924136177e-13, 0.32673067619484775, -1.8209431765847127e-13, 8.257187576144115e-14, -0.05457234865963156, 7.622091165510119e-14, -3.6989809372893274e-14, -0.24045082388230793, -9.684912611213918e-14, 7.079486501999122e-14, -0.16942504217776652, 8.49756270972572e-14, -1.0955525424049885e-13, -0.009637887904588216, -2.5426529537153634e-14, 8.469057965886772e-15, 0.04122471762232651, 6.194290887802177e-14, -5.64533540195033e-14, 0.07549832277177683, -4.980319214151122e-14, 2.2769594207083994e-14, -0.037658356829212584, 3.3280912356438076e-14, -1.0606533420274911e-14, -0.009516535209222007, -3.3236749263563506e-14, 2.205017420573704e-14, -0.05904018317586444, -9.378725539273949e-15, -3.720540848684558e-14, 0.022607875597192836, 2.4529644065892906e-14, 6.334826759851191e-15]]
P1->W3
T_min:200 K    T_max:3000 K    P_min:0.0001 atm    P_max:100 atm
[[-13.61297004079847, -2.609024107869118e-15, -5.012779760371444e-15, -1.352387664598439, 6.413013900064137e-15, 7.28403782580316e-15, 0.023037352798584942, -1.9901049414818023e-14, -2.2878084075786236e-16, 0.2468861084399442, 6.275963598041341e-14, -3.6716891709586675e-14, 0.21061817017990392, -6.980739423125162e-14, 3.567507753085287e-14, 0.07494868088267502, 2.7345688867088346e-14, -1.2597206703603486e-14, -0.02175195821505698, -3.189315486088031e-14, 2.2326556379133628e-14, -0.06830725377080579, 3.3439860609876015e-14, -3.885745960499797e-14, -0.06369632839093292, -5.0048234009714776e-15, -1.8323496973711245e-15, -0.02071356574879731, 2.389244869850232e-14, -2.1478300356265665e-14, -0.006294339018091116, -1.4597462296092783e-14, 6.988323824205528e-15, 0.01963189416640216, 6.607470369968022e-15, -1.8735987232100937e-15, -0.0004164580378680129, -9.319139798758253e-15, 9.284534771650023e-15, 0.010420084152431725, -3.7234537600897474e-15, -1.427471498398105e-14, -0.00988493440628223, 1.0399994937984962e-14, -9.760095857109257e-16]]
P2->P4
T_min:200 K    T_max:3000 K    P_min:0.0001 atm    P_max:100 atm
[[-47.476708306022964, -2.6645352591003757e-14, 1.9656708579396772e-14, 17.16020692764747, 4.133890862470105e-14, -1.7209637654113175e-14, 0.20004027444173075, -6.306919481118452e-14, 1.4731711884954922e-14, 0.669185938714472, 1.437417953721188e-13, -7.37126605932979e-14, 0.39642721445424045, -1.3819654149421665e-13, 5.28734437887878e-14, 0.036936497758009314, 6.217350741550434e-14, -3.81256399224641e-14, -0.19441786372058564, -7.038664574145258e-14, 5.87646098352714e-14, -0.150191855826788, 5.741454074834368e-14, -9.017690231940798e-14, -0.014199792751757718, -8.993146128655217e-15, -4.029206225657298e-16, 0.023010647281275814, 5.413922467830807e-14, -5.395804199412796e-14, 0.04807793209912107, -4.970775680206423e-14, 1.864123374339442e-14, -0.04274141918152444, 4.450592544881096e-14, -1.897065775917333e-14, -0.006677479899529764, -4.833776807494359e-14, 3.171986923134525e-14, -0.042744747793935785, 4.929849356950648e-16, -4.2473389293775755e-14, 0.028341827747390087, 1.4414810420556665e-14, 1.1949485952105743e-14]]
P1->P4
T_min:200 K    T_max:3000 K    P_min:0.0001 atm    P_max:100 atm
[[-16.083261525644545, -1.2573275753879898e-14, -3.137921485427601e-16, 0.5422630128899057, 2.850423715812828e-14, -5.9037086510762004e-15, 0.49376353218763014, -4.259431214051218e-14, 1.2108757268380718e-14, 0.17135367338039767, 8.667771633555397e-14, -5.0333419514917036e-14, 0.0933747031706241, -8.974303659704529e-14, 4.436111612811004e-14, 0.10162522425713108, 4.248067908906017e-14, -2.1547679174724308e-14, 0.07869581028026035, -4.788367784375746e-14, 3.317560821961102e-14, 0.03817913342347509, 4.657253753291907e-14, -4.916869197465821e-14, 0.0089266592378603, -1.4902689562458794e-14, 4.3518054777951725e-15, -0.005459037314272725, 3.370628446609473e-14, -2.7638428429226386e-14, -0.005856790382420927, -2.2799553476740878e-14, 1.148670166705933e-14, -0.007349032695617194, 1.2619826499773891e-14, -5.879658883728084e-15, -0.0019020163805425912, -1.3355932629804526e-14, 1.1020063369261862e-14, -0.0024058963502657962, -2.976251115369459e-15, -1.6378626528379833e-14, 0.0016660720851295616, 1.1443300586480608e-14, -2.3619287387472076e-16]]
P1->P5
T_min:200 K    T_max:3000 K    P_min:0.0001 atm    P_max:100 atm
[[-15.135027980316764, -1.9984014443252818e-15, -1.0196139223467698e-15, 3.6296181938437773, -2.0121281028914077e-15, 6.346127864965402e-15, -0.20311186485301977, -1.1623922089594463e-14, -3.961071985539677e-16, -0.08363659735753773, 4.3593893185090977e-14, -2.5536596121482284e-14, -0.016380062401608168, -4.77504900200871e-14, 2.048770692193704e-14, 0.006339107969304772, 1.4085288357769099e-14, -7.178009739755462e-15, 0.01008649592183482, -2.034698213451647e-14, 1.6261023736227453e-14, 0.007756684371018775, 1.7476798505819e-14, -3.122060745457016e-14, 0.004667312955119411, 2.8114398728180614e-15, -4.626487313199392e-15, 0.0025266573782744637, 1.4006560952110502e-14, -1.6597306094540914e-14, 0.0009437734127020243, -1.2011631916634715e-14, 3.916046472166978e-15, 0.0004984682351189142, 8.18833685129887e-15, -3.230200862352233e-15, -0.00010475459364324077, -1.1360898736734842e-14, 8.848054618369808e-15, 3.5088898922684634e-05, -1.0788767352574237e-15, -1.45045499951007e-14, -0.00013799227821548155, 6.935312322354625e-15, 2.2640289433305333e-15]]
P2->P5
T_min:200 K    T_max:3000 K    P_min:0.0001 atm    P_max:100 atm
[[-49.19970551999866, -6.483702463810914e-14, 3.707206221735651e-14, 23.30340897383745, 6.828251695992474e-14, -2.9107032684351306e-14, -0.11773833412343088, -9.70422884930697e-14, 3.8037453557259534e-14, -0.046554774266584435, 1.520780290821755e-13, -8.312917429217078e-14, -0.019253296837556562, -1.5395216998243927e-13, 6.338731302956058e-14, -0.01804952686351098, 4.6662698582452345e-14, -2.6070842253382406e-14, -0.023466891204687347, -8.319156492703168e-14, 6.699336642557941e-14, -0.02465102786043891, 6.630446845623924e-14, -1.0112018522034791e-13, -0.02138165385479662, -1.769979183625988e-14, 7.224376174299346e-15, -0.017023048727466437, 5.099104821884154e-14, -5.4569825050610124e-14, -0.010356203314815828, -3.9296139913236484e-14, 1.1806231219515583e-14, -0.006956804942847529, 3.0248179076754503e-14, -3.897812592005881e-15, -0.002120676761181689, -3.053494951842735e-14, 1.0005346012302207e-14, -0.0015545888996186855, -1.3037577408508982e-14, -2.6763559991559375e-14, 0.0007872206240999907, 1.9643634447657584e-14, 7.342516186291314e-15]]
P4->W3
T_min:200 K    T_max:3000 K    P_min:0.0001 atm    P_max:100 atm
[[-32.099786724708146, 2.886579864025407e-14, -1.8093837611119217e-14, 11.61012649326206, -6.76464340942026e-14, 4.779870998473773e-14, 0.8917319860404596, 3.482582980799972e-14, -3.232763425971852e-14, 0.3654577979582625, 2.478478264665578e-14, -1.2806383386398205e-14, 0.39917445363738785, -4.489298664287972e-14, 1.451998519688508e-14, 0.23449726733488416, -1.9150786538740937e-14, 1.2443099017222084e-14, 0.035531049855036134, -7.614797497474857e-15, 1.683586957549527e-14, -0.04730755593323374, 1.3242061163217729e-14, -4.92810797307012e-14, -0.05458008944540944, 1.2244259142331966e-14, -1.0599752754050763e-14, -0.04474733102188935, 2.5727233588310947e-14, -2.9448901758371544e-14, -0.022735451284548645, -2.8603588081390853e-14, 1.1585805643398222e-14, -0.01656747553645868, 2.425303718943934e-14, -8.280168737968458e-15, -0.0010325556604742034, -2.544406748621585e-14, 1.3648430356888074e-14, -0.003033238170144327, -4.67181929134262e-15, -2.46406385582836e-14, 0.005321151722665191, 1.3453372560958883e-14, 5.6948005660894225e-15]]
