==============================
W3_Energy_1
P3->P4
T_min:200.0 K    T_max:3000.0 K    P_min:0.0001 atm    P_max:10.0 atm
[[-26.106114165926215, -1.180287178490242, 0.0712181232975478, 7.672466594163758, 1.3202306177041894, 0.00504947361561404, 1.2143264010829031, 0.2936943717725739, -0.1699079287138202, 0.5577721528654264, -0.49370480917368564, 0.05220539800220468, 0.21779420174388514, -0.17229763991625846, 0.10961289908699287, -0.011088764692417338, 0.23762754524687968, -0.03886334555533526, -0.016516008368088097, 0.14630846119898827, -0.0803697259670647, 0.09497854751509406, -0.1380238277321954, 0.030058836381595753, 0.05172380505855621, -0.09915986841742369, 0.05083308275165736, -0.061829934894888305, 0.08371235982414903, -0.021219631817132975, -0.036668212018070655, 0.05375753994837724, -0.028678117053540203, 0.022745863763618097, -0.033947901358409305, 0.010195143862572064, 0.03565060164890547, -0.047891925989473685, 0.020336340746150476, -0.018479722725114747, 0.030785235389301634, -0.008793281069416467, -0.010962403900457015, 0.01860020872474225, -0.009852159989618735]]
P3->P5
T_min:200.0 K    T_max:3000.0 K    P_min:0.0001 atm    P_max:10.0 atm
[[-26.038324043146257, 0.0027563141384367995, -0.0021299958805869445, 12.076088299730232, -0.003701480341783434, 0.0028484433867786573, 0.030141777446451946, 0.0010665489559957535, -0.0008301576584988056, 0.04473307258249678, 0.00019792421446006273, -0.0001601193113149992, 0.04847063961846939, 1.2140231735918508e-06, -5.66208392937414e-06, 0.03525213967025537, -1.5928442949105113e-06, -2.4323280274803957e-06, 0.02074646244047484, -1.3599323365466807e-06, -2.8072190396049744e-06, 0.01056830068858046, 2.807267894385079e-06, -3.3421655253162204e-06, 0.004863641019423451, -4.239816869507383e-06, 9.465250297869972e-07, 0.0018731395271845653, -1.2039602452857135e-06, 1.680339111562342e-06, 0.0007914602071428172, -4.98878296374083e-06, 2.893630956754165e-06, 0.00017069821189019896, -1.5727623746541927e-06, 2.516996858157377e-06, 0.00017371317944444992, -2.7256628805777527e-06, 1.5377792475750447e-06, 3.41545290580551e-06, 2.4049297587653085e-06, -5.552223499478478e-07, 0.00010044534218542689, -9.557401578842735e-07, 2.842978297894898e-07]]
W3->P5
T_min:200.0 K    T_max:3000.0 K    P_min:0.0001 atm    P_max:10.0 atm
[[-6.310223730306659, 3.563775974868257, 1.0644779691764148, 14.104429879193923, -1.2384267930499138, -0.9218005587984524, -0.6675551899943124, 1.1286431036714395, -0.3892843323911714, 0.06382731836117515, 0.30952242121974516, -0.13457516717104293, 0.4338957302221715, -0.22454971375343144, 0.01956565660743739, 0.29848391006207303, -0.1785962735672957, 0.02970278900336953, 0.012714794119170002, 0.060699741691691005, -0.05049571876556919, 0.06935064967629753, -0.1150302576271113, 0.0073578040993538, 0.08695651915388385, -0.1756123794440274, 0.031387489916839255, -0.04813236663285282, -0.006644409651575459, -0.024608834867475695, 0.05075556672149221, -0.13612214151977917, 0.05451529062818201, -0.050279088264952004, 0.0019161420066746034, 0.005031723967203149, 0.020756992470106882, -0.06281078410811312, 0.04665047941095054, -0.0751311185557969, 0.07582783396154713, -0.019742100197755543, 0.07906944527786698, -0.11186834668365561, 0.05576569285001128]]
P1->P4
T_min:200.0 K    T_max:3000.0 K    P_min:0.0001 atm    P_max:10.0 atm
[[-16.192884540130482, 0.056994830801709834, -0.13556131286505202, 0.6944415813399855, -0.06824094976710744, 0.19069338771381647, 0.459096149501834, -0.0020412811255053186, -0.0493165773598358, 0.15316184595119614, 0.019939435431648153, -0.01779069193203741, 0.10130677301885453, -0.002508641458888092, 0.009422994681715894, 0.1063299034035773, -0.00459039198004989, 0.004345895820080942, 0.0774359146618506, -0.00037914303269234164, -0.0015158839303876376, 0.03700531909718591, 0.0007199141671326315, -0.0009745178271032508, 0.009241616076497082, 0.00012924590346094893, 0.0004192007714533835, -0.004928485595496094, -0.00038104422774293246, 0.0005033016528820681, -0.00588116800436339, -7.255405845698682e-05, -6.361207214938125e-05, -0.007442444360460011, -8.330520986537874e-05, 9.448577665474464e-06, -0.002079716242325334, 0.00028703450500142564, -0.00014695584461820062, -0.00243617025499557, 3.413695530472591e-05, 3.05276906077463e-05, 0.0015212030242380535, 0.0002388129816516548, -0.00017772975728441509]]
P4->P5
T_min:200.0 K    T_max:3000.0 K    P_min:0.0001 atm    P_max:10.0 atm
[[-34.007989717244506, 0.0031711457872942717, -0.00245216642896531, 19.581439105214358, -0.004304957848611539, 0.0033289511229006763, 0.16309976377850655, 0.0010694843870634556, -0.0008265534788720927, 0.12030375088152132, 0.00017443111543335662, -0.00013645277074337737, 0.08665888515328987, -1.573322961323881e-05, 1.3750054895557566e-05, 0.05220776245958878, -2.404613818618851e-05, 1.7653928443653727e-05, 0.027149392610462626, -8.071196120917655e-06, 5.820517463755061e-06, 0.012611161290610415, -1.314818549023574e-07, 3.229993834708451e-07, 0.00545604105280201, -2.1585029831727423e-06, 9.101339861896334e-07, 0.0020770240644899275, 3.223037275504559e-06, -1.8763903229874305e-06, 0.0010336911466970928, -5.767572148397409e-06, 3.3661009831430005e-06, 0.0003316707478109478, 5.597522717926721e-06, -2.73505047219725e-06, 0.0003931780164610564, -7.316456928705756e-06, 4.468651301569759e-06, 7.798550037763946e-05, 4.4783641608718965e-06, -2.2719404204854205e-06, 0.00019901011162476152, -2.4307367827075394e-06, 1.9467290939603925e-06]]
P5->W3
T_min:200.0 K    T_max:3000.0 K    P_min:0.0001 atm    P_max:10.0 atm
[[-19.184495300373296, 3.565521480193187, 1.0641047405927517, 2.1404175675767747, -1.2356867977034387, -0.922324800708116, -0.37189234713934494, 1.1317140262761256, -0.3899565280948968, 0.22661653007063634, 0.3116533938530322, -0.13499244427316437, 0.5033743474538773, -0.2224410201073909, 0.019111460384490197, 0.3262087870448414, -0.17728470717380176, 0.029453429226972423, 0.02341861228694946, 0.06172138273329487, -0.050706798128573906, 0.07368122135917944, -0.11444472268367223, 0.007237761065533282, 0.0889967554897889, -0.17546055484228218, 0.03137410664601494, -0.047246785270623065, -0.0064672345500647955, -0.02465000213791101, 0.051584509040666006, -0.13645164943332702, 0.054623635937737294, -0.050002596323622056, 0.0019040724722497028, 0.005028658867389845, 0.02134691823846935, -0.06331627608027979, 0.046800480515734114, -0.07503505594132366, 0.07577786211369358, -0.019735384045105525, 0.07943757739874824, -0.11225353093113268, 0.05588434940220694]]
W3->P4
T_min:200.0 K    T_max:3000.0 K    P_min:0.0001 atm    P_max:10.0 atm
[[1.0328180365147634, 0.5372234297114722, 0.09391329067702446, 3.430382364118643, 0.9914097334374629, 0.08361515701997181, 0.02376740682487473, 0.7883460649660814, -0.16571144207333818, -0.14555951506750658, 0.43453173243057486, -0.2147324498410189, 0.20697559400598908, 0.0924673255750751, -0.13419077522344425, 0.27309598020382975, -0.14810406773833726, -0.00038969461614374014, 0.16117939984988922, -0.22972324116916168, 0.05255987235372169, 0.08886049175299823, -0.22454854734480348, 0.0648804851017356, 0.060251524241026554, -0.18329868528819968, 0.060378321470863784, 0.02490448935009565, -0.11450120507744653, 0.03411416861245666, 0.013577125237249538, -0.05333599456933624, 0.03112506207827408, -0.023649043097940557, 0.01171012943289403, 0.0012344767915887444, -0.01158749736685795, 0.025857425142700105, 0.012559059315999576, -0.02338401718493959, 0.03277482138101477, -0.00644780682373237, 0.005473210284271607, 0.005608858756955627, 0.011789295163086268]]
W3->P1
T_min:200.0 K    T_max:3000.0 K    P_min:0.0001 atm    P_max:10.0 atm
[[2.7252378845073393, 2.357454191648073, -0.25424356008411264, 6.184370049342809, -0.2542409016246667, 0.15058954039093336, -0.3119933820161239, -0.2875687791041466, -0.00684396155811333, 0.10593059906437287, -0.13472436824840384, -0.015607379592745234, 0.17114868564765398, -0.08396166871169972, -0.01604281415818974, 0.07971889185918277, -0.05513634121165417, 0.01382674368685179, -0.0008199649508578221, -0.04943559808155489, 0.019546029020487424, -0.04097381040598943, -0.04436239532639158, 0.024169332052198157, -0.03405437078072463, -0.041353099143522684, 0.02493421784604, 0.009039826333075119, -0.04970736591934748, 0.011669930016311239, 0.023410966952731538, -0.042753802263842594, 0.02229003900645391, 0.04468259007385422, -0.04588388013265629, 0.008515253999473773, 0.018206664462869768, -0.021628148925945598, 0.023931949830287697, 0.01957948246925321, -0.016032455705203882, 0.005067668536324117, -0.006464864692248343, 0.003792250774769253, 0.014568284938393716]]
W3->P3
T_min:200.0 K    T_max:3000.0 K    P_min:0.0001 atm    P_max:10.0 atm
[[0.16434409706520212, 0.6636018986911201, 0.025807624217167046, 4.057663609700014, 1.0799295354781844, 0.10172934342050649, -0.42972504928041094, 0.7830409691870931, -0.11086979593813703, 0.058586802857178696, 0.4621668763753397, -0.24135284774988172, 0.43826507521499075, -0.08840361660187548, -0.14199017408458364, 0.38144292337732766, -0.34347977218951886, 0.020253543282161203, 0.2304583272880321, -0.4024712606840771, 0.1325517149587239, 0.04260846125044061, -0.2002634268001615, 0.11244618987722106, -0.08543633930397994, 0.025494068467858625, 0.02535314503997697, -0.04957872464385963, 0.013987730593960033, -0.01211656013188104, -0.044635764963183965, 0.04768887432191932, -0.0243252020159748, 0.07791585450004433, -0.12343313809158409, 0.03314608413901742, 0.014613506028853791, -0.006754903985278786, 0.024279418655233226, 0.05789819104980705, -0.08049573043267129, 0.0384920425398249, -0.03931506356993611, 0.06954556527049004, -0.006286515250451833]]
P1->P3
T_min:200.0 K    T_max:3000.0 K    P_min:0.0001 atm    P_max:10.0 atm
[[-15.070357405909613, -0.08872012590077483, 0.10221858783670269, 0.5470544504014655, 0.13114078082197683, -0.16389726555495943, 1.0690079408125746, -0.0356800100149728, 0.07578284433988926, 0.1913594078544803, -0.029770361629270797, -0.004417593165067313, 0.05954348596729494, 0.03544996368306568, -0.018588223535076207, 0.05447898155476263, -0.01318111341999894, 0.010485214706379115, 0.02075620237538417, -0.000962256270551188, -0.00036518084530747126, 0.008540946849066562, 0.002441042766725932, -0.0019042629708176482, 0.004714954690247966, -0.0012823373578097462, 0.0008966385474578757, 0.001536791095052316, 0.0005558442258417838, -0.00010024202308912562, 0.00104595472590852, 0.00046547564874147924, -0.000298148213627578, 0.0011651216921843323, -0.0006684211757289418, 0.0003680812780529425, 0.0006097731718743156, -0.0002360556471813504, -0.0001665732409390444, -0.00021768080306011476, 0.0008137873037499081, -5.03531468093228e-05, 0.0004885760089515381, -0.0005221338249955532, 0.00014505694139614668]]
P1->W3
T_min:200.0 K    T_max:3000.0 K    P_min:0.0001 atm    P_max:10.0 atm
[[-14.7664826201301, 2.3591929756435257, -0.25461398182399225, -1.2075975733897262, -0.25149098998537195, 0.15006044339991556, 0.13017989847749237, -0.2845069395945461, -0.007512072747806648, 0.29441595043755797, -0.1325881998033089, -0.01602731940909264, 0.24305947253960228, -0.08185794415952215, -0.01649449624248643, 0.10688078468478232, -0.053819230189787924, 0.01357470440317956, 0.00949104505455778, -0.04841724458907305, 0.019336599271576018, -0.0367807993508482, -0.04377423169250408, 0.02404816311356236, -0.03204960123290331, -0.041197668582101575, 0.024918701445422825, 0.009925438712666854, -0.04953496510427326, 0.011631004978151708, 0.024238654189575073, -0.0430779451719321, 0.022395567674002245, 0.04496595896863147, -0.045901547457677876, 0.008514701197752909, 0.018795165268296266, -0.022129272974922534, 0.024080095972687347, 0.019680555123613264, -0.016088692827253337, 0.005077247905221296, -0.006097899287322069, 0.0034090861635875016, 0.014686133035925962]]
P4->W3
T_min:200.0 K    T_max:3000.0 K    P_min:0.0001 atm    P_max:10.0 atm
[[-32.29144617624191, 0.5389611281114597, 0.09354332503107467, 11.197612126775983, 0.994164852721316, 0.0830838855746751, 0.43109529792050716, 0.7914050635804346, -0.16637808107359892, 0.036184591146981124, 0.43667334468711555, -0.21515483920792486, 0.27983927001725556, 0.09456866023512286, -0.1346413454848522, 0.30163767898876914, -0.1467903924174228, -0.000640165917154307, 0.17218404986897773, -0.22870030766817864, 0.05234813631734783, 0.09332526402658316, -0.22396768707411446, 0.06476257772893662, 0.06233513119969037, -0.1831371174160635, 0.06036005725492689, 0.02581063996632886, -0.1143367146797721, 0.034078986893636025, 0.0143954080799813, -0.053652528643639584, 0.03122704753043988, -0.023369769985964805, 0.011687882109526902, 0.0012363168059656361, -0.01100430631315056, 0.02535784479883448, 0.012706252605985631, -0.02328679260668976, 0.0327212053809715, -0.006439239518053559, 0.00584051920610739, 0.005224086098134272, 0.011907458256643844]]
P3->W3
T_min:200.0 K    T_max:3000.0 K    P_min:0.0001 atm    P_max:10.0 atm
[[-24.66128803778173, 0.6653415313424365, 0.025437080594516968, 4.51432184089569, 1.082682356589342, 0.10119855465915097, -0.049022100091535695, 0.7861046391134386, -0.11153849133058041, 0.22033687601481453, 0.46430712438245286, -0.24177475703084894, 0.4987664276512317, -0.08629816937037199, -0.14244273633173243, 0.40323444165308536, -0.3421659506777934, 0.020002988670457644, 0.23808290197498916, -0.4014470046274809, 0.1323393931307728, 0.04541344401470278, -0.19967850300089535, 0.11232661462760829, -0.08418043852593357, 0.02565039590195122, 0.025337133463483777, -0.04908609553174004, 0.01415658942784033, -0.0121539065607459, -0.044044964258711954, 0.047366865361258954, -0.02422034246771133, 0.07809249412311588, -0.12345453725253377, 0.033147471990024074, 0.01512099504461804, -0.00725630212081882, 0.02442773811159351, 0.05797625173809505, -0.0805502560547659, 0.0385010404928704, -0.038978777017405736, 0.0691643181964626, -0.006169800333723933]]
P1->P5
T_min:200.0 K    T_max:3000.0 K    P_min:0.0001 atm    P_max:10.0 atm
[[-15.13302545472058, -0.001989632012490361, 0.001570116049109705, 3.6288737839161342, 0.0016721035037417405, -0.001288652644408696, -0.20418877741541636, 0.0016895867144678487, -0.001287999155633688, -0.08346318119568702, 0.0005035976926395336, -0.0003912886525587807, -0.01631887574375275, 0.00036424204676238707, -0.000284642306943129, 0.006612946127799196, 0.00013626549574388453, -0.00012842262440074573, 0.010248821480995313, 0.0001780582876967731, -0.00016563903854406042, 0.007834932951735233, 0.00012303082777619822, -0.00013256929932156756, 0.004856024362295189, 1.8470277564107092e-05, -6.12654967864317e-05, 0.0025029497866774423, 7.822046644789568e-05, -0.00010266588870559362, 0.001194428708567447, -0.0001315499628721832, 5.252533371439305e-05, 0.00043741016079902156, 1.1455557765877425e-05, -4.310049461877376e-05, 0.0001213755317043592, -0.00020605263369747083, 0.00012497559186662967, 2.7871962273709708e-05, -8.515004334662233e-06, -8.685568978309338e-06, -2.1679912874670126e-05, -0.00016589954457754685, 0.000113966960732342]]
