==============================
B7_Energy_1
P3->P4
[[5.660182853035254e-05, -1.1416727211095241e-08, 2.94388385296848e-08, 9.08184142068154e-05, 2.3746944158159133e-08, 3.1468913526421505e-08, 5.2590910192981345e-05, -1.961028892238095e-07, 4.8767488994283986e-08, 1.1276207968142033e-06, -2.8855281392813716e-09, -3.159278215698924e-08, -2.6737232693410572e-05, 1.0497954616155048e-07, -6.914442005514766e-08, -3.637782486161759e-05, 2.0608984872215853e-07, -7.566596866686737e-08, -2.3599965774920552e-05, -1.091568591918561e-08, 1.4009662104742884e-08, -6.437653859309268e-06, -1.672011408785065e-07, 7.69229103314409e-08, 5.3752124716465104e-06, -9.320036650478975e-08, 4.9100257744031295e-08, 1.1256670815112793e-05, 1.2637304693922726e-08, -5.962418699784315e-09, 5.89897574881764e-06, 1.1818206552995391e-07, -4.5153820135875544e-08, 4.132606166926273e-06, -4.207597903663988e-08, 2.1466012562287746e-09, -3.131048490529972e-06, 6.908918235179435e-09, -1.790796858864041e-09, -1.1643049867445423e-06, -2.395297878452822e-08, 2.241044897805185e-09, -3.6613035369683244e-06, 8.820427510742309e-08, -2.570728921140124e-08]]
P3->P5
[[-4.498531513994412e-06, 4.031633193437696e-08, -1.8223238382020283e-08, -7.240971786360795e-06, -8.160698217966968e-08, 2.198873926231484e-08, -3.790268576048757e-06, 6.208677244698917e-08, -2.0826670528879467e-08, -9.910262579453696e-08, 2.0153359908618093e-08, -1.8158644763284344e-08, 1.7231336372148459e-06, 8.204209361674116e-08, -3.6037117777807646e-08, 1.978889190545267e-06, -3.6031732799837855e-08, 1.392673267318592e-08, 1.0732395377138486e-06, 1.9859518835050517e-08, -9.560437728349681e-09, 1.8451868043976176e-07, 3.383333072050146e-08, -2.3570643486480974e-08, -2.2551047979212396e-07, -2.2638643582249704e-08, 5.308451404190976e-09, -3.6476342690604317e-07, 2.01434035480975e-08, -3.5003281720895e-09, -1.958802393308723e-07, 1.637898417987161e-08, -1.652967261728895e-08, -1.9634448964866225e-07, 1.302523897884909e-07, -5.644313130854881e-08, 7.446688256252174e-08, -4.123987345398855e-08, 1.2190388936874274e-08, -1.9608911931255377e-08, 4.150855609910096e-08, -1.3570222435359804e-08, 8.318693183017537e-08, -2.9653083016997385e-08, 4.818884001446184e-09]]
P3->W3
[[2.8864822752441018e-06, -2.3388486042783232e-06, 2.3720680019408935e-06, 8.908976786713519e-06, -6.604069996303918e-06, 7.362988935959133e-06, 5.6609830685164e-06, -4.552603232393294e-06, 4.664270169641457e-06, 8.028068762433046e-06, -5.957015029248881e-06, 6.640290496854837e-06, 5.411858852363836e-06, -4.2610757998295906e-06, 4.459645669476375e-06, 6.472789474902436e-06, -4.820526065576563e-06, 5.349710894585005e-06, 4.968227674208232e-06, -3.7692848908340315e-06, 4.107784290820816e-06, 4.437696471574879e-06, -3.312279656159722e-06, 3.675931774032967e-06, 4.352348598070269e-06, -3.145174855462268e-06, 3.609239117044043e-06, 2.560608960976984e-06, -1.9467472287245005e-06, 2.1186287586853465e-06, 3.803748718092886e-06, -2.6284334647116978e-06, 3.161795719713128e-06, 1.273789693516208e-06, -9.743376794419476e-07, 1.0606743280373195e-06, 3.0603031186372464e-06, -1.9991567566259977e-06, 2.5532734210519983e-06, 3.9688739281677234e-07, -3.165525511696651e-07, 3.290380355486016e-07, 1.9507214241106073e-06, -1.246231071136295e-06, 1.6224789141957045e-06]]
P4->P5
[[-4.603962655053267e-06, -1.839595793477483e-08, 7.325978876910734e-09, -7.388862963886804e-06, -5.7600913784854247e-08, 1.2844851138541452e-08, -3.530983778257716e-06, 4.766299125986047e-08, -1.9488676442193434e-08, 3.92532194994214e-07, -5.8184412715375135e-08, 2.1135543537182787e-08, 2.1312722884163024e-06, -4.49996788962718e-09, 4.966395553193691e-09, 2.0069882267060065e-06, -2.6977311792363856e-09, -2.647670310575085e-09, 9.065946283613604e-07, 1.4213242733338035e-08, -8.96990116175832e-09, 1.0642957250186576e-08, -3.7769771005520143e-08, 1.403210001216062e-08, -3.5453944863167313e-07, -5.613975867774876e-08, 2.301739190412816e-08, -3.8434632001397807e-07, 4.717422924284954e-10, 3.1199503585979277e-09, -1.1359455321525406e-07, -5.9039394913026015e-08, 2.4044892844068186e-08, -4.9075191168452724e-08, 4.86982761370173e-09, 2.1151942583282882e-09, 7.349537806300367e-08, 6.653286825080823e-09, -8.714500078168378e-09, 8.12914434572417e-09, 3.275290727046514e-08, -1.4017815879847696e-08, 8.836629592382765e-08, -4.9039970789329805e-08, 1.4584687907998957e-08]]
P1->P3
[[4.4352146774985393e-07, 9.621746350222159e-09, -4.071357822386927e-09, 7.867873970101479e-07, -7.385835699451191e-08, 4.1615716354046625e-08, 3.507702441438005e-07, 5.585121736257136e-08, -2.9738905966263424e-08, -1.0095586221785213e-08, -8.049100983374425e-09, 3.942357981239224e-09, -2.9942230960147733e-07, 6.960032890167165e-08, -3.811125832489407e-08, -3.030501241392427e-07, 1.907444392394755e-09, -1.3443760623023634e-09, -1.9568949167260518e-07, 6.640529454210468e-09, -4.375095366397078e-09, -3.62694206136094e-08, -1.7253711624475527e-08, 7.460553569229804e-09, 7.248799228344636e-08, -3.956769968632736e-08, 1.8988692668005797e-08, 6.573041219852604e-08, 1.523797959853361e-08, -9.805905802555381e-09, 5.726559058747831e-08, -1.8859636911049624e-08, 1.0446921594367314e-08, -2.4696442926910302e-08, 6.491341707612759e-08, -3.3954001672593114e-08, -3.728950896323196e-09, -1.5479669902120298e-08, 8.982329003822611e-09, -3.366303519950206e-08, 3.448390491993817e-08, -1.9572251305265773e-08, 1.9855246934473975e-08, -5.094000197834031e-08, 2.6514404871098882e-08]]
W3->P5
[[0.0004778933388122589, -0.0006883101573262376, 0.00025625460268531954, -0.0005902815964776636, 0.0008482205012266303, -0.0003170113169918553, 0.00025849419134324616, -0.00037317284658633517, 0.00013902998148354395, -0.0005923805261226468, 0.0008514908763365892, -0.00031824009860443274, 0.0006578951768999709, -0.0009475407118640146, 0.00035244822950856184, -8.35214808555174e-05, 0.00011942845267046, -4.507057735511702e-05, -0.00013429871947933468, 0.00019255184163070952, -7.177677183875157e-05, -0.00016001621241517412, 0.00022973734314838412, -8.596329322096246e-05, -3.3087520134988138e-06, 4.3496863104847575e-06, -2.346564482141955e-06, 0.0005155743851539856, -0.0007424038679812795, 0.0002766367351490623, -0.0005300911792334694, 0.0007623972241246441, -0.0002842901680777582, 0.00020205845746048854, -0.00029103051191966964, 0.00010834131335001938, -0.00033736070517024, 0.0004853397532514856, -0.00018172474361530247, 0.0006744564937603891, -0.0009708694055887674, 0.0003622155153409437, -0.000419938484737255, 0.0006040760780189508, -0.00022489088343706916]]
W3->P4
[[5.404739255222208e-06, -4.362171039178571e-06, 4.449097272373358e-06, 1.54474342497494e-05, -1.04806291293254e-05, 1.2803861354253257e-05, 1.0569685867251151e-05, -8.437811827805832e-06, 8.70721582876571e-06, 1.3965011837993011e-05, -9.513836264694058e-06, 1.1578714104501985e-05, 9.906958727882385e-06, -7.599405666996387e-06, 8.182558667517554e-06, 1.1281203925849994e-05, -7.731442159399612e-06, 9.359745619168715e-06, 8.861901701710188e-06, -6.359211026755929e-06, 7.343513295203533e-06, 7.904351471861688e-06, -5.559281770444444e-06, 6.55582955921335e-06, 7.592318026757746e-06, -5.0228671602481435e-06, 6.311052880657059e-06, 4.722190918754975e-06, -3.508488841443368e-06, 3.913332156169965e-06, 6.3615915018066165e-06, -3.7561217246792996e-06, 5.309116413792426e-06, 2.433757545933871e-06, -1.8730536858420834e-06, 2.0160985116580504e-06, 4.920914059978126e-06, -2.5125152495135855e-06, 4.1191088682137205e-06, 7.873448513266792e-07, -6.469612045318453e-07, 6.49132996424633e-07, 2.946888398760143e-06, -1.272031935370407e-06, 2.4750158702568316e-06]]
W3->P1
[[1.2901653150111508e-06, -1.3267524513978075e-06, 1.0727147568952144e-06, 6.199540829063821e-06, -6.149598913546432e-06, 5.207529060188656e-06, 2.6549924460007783e-06, -2.7206468559259197e-06, 2.208457728750895e-06, 5.575152561782344e-06, -5.53269267699402e-06, 4.681359483155428e-06, 2.8996827591215587e-06, -2.935795824635659e-06, 2.4205605130665196e-06, 4.4731160861815544e-06, -4.4436488052811175e-06, 3.755257401343858e-06, 3.1724935829426574e-06, -3.1720186421603314e-06, 2.658974660333942e-06, 2.981172787182209e-06, -2.96914183539712e-06, 2.502127180498215e-06, 3.267458928050574e-06, -3.2298561683536558e-06, 2.747848151972081e-06, 1.5734813753688262e-06, -1.5829405718091172e-06, 1.3153491429714567e-06, 3.316760992393684e-06, -3.2559771966633404e-06, 2.792103490369594e-06, 7.382168772381024e-07, -7.478942544225257e-07, 6.150745008959771e-07, 3.037598296701121e-06, -2.951039033153996e-06, 2.5667163973883057e-06, 1.882453936503101e-07, -1.902119648341648e-07, 1.5794153753536698e-07, 2.1087800949918066e-06, -2.042315212927102e-06, 1.7833702574728997e-06]]
W3->P3
[[2.8583384514848883e-06, -2.2980695709359164e-06, 2.351834360335034e-06, 8.900610305753673e-06, -6.5926854011391034e-06, 7.358885834556157e-06, 5.651421792029715e-06, -4.540022570727577e-06, 4.655429192131218e-06, 8.058836604895748e-06, -6.002785035834043e-06, 6.660977454026686e-06, 5.415387223736468e-06, -4.267183215537254e-06, 4.459823698669097e-06, 6.490021793499099e-06, -4.847913658180317e-06, 5.363733948934129e-06, 4.987902875893368e-06, -3.801973390931863e-06, 4.124493881354544e-06, 4.4701892440718355e-06, -3.3642640149323023e-06, 3.700855550088205e-06, 4.389440631882707e-06, -3.2039339940935906e-06, 3.636839904221456e-06, 2.575911266345703e-06, -1.9742461808288233e-06, 2.130697877018213e-06, 3.833209094286703e-06, -2.6761702159811347e-06, 3.1856408153693135e-06, 1.2773119903920212e-06, -9.817081733791253e-07, 1.0613798084333661e-06, 3.07665650296907e-06, -2.021808386216381e-06, 2.5614591267758505e-06, 3.711689347626639e-07, -2.7692682303097604e-07, 3.0650151590511213e-07, 1.9480098094900837e-06, -1.2413155334340739e-06, 1.6211224131885658e-06]]
P5->W3
[[0.00047785397100791815, -0.0006882512016453159, 0.0002562395749416639, -0.0005900985614922183, 0.000847956407052808, -0.00031689764248880837, 0.0002583876970102947, -0.0003730157476350159, 0.00013897696661220886, -0.0005922361107932062, 0.0008512890807333609, -0.0003181528728487644, 0.0006577798043730073, -0.0009473682643990461, 0.0003523769815583738, -8.353311217278632e-05, 0.00011944291344970071, -4.508406547020278e-05, -0.00013432941706085927, 0.00019259622727794577, -7.17989799834835e-05, -0.0001601036768845759, 0.00022986224881264402, -8.601716324483745e-05, -3.256562042803428e-06, 4.2696477643320215e-06, -2.3228014836599547e-06, 0.0005155494888098861, -0.0007423659567723289, 0.00027662965905767044, -0.0005300406589192724, 0.0007623316521838453, -0.00028425928487228844, 0.00020192134293282608, -0.00029083052909009157, 0.00010825864255790788, -0.0003372873887161342, 0.00048523362608062946, -0.00018168843940694141, 0.0006743329088807715, -0.0009706896023070808, 0.0003621380472767409, -0.00041989382823662047, 0.0006040100283410519, -0.00022487475622038497]]
P1->W3
[[1.3173263123760718e-06, -1.3638816631157232e-06, 1.091957859764247e-06, 6.145656474664682e-06, -6.067996417215945e-06, 5.173378758646302e-06, 2.6956376008361703e-06, -2.7758612353998987e-06, 2.2426724556290307e-06, 5.541480762337462e-06, -5.4811447759379325e-06, 4.662522461877586e-06, 2.9476545493125653e-06, -3.0022179142450426e-06, 2.4548125287349962e-06, 4.4663322079078545e-06, -4.431206599764839e-06, 3.751215734791153e-06, 3.1890254704894357e-06, -3.1934320761531195e-06, 2.67261436071499e-06, 3.002014899411675e-06, -2.997133006087183e-06, 2.518022447637514e-06, 3.277311291421913e-06, -3.242275594265625e-06, 2.7540658332195243e-06, 1.6119119846056917e-06, -1.6366851932808345e-06, 1.3416015556804629e-06, 3.290718256142868e-06, -3.2169306128686913e-06, 2.7747361459350986e-06, 7.907846177945612e-07, -8.228481182096472e-07, 6.50789407518522e-07, 3.031856086050715e-06, -2.9427328474212816e-06, 2.5592919148178166e-06, 2.33237725765646e-07, -2.554887938388075e-07, 1.8675404488699674e-07, 2.060539128892907e-06, -1.972930709018577e-06, 1.7499646187997566e-06]]
P4->W3
[[5.393521085288157e-06, -4.3448437249133e-06, 4.4422894115222835e-06, 1.5480983887716854e-05, -1.0527799043041236e-05, 1.2821127156518669e-05, 1.055884927088313e-05, -8.42191172676173e-06, 8.70260839441449e-06, 1.4007220108084176e-05, -9.575666551665148e-06, 1.160390521719402e-05, 9.920085693493391e-06, -7.618902510033239e-06, 8.192910431502165e-06, 1.1323424979658716e-05, -7.792273229797915e-06, 9.38631924733238e-06, 8.88254884825952e-06, -6.387625924219636e-06, 7.359028391031062e-06, 7.91190880846629e-06, -5.567601728617511e-06, 6.5638001028783565e-06, 7.59384179909692e-06, -5.021788870592605e-06, 6.314078844703614e-06, 4.695592254493222e-06, -3.4670387821190868e-06, 3.8994449597158915e-06, 6.364201539479072e-06, -3.7583336546818073e-06, 5.309789747490443e-06, 2.403107953850774e-06, -1.8286271872225221e-06, 1.998681490167838e-06, 4.929983564317777e-06, -2.5265518827365127e-06, 4.122985749172401e-06, 7.652961414402932e-07, -6.162193394877031e-07, 6.367200930969882e-07, 2.9684987094544183e-06, -1.3041258016866547e-06, 2.486426598138178e-06]]
P1->P4
[[4.6550912151195904e-05, -4.634126656544897e-08, 5.041659238748723e-08, 8.06005564452281e-05, -1.8162306398418725e-07, 1.779201258546582e-07, 5.7601981097512686e-05, -2.7610690067498863e-08, 3.231069332576883e-08, 2.3397933139017936e-05, -6.308404052906853e-08, 5.7275835868046015e-08, -2.538262633850407e-06, 6.93929174861524e-08, -6.155668490932501e-08, -2.0494894602459142e-05, 7.12771048344276e-08, -5.438958299901641e-08, -2.369288436376413e-05, 1.3944627116936256e-07, -1.0641827735871749e-07, -1.8354736387119316e-05, 1.3224854054452093e-07, -1.0118881067047692e-07, -9.417889713767084e-06, 7.148888630351804e-08, -5.988009279793281e-08, 2.0509864925516378e-07, 5.3415706912800747e-08, -6.192148117192569e-08, 3.743497135496577e-06, -6.33522068752091e-08, 2.873469844727585e-08, 6.782459734271743e-06, -3.843178431228363e-08, -1.977664351840315e-09, 3.503055822505138e-06, -1.353588168266099e-07, 8.625100578181841e-08, 3.2698066662410396e-06, -5.060370854959704e-08, 1.868666196177008e-08, -3.6442951988471717e-07, -8.489299766633103e-08, 6.499655873590835e-08]]
P1->P5
[[-3.874284169875945e-06, 1.5789281306499335e-08, -1.4879581703331229e-08, -6.771902478821045e-06, 1.1158457292164552e-07, -7.14351593383722e-08, -4.213073512528224e-06, -4.2490486678753006e-08, 8.711208388972643e-09, -1.5699597821934196e-06, 1.2311442938910218e-07, -7.733233902604209e-08, 4.1305495561991995e-07, 5.114325620638952e-08, -3.4274990715743004e-08, 1.2091555059637243e-06, 7.02510976473052e-08, -4.16418441018623e-08, 1.139896090699442e-06, 2.951745451013407e-08, -2.3202493792054093e-08, 6.74596644067818e-07, 3.2164136600500626e-08, -2.577390073194592e-08, 2.4625511566039347e-07, 1.156363856267186e-08, -1.2808656419492616e-08, -7.723968058536303e-09, -2.968899510039417e-08, 1.1981229811446314e-08, -1.7768091505212646e-07, 9.293975534997642e-08, -4.788729535145225e-08, -1.1811433437203363e-07, -6.624686589242995e-09, 6.546751327107963e-09, -7.540796072784168e-08, 2.194975563406377e-08, -1.0594506272924376e-08, 2.759357084423194e-09, -5.8557439483449015e-08, 3.044474064423372e-08, -4.0054463719377255e-08, 6.225720688590041e-08, -3.2498510064265695e-08]]
