==============================
colrel_FactorOne
P3->P4
[[-0.3530539214556348, 0.15903401774563386, -0.06758059386577997, 0.40301516171419827, -0.10606537032363507, 0.07992448805664402, 0.03769433485809888, -0.11700356656633498, -0.016348203046487427, -0.06968563308940373, -0.025526776625463186, 0.027424867772959886, -0.05974997952365694, 0.1360674406394292, -0.018193071043850012, 0.008480021905779213, 0.03257235999446881, -0.030894265824344905, 0.05063052609597516, -0.10239240469963874, 0.016071505871218646, 0.025306224908861835, -0.053346178786483206, 0.038722775306768556, -0.040881836603061994, 0.07451960107266913, -0.016068883659248297, -0.04704544854597837, 0.07412761893221065, -0.04450336996257787, 0.06579525432548172, -0.10302611672186804, 0.0387394023962983, -0.0023946427423811472, 0.002000455771295012, 0.0035113258418808754, -0.004976484112440753, 0.010367856465639005, 0.0016456674975640728, -0.04268858162603562, 0.06239636629659027, -0.03274046633492412, 0.042573528872137445, -0.06335861039227825, 0.02720883516875327]]
P3->P5
[[-0.004706731661897774, 0.0050772810675559004, -0.003934141527600957, 0.006106913475339777, -0.006595754396888389, 0.005108905059875854, -0.001399622167217671, 0.001479366768897371, -0.0011835015479348433, -0.00039825378722829866, 0.0004385934466783825, -0.0003187529737276049, 6.444802298432704e-06, -2.0677026233750475e-05, -1.3012957992894661e-06, -2.20996141416025e-05, 2.6231228346856303e-05, -1.209178194304492e-05, 2.200987926654273e-06, -5.684157610418799e-06, 1.5728951521337664e-06, 6.918348754000315e-06, -9.183320505790228e-06, 4.712676317770579e-06, -2.7694802165080135e-05, 3.7690213864383275e-05, -1.4058256540632045e-05, 5.667556873637407e-05, -7.402425203120313e-05, 3.707473739776865e-05, -6.632294589835065e-05, 9.156084170829097e-05, -3.830594852741973e-05, 6.407764229396005e-05, -8.423485979362439e-05, 4.077810548621894e-05, -5.9761155642050855e-05, 8.325448205909348e-05, -3.638548265964193e-05, 4.9763938482678246e-05, -6.85761020413964e-05, 3.201884747855662e-05, -4.4975897858078354e-05, 6.041262604241707e-05, -3.272560057231487e-05]]
P3->W3
[[0.2187122457759354, -0.007032141658101649, 0.010315112195547156, 0.3046677516685751, 0.1352708965278975, -0.0004980829300128666, 0.20074304662047, -0.191147490358359, 0.039952370225558, -0.11249974629605994, -0.03447508965306161, -0.10470656641419099, 0.07582527991506104, -0.35807543297280964, 0.0990186230003633, 0.06505635129141574, -0.1897930367512522, 0.11042964813475525, 0.03126228722041533, -0.022916423960009043, 0.08858093405798177, -0.08722860050354597, 0.20314713921876718, -0.0290028884813471, -0.1373670075052459, 0.26525920911855144, -0.10020614637832018, -0.020383822727788308, 0.0360015218156422, -0.015240624632198913, 0.00600740470620734, -0.009133859642696859, -0.008837183848146187, 0.10338779255684696, -0.17988992841215692, 0.08673708622000874, -0.017342361833568496, 0.034834757904646345, -0.019134261795226908, 0.015822926768190023, -0.03214525518158154, 0.02239837556509595, -0.07001848551277948, 0.12191947004473769, -0.0628199273233239]]
P4->P5
[[-0.005256101694063087, 0.005679754620482464, -0.004382785361628669, 0.006983897094814588, -0.007550149591790624, 0.005826243081525969, -0.0015068823489446305, 0.0016184949417949817, -0.0012636956860958073, -0.00032328345622422013, 0.0003510782603684177, -0.00026014235228684313, 1.2971442721241622e-05, -1.8700861079788843e-05, 5.4091378072955485e-06, 2.76117641893781e-05, -3.2715320180162136e-05, 2.5444535651513585e-05, 2.217314485546009e-05, -2.544842470551985e-05, 1.8651612005969182e-05, 3.1450925095544627e-06, -4.113688955833417e-06, 3.209417303600867e-06, 2.5056511704816796e-05, -3.56172867265418e-05, 2.086672930979792e-05, -1.2801102569389874e-05, 1.846900896311966e-05, -1.3344868211058519e-05, 1.3344106877073048e-05, -1.8846750470884755e-05, 1.466313307744843e-05, -7.921773577705927e-06, 1.1567809311798196e-05, -8.246706968425156e-06, 2.6091172909136117e-05, -3.5220350831367705e-05, 2.2952996298194216e-05, 3.5724806887660646e-06, -7.594659712598846e-06, 3.6599975426954407e-07, 2.3161512499249587e-06, -2.439178783060722e-06, 3.147080720768161e-06]]
P1->P3
[[0.14296337199800072, -0.09191324810932443, 0.09481956747941558, -0.23402574050544164, 0.1482888167269658, -0.14974887428867864, 0.1181466195952076, -0.070958548844796, 0.0645953762334205, -0.019982575948000483, 0.01030098674785758, -0.000288535944133947, -0.014400937214184572, 0.00557894909809491, -0.01403226563404344, 0.005518342808060059, 0.002803113935172771, 0.0022569146208030744, 0.0054406708296374845, -0.0073295805482982, 0.004795683454094545, -0.004920084815870882, 0.004312210332298885, -0.002866323342875807, 0.0010607180265067573, -0.0011177247922847017, 0.0004747634935475482, 0.0004878236980977635, -0.00024624888332149, 1.3702529137156636e-05, -0.000296176179332337, 0.0004137113848560443, -0.000133079139454771, -0.000865741002877708, 0.0012151180793683505, -0.0003248911670855053, 0.0021189221860400806, -0.003252209870473667, 0.001279741406694301, -0.0019549886855586666, 0.002958262661096568, -0.0013657541748720895, 0.0005895036992870197, -0.000803717531588529, 0.0004606135580363116]]
W3->P5
[[6.18333870743154, -2.737260104773366, -0.50271561067195, -4.575093214374555, 2.6282595112094493, 0.47499380528292534, -1.1990397360306986, 0.7582769340011266, -0.3361713437871553, 1.2661303473415464, -2.3218481249251264, 0.7812358234753318, -0.1036207761124238, -0.08624339600447845, 0.060830226359744936, -1.307967785571023, 1.7969412512322143, -0.5831029136469698, 0.6437401030051869, -0.8509212570137582, 0.31595329316506465, 0.3929194200350636, -0.45864759353783463, 0.17142094332837116, -0.6366493911891316, 0.9821790906698631, -0.3219934123621234, 0.22942138254877334, -0.26415467500532974, 0.11227690889007601, 0.1129363635098184, -0.14901124074418315, 0.0606588485871307, -0.13451443282067488, 0.22315856154403307, -0.0970893481166311, -0.09427562508693585, 0.10975220494236643, -0.041692049369055975, 0.2213267918074778, -0.30949600271062666, 0.09736249481550563, -0.20979558158639636, 0.2764454030785178, -0.1057613030367672]]
W3->P4
[[0.19018747928512733, 0.04813944439292315, 0.03286439255928596, 0.28074528919839087, 0.06824864712343201, 0.016355367333985526, 0.11562559216688342, -0.08938462983281091, -0.02712192947426819, 0.0313796270634722, -0.1817153641892693, -0.030723390787880035, 0.050899398876834714, -0.23427137001321777, 0.03443360651891119, 0.05657656559207903, -0.15147544517280825, 0.06518339262866008, 0.018774763960344228, -0.03905214126740265, 0.05921950151083108, -0.030120791380659883, 0.059303533742758215, 0.029635261132655646, -0.0536279727908924, 0.1003968883977497, 0.0038695836705085825, -0.04773836258450295, 0.07794505914995607, -0.006485229643180913, -0.03486640372940307, 0.06511240960084944, -0.02194858476646326, -0.013936199385571365, 0.018796854097269746, -0.016366939083402882, -0.006007191507834391, 0.021398785244420012, -0.021491927027319432, 0.0030703920725504603, -0.006485039455252872, -0.007067367686738022, -0.0010491356141262458, 0.012459210173230548, -0.009347206717725523]]
W3->P1
[[0.42356576918846545, -0.0570105368922399, -0.0652385020000228, 0.06053339675144429, 0.009300604890606677, 0.0577654094277888, 0.00979158704465458, -0.1526196595757914, 0.07733410494741753, -0.059356171741959736, -0.01474940631677625, 0.0005019378957882687, -0.016689231676678996, -0.037431314452514367, 0.009676121242718782, 0.015152024929192707, -0.01080229625833859, 0.008509393932286226, 0.03976049358094186, -0.030160813425689187, 0.02321164219449703, 0.03230993258298487, -0.0208907579832726, 0.02398458131595375, 0.01026323999712187, -0.0016940630688962095, 0.01637204950338522, 0.0034312380435048756, -0.021516833579738454, 0.01927775835645699, -0.009213510247060732, 0.013468021192705347, 0.002271689476317073, 0.0035001214101565968, -0.019797921046143075, 0.01050942038383655, -0.009042213407151617, 0.031893302505343536, -0.010121421193830726, 0.002278524645034509, -0.00480146227891437, 0.0014325604642544927, -0.009274824345325894, 0.03346766498999061, -0.01234012641447647]]
W3->P3
[[0.21818048400181947, -0.006513022433584253, 0.010208327876566696, 0.30386522757663587, 0.13597204572629318, -0.0006001806272884977, 0.19981195607489624, -0.19024078412041753, 0.03977574061562758, -0.1131923237352624, -0.0338324195317809, -0.10482937763626829, 0.07514813790683565, -0.3574042370328285, 0.0988656795334918, 0.06459825598497321, -0.18935332328111973, 0.11031883835839501, 0.03089164053072418, -0.0225391959643085, 0.08848198901165891, -0.08746471183693502, 0.2033859566031827, -0.029072557871302477, -0.1374919455992851, 0.265388408955912, -0.10025232357615506, -0.020533080249205925, 0.036182318166616656, -0.01532221172615058, 0.006053941225753866, -0.009201284039280954, -0.00883686131410926, 0.10332279563620395, -0.1798001582612782, 0.08668841607254556, -0.017253458516796435, 0.03472468935611338, -0.019121163356347094, 0.015799143119899665, -0.032108500814352875, 0.022379648429548368, -0.0699348691161344, 0.12180990635840597, -0.06279840504798666]]
P5->W3
[[6.183852587709664, -2.7377550482841593, -0.5026240162105932, -4.57429570502997, 2.6275658094663803, 0.4751040463345896, -1.1981012947703702, 0.7573563207957701, -0.335995479946942, 1.2668032439890333, -2.322462739478561, 0.781345927334828, -0.10295536274580765, -0.08690377454191828, 0.0609740087607428, -1.307535494664835, 1.7965404608855546, -0.5830110000939034, 0.6440967879621903, -0.8512787109235854, 0.3160458248853051, 0.39317344810714777, -0.458906914687296, 0.1715002624746013, -0.6364947530523672, 0.9820108333422157, -0.32192493067670536, 0.22955736998194687, -0.26431671968906445, 0.11234192123564013, 0.11289075755961131, -0.14894506812435543, 0.06066243096076543, -0.13445218887068422, 0.2230701037730467, -0.09704422094328916, -0.09438253192983011, 0.109886237227114, -0.04171611660507382, 0.22137754295539794, -0.3095704032325839, 0.0973994164640589, -0.20987427993829827, 0.2765459408536576, -0.10577728283271727]]
P1->W3
[[0.4240287081952028, -0.05743575019748145, -0.06518413088686578, 0.06138149327222043, 0.008541521043185344, 0.057907398996658734, 0.010687105674385924, -0.15348711081411454, 0.07747887867553353, -0.05866356676354996, -0.015388014683511371, 0.0006233400178902197, -0.01602316990071796, -0.038091053464212134, 0.009817555114940103, 0.015601415809108022, -0.011230222483512102, 0.008617601792695561, 0.04008425248657418, -0.03047132672747765, 0.02327795340317117, 0.0325872755250661, -0.021185814469903478, 0.024084648867149137, 0.010361454198748867, -0.0017806545578768899, 0.01639959177323017, 0.003566406806579405, -0.02168074167270793, 0.019345616627529733, -0.009244815046057262, 0.013515625279713289, 0.0022801731564273094, 0.0035449569917546104, -0.019868729538293887, 0.010544937770799637, -0.009093411315171121, 0.03195513135830749, -0.01010734933471052, 0.002275112974524305, -0.004804515894456219, 0.0014336576004475281, -0.009350337768233014, 0.03356679649204634, -0.012352254333277858]]
P4->W3
[[0.19071732181231496, 0.04762493742580592, 0.03297321659781965, 0.281493779828459, 0.06762222004287313, 0.016416684925501024, 0.11659210865809985, -0.09033873250726257, -0.02691648299824791, 0.032042746711965456, -0.18231693694087805, -0.030622062587523983, 0.051596135352968336, -0.234970757287421, 0.03460090812900836, 0.056995396767347106, -0.15186122508822383, 0.06527129791023854, 0.019127357553707515, -0.03940117545161185, 0.059306782792512225, -0.02985293029121304, 0.05901985551073964, 0.029727180442219826, -0.05349419249323913, 0.10025653396759113, 0.003919804424780611, -0.04756439954468441, 0.07773216388859303, -0.006387939280499918, -0.03492157119469953, 0.06519004238347148, -0.0219579598421552, -0.013858127685636249, 0.018689868220349747, -0.016306383575924375, -0.006126414485229287, 0.021546209228307564, -0.021522868391059734, 0.003112680160137548, -0.006544102491327673, -0.007034635746988327, -0.0011687167032504561, 0.012616043588666985, -0.009393097767489873]]
P1->P4
[[-0.10913519623172631, 0.026355316550331662, -0.07074124457324295, 0.14167177848205012, -0.01808893068956994, 0.08828855044972868, -0.01890058882737689, -0.024098559954302518, -0.00608101280441242, -0.022656329460228, 0.01814725654797417, -0.017333072389217153, 0.004866764995341965, 0.0019072150088246351, 0.002376410352403543, 0.004942466617823903, -0.0035197962358373453, 0.003714060634108274, 1.735988410267578e-05, -0.0016376949565911694, 0.00042451844054530974, -0.0007011990515649692, 0.0001504173352446151, -0.00045159860585398145, -7.587813495327464e-05, 0.0005192743735017589, -0.00015295303813287338, 0.0001543532213188983, 9.722075896846877e-05, 0.00013716667833667335, -7.255775524916256e-05, 1.4067741558653377e-05, -6.372195290032772e-05, -3.064267311827749e-05, 4.3814339621901034e-05, -1.2299539833945829e-05, -0.00024478076263628756, 0.00031376402144823095, -0.0002331274883782005, -0.00015025151606147188, 0.00018128209120507353, -7.61413502086657e-05, -0.00012235593900503878, 7.745863806305133e-05, -0.00013403811027897126]]
P1->P5
[[0.0029045046908724574, -0.00313872700412353, 0.0024197669616297813, -0.00231226626825626, 0.0024677169807627735, -0.0019338589076840084, -0.002042414105292202, 0.0021063307934614485, -0.0017220596852967297, -0.0007014865142073984, 0.0007242720201185917, -0.0005897822295000184, -0.000189929201201393, 0.00012058583857897275, -0.00017498381751641302, -5.445602309556389e-05, 5.888285781948165e-06, -5.3521960576316824e-05, 2.561187259387191e-06, -8.005443293761993e-05, -8.460722102892074e-06, 9.662282050909438e-06, -7.041680245544068e-05, -5.630151564711375e-07, 4.504391364041369e-05, -9.653524040519633e-05, 3.4334044051271406e-05, 9.54516478034332e-05, -0.00017131571692479807, 6.965484025726705e-05, 7.12950725509574e-05, -8.585483391474216e-05, 5.932660152995954e-05, 8.794449652962069e-05, -0.00013893635312593047, 6.61163225535219e-05, 2.8446136362206772e-05, 3.1923485802162153e-06, 3.571062351025543e-05, 3.350255438295967e-05, -5.0963391675848974e-05, 2.543586601011075e-05, -2.466311251824316e-05, 7.163984924738265e-05, -8.673565789596435e-06]]
