==============================
W1b_Frequencies_1
P1->P2
[[-0.05372348787861086, 0.01437005191539264, -0.04806613815711889, 0.04780505820264413, 0.0046185125972332255, 0.04382943072354878, 0.03662057022173617, -0.049929916549963725, 0.029984319671297728, -0.0346352875297189, 0.035725872789849074, -0.028845086880999935, -0.007636271053017848, 0.008275890916553104, -0.006369934556924019, 0.013129902180125115, -0.015843257808032443, 0.010610860246018667, 0.0024384706547704426, -0.0024360352241766113, 0.00202719626079072, -0.004206594151187943, 0.005627664404222794, -0.0033278894796613715, -0.000993918927953512, 0.0013623416872536704, -0.0007665941782086099, 0.0011154621622068192, -0.0014664824217951202, 0.0008912751391218659, 0.0007187245471869852, -0.0010627931605382557, 0.0005560379337444656, -0.0006349278517493978, 0.0006783946329790467, -0.0005416544493342746, -8.54948368856654e-05, 0.00010905534800083168, -6.67229388214976e-05, -0.00014828015578521904, 0.0002859430794669202, -0.0001045361210592961, 0.0003987940676867466, -0.00043730552212654483, 0.0003391073088716497]]
==============================
W1b_Energy_1
P1->P2
[[-2.3891991930440762e-05, 9.184598232470548e-06, -2.1145952340162268e-05, 2.127612841282317e-05, -1.3474196849469981e-06, 1.9248975063210254e-05, 1.661258840839102e-05, -2.238084614695848e-05, 1.359369258917903e-05, -1.611479541520371e-05, 1.711835866025074e-05, -1.3377477649738163e-05, -3.3252550913690578e-06, 3.639768371896829e-06, -2.7716498964919042e-06, 6.409545121915538e-06, -7.758445063601491e-06, 5.179037876213321e-06, 1.0347062332782587e-06, -1.0263995036520847e-06, 8.672073277904351e-07, -2.116237362981913e-06, 2.780213580919728e-06, -1.681467035524742e-06, -4.886367801688697e-07, 6.432259029159851e-07, -3.85691746023301e-07, 5.758590981370184e-07, -7.568322880318352e-07, 4.6222598740441475e-07, 2.890794433502514e-07, -4.126591829756404e-07, 2.2349771422395348e-07, -2.8640578299981057e-07, 3.242383331464293e-07, -2.3209357526948775e-07, -4.500311569649944e-08, 5.5445047031066326e-08, -3.911455378332506e-08, 3.18306024963402e-09, 1.7008695717135295e-08, 3.2183940628241e-09, 1.738309200264544e-07, -2.0139547160698622e-07, 1.4281283404142312e-07]]
==============================
B8_SymmetryFactor_1
P1->P2
[[-0.027822535207390395, 0.009930850029972016, -0.0038283243823888802, -0.011768587391509884, -0.008830002515702278, 0.0021424668059164963, -0.005724282256825148, -0.0056759066763553065, 0.004423377659720243, -0.009478269274047888, 0.004060694112362398, -0.0021769627866609336, -0.005255814778132974, 0.0026253145571922573, -0.0018465005031099312, 0.0003894740809848843, -0.001680904030567933, 0.0009514229152216724, 0.0009991925954887242, -0.0011459891545493254, 0.0007642990565094399, -5.087684692676141e-05, 0.0004524624341397658, -0.00024222914002984964, -0.00016482652280428963, 0.0004880100715066325, -0.0003145597202435963, 9.34531751126004e-05, 2.436029046825171e-05, -3.246977337350819e-05, 0.00026426817858516647, -0.00021775703352985888, 0.00013895330393514277, 7.93753383125414e-05, -3.720209415884573e-05, 3.1870350150284206e-05, 4.8454118103801865e-05, 4.810168648478481e-06, -3.6671761818983556e-06, -5.592945884006911e-05, 8.502292103902388e-05, -6.0156401352987904e-05, 3.554586436737505e-05, -1.4700438598944656e-05, 9.68836276893009e-06]]
==============================
B8_Energy_1
P1->P2
[[-0.00010647343225201755, 9.193498014020677e-05, -5.289608653198597e-05, 6.453661742377459e-05, -8.018255804820609e-05, 4.0250138707269096e-05, 5.59600536618479e-05, -6.049441594021397e-05, 4.476751464236157e-05, -3.91424963047494e-05, 4.8357606360103686e-05, -3.00948779530095e-05, -1.9095392271611823e-05, 2.0803218374653803e-05, -1.5402057247909768e-05, 1.5599879903894474e-05, -1.952948171927179e-05, 1.1995705778585614e-05, 8.048013945061904e-06, -8.212895193475734e-06, 5.976461250314705e-06, -3.5104654608545548e-06, 5.615582855664232e-06, -3.2359070040140817e-06, -2.7326000501124566e-06, 3.559582996123888e-06, -2.497592121454444e-06, 3.7327142519105235e-07, -6.35722737011753e-07, 1.86800242818652e-07, 1.546719644523206e-06, -1.910822567918151e-06, 1.2641105684534804e-06, 2.07207194858918e-07, -1.4027581748107866e-07, 2.1334432199709493e-07, -2.918846139217583e-07, 4.0362212772544316e-07, -2.421117375136826e-07, -5.035901139246807e-07, 5.51503526680192e-07, -4.3690791749644545e-07, 1.7152708259469607e-07, -2.487058631677037e-07, 1.1898780733474505e-07]]
==============================
B1_Frequencies_1
P1->P2
[[-0.024829371480628356, -3.0379042773509027e-05, 4.1202571628919265e-05, -0.04768377678400214, -5.955778736790088e-05, 5.3350164549603655e-05, -0.04069860784841334, -5.160004672241145e-05, 9.232923860190143e-06, -0.0327602462229837, -3.2288083880304172e-06, -6.040112827557238e-06, -0.024102765461600464, 3.256073203481085e-06, 1.3179316704579124e-05, -0.017230441002342185, -6.673587424892213e-05, 4.869030393986207e-05, -0.011643941145641958, -6.113737547500459e-06, 6.8288934292378305e-06, -0.007691038577794092, 1.143243252824791e-05, -8.0122888425336e-06, -0.005008298614720383, -4.187638478133404e-06, -3.0561411128388946e-08, -0.002977509719890762, -3.2795812677606998e-06, -9.204981330990179e-07, -0.0020718407831135125, 8.36220612291876e-07, 1.4176429692854816e-06, -0.001003646673058522, 1.2832828528353542e-05, -4.779789039293601e-06, -0.0008671159554720748, -1.635091142558251e-05, 8.309135557075443e-06, -0.00022628659769314738, -1.3367266081335498e-06, 1.4401619758515718e-06, -0.000353342458966622, -5.402400149066887e-06, 3.6245646633520564e-06]]
==============================
B1_Energy_1
P1->P2
[[-0.0007490056007249671, -6.022294778010942e-05, 2.7241075016017407e-05, 0.0010728192118220489, 1.7331594592945993e-05, 2.3590069848804613e-05, -0.00034258212190114274, 8.804566861393218e-05, -9.424964911299568e-05, -3.747878145446489e-05, -3.466852745865233e-05, 2.179078690237559e-05, 4.8272402596985746e-05, -3.341518652860085e-05, 4.0781628546782555e-05, 7.586367112195465e-08, 2.048695056390378e-05, -9.177006779027023e-06, -1.2174231382575118e-05, 1.3056691481462875e-05, -1.55299954289625e-05, 3.6044783451136757e-06, -1.4075035644415942e-05, 1.8087562676487536e-06, 3.186089614011946e-06, -1.279678569044001e-05, 3.0533724604953685e-06, -2.6071822113525365e-06, 9.235826098457878e-07, -1.374434978541063e-06, -1.5939867881833918e-06, 9.13697865409257e-06, -1.5726214439816204e-07, 2.796198773454279e-06, 1.181105883683903e-05, 3.9808264653999756e-06, -2.8133466768785574e-07, 2.503634490100138e-06, -2.2486900565963802e-07, 3.022293884742773e-08, -1.4989893767693974e-05, -1.8286656765492064e-06, -1.9552075005769887e-06, -1.521771776534281e-05, -3.699582608525115e-06]]
==============================
colrel_Epsilons
P1->P2
[[0.008163455001264983, 0.02059188614586218, 0.009120521579060787, -0.009902868479241102, -0.02797867487647886, -0.011117506951096303, -0.0018165575314450584, 0.007771788681175194, -0.0013983013012149295, 0.00640321318117612, -0.002023849740791143, 0.005871599927967142, -0.002414125076596985, 0.002328674960492971, -0.001995680668190215, -0.0016819039395937312, 0.0007052293361557969, -0.0015016178094686566, 0.0011965048825952613, -0.001718198690494191, 0.0009488671545106401, 0.0005250508443640774, -0.00036305082957211523, 0.0004496473407441277, -0.0004608921821445581, 0.0007619815176495865, -0.000364405415578091, -0.00029092243392689517, 0.0003662028113107985, -0.0002382629524947802, 0.00022758045322709462, -0.0003718283306784981, 0.0001858772758896823, 0.00013354295968109314, -0.0002050614731321458, 0.0001032418387820317, 8.544658565534291e-06, -2.8925495896135255e-06, 9.808007367403173e-06, -0.00015636186278208987, 0.00023586056810783867, -0.000128646600855679, -1.6093037392136574e-05, 2.7672048776183334e-05, -9.836824896611862e-06]]
==============================
colrel_PowerOne
P1->P2
[[-0.01314551912855677, -0.015759230887440467, -0.013760476764976826, 0.02641429726023825, 0.02827331297257485, 0.0275124945005073, -0.017590866617595013, -0.020877536161180137, -0.01859866784724263, -0.0010202873349024477, 0.011542846953526004, -7.19440650420039e-05, 0.009159201081330032, -0.0021812508993568217, 0.008678354231407705, -0.002500456172634634, -0.001285167683552895, -0.0024614045862158054, -0.0025051329161135914, -0.0006033954025361622, -0.0025161088156065714, 0.0009059854494846559, 0.0002079162935231119, 0.0008372690335977599, 0.00043063596326714873, 0.0014877737605416253, 0.0005931995556253682, -0.00043817114445861673, 0.0008514150912628839, -0.0002890216571865099, 0.0004896249347604502, -0.002271420896188187, 0.00022317752509477367, -6.125702789170555e-05, 3.9874341242911496e-05, -8.019907072286347e-05, 2.2782191969377623e-05, -3.4549336048089784e-05, 6.83321274477108e-06, -0.0005103993782460911, 0.001688979778474355, -0.0002899663341371879, 0.0003139328113741191, -0.000709930440084103, 0.0002357469244883902]]
==============================
colrel_FactorOne
P1->P2
[[0.06726395954594812, 0.0669372516710125, 0.07014348439898052, -0.07598879857439522, -0.10819212460913945, -0.08165038450616059, -0.018506696401921832, 0.05410592885816391, -0.013706849893424883, 0.04103047435455302, -0.015561496765162448, 0.03793842394986107, -0.009109855002419004, 0.00601191574303396, -0.00773476863756539, -0.009244753429673572, -0.00203635064044392, -0.009073173093632866, 0.004421031237728682, -0.005923883974734387, 0.0034079253094600167, 0.0014578277726348876, 0.00374363726673568, 0.001752260179965597, -0.0018309813004771705, 0.004040622234547167, -0.0012197548986298472, -0.000157323325593668, -0.0012588975247369047, -0.00021792508693240325, 0.0015808655034203873, -0.004353975174226659, 0.0009833305802732907, -0.0006767648925388086, 0.0015460119660326256, -0.0005154892848954026, -0.00015142574048527792, 0.0006802684307036241, -8.168769128382416e-05, -0.0005808964044949715, 0.0018407647857076623, -0.0003037122253379268, 0.0007058295701758061, -0.0016885228314563055, 0.000491656467264896]]
==============================
B8_Frequencies_1
P1->P2
[[-0.1848592168566167, 0.027102849140775275, -0.005197518197780519, -0.19952433616662976, -0.02620341819241303, 0.0011655808181832144, -0.13617883850699047, -0.011443976289637246, 0.009313457117363613, -0.0954178349295163, 0.008650945636721766, -0.003582177827994003, -0.05230740597695646, 0.007054512207961551, -0.004646688745086558, -0.01675665229202807, -0.0036577986407548735, 0.0019463594378051072, -0.003403711464026935, -0.0033671708860042887, 0.002093853760714342, -0.0013097883959694284, 0.0008208848086192048, -0.00044176867592397596, -0.00026001213297103376, 0.00144856322120062, -0.0008913289119933823, 0.0006626850370738007, 0.00023581182186469473, -0.00016824375853791867, 0.0014669836456691148, -0.0006629862808795229, 0.00041040252825565323, 0.0006653861421604632, -0.0002444193412816194, 0.00013335481933060393, 0.0006337796205027324, 2.1697100874696256e-06, 5.946494797713584e-06, -7.936229653481544e-05, 0.0003155031807703666, -0.0002061508907493495, 0.0003231649057535011, 7.598569078708142e-07, 1.952566664447089e-05]]
==============================
B2_ImaginaryFrequency_1
P1->P2
[[0.5041532579262741, -0.15871702044164177, -0.09350198744485565, -0.25905033517923565, 0.15942537124428383, 0.16087469341654012, -0.2443030928817607, 0.01108078616635655, -0.0540633276048841, -0.08334918391824489, 0.037770334476799096, -0.0582887815732008, 0.08021472162066039, -0.05783313842053538, 0.04276958826965731, 0.047325001167968644, -0.019937508863821247, 0.022115117481946618, -0.013682733239118948, 0.026834202848154125, -0.01616221749213707, -0.014196983995100478, 0.012543602028115717, -0.010520769336786369, 0.0028017311737826224, -0.00868906741921797, 0.004386737281475729, 0.004990309955405015, -0.007475913877521464, 0.005107571572788746, -0.0012896301959591024, 0.00244066360084081, -0.0009731208542226666, -0.002183683742009406, 0.0033606760255652235, -0.002103285125531062, -0.000678713056668014, 0.0009439943097506909, -0.0007489205547391992, 0.0019587326081638243, -0.002582185801133979, 0.0015325000335867872, 0.0008201305465070037, -0.0010175113183298386, 0.0007307715189304084]]
==============================
B2_Energy_1
P1->P2
[[1.9548489617845413e-09, 4.088838120181759e-10, -4.89688294209055e-10, 6.061735860982624e-08, -7.469264758312507e-08, 3.552273502490454e-08, 6.722414623642088e-09, -3.278794226506085e-09, 9.730856535271782e-10, 5.4296770175389493e-08, -6.697392334834901e-08, 3.1746791781990335e-08, 1.553533465322412e-08, -1.5971255346452906e-08, 7.068303437454495e-09, 4.3382473503770344e-08, -5.3644347091038474e-08, 2.5276447012222114e-08, 2.684407844485637e-08, -3.232845181100826e-08, 1.4975045123773955e-08, 2.767309255753583e-08, -3.410924582935194e-08, 1.585431552506812e-08, 3.5731403931606054e-08, -4.546601788035585e-08, 2.138179639734265e-08, 1.2560222130128399e-08, -1.5218060217219512e-08, 6.814628520804774e-09, 4.267119374429922e-08, -5.5747954512165886e-08, 2.6498311178149736e-08, 5.357485538638259e-09, -6.502140734218443e-09, 2.793106605281447e-09, 4.3672431565121394e-08, -5.774303275399997e-08, 2.768691347273588e-08, 1.0178940197366917e-09, -1.1952756294149112e-09, 4.467740694581149e-10, 3.207576861168278e-08, -4.261114643714144e-08, 2.0555740607319115e-08]]
==============================
W1a_Frequencies_1
P1->P2
[[-0.13640999552221897, -0.23305381253867952, -0.14717312187538434, 0.17634278704161446, 0.29837615684580004, 0.1876058017679194, 0.0015593811806154472, -0.05787862284452271, 0.0007317880329698989, -0.07861492981710452, 0.020225402325918407, -0.07297061960164461, 0.03268559338505589, -0.04437987362916238, 0.02576946511224124, 0.019163618712312123, -0.0022200020118820964, 0.01780794910757836, -0.014171228311404743, 0.02613621670905152, -0.010565357566606306, -0.006504553694177231, 0.003269453855228636, -0.005682062093407843, 0.005489245202384519, -0.012229472053230057, 0.0039231695691399355, 0.004028550170201921, -0.005992586738337518, 0.0031417510124178774, -0.003198962522622092, 0.0073494468644068, -0.002335578620426852, -0.0012424278864917634, 0.002447873099039217, -0.0008788771439645912, -0.0007079329231485771, 0.0009849929608113026, -0.0005612811610451234, 0.0026548681281510396, -0.005492074426815871, 0.0019795514141842468, -0.00012734857093137702, 0.0002695818777953878, -0.0001249142071398599]]
==============================
W1a_Energy_1
P1->P2
[[-7.98020202907878e-05, -0.00023371010187718232, -9.349005097156741e-05, 0.00010771516318777278, 0.0002933153247029801, 0.00012227011932562377, 1.3759490368035444e-06, -5.80992531200121e-05, -2.422161124983128e-07, -6.262350514727389e-05, 3.330785327424447e-05, -5.605220111295228e-05, 3.2668500533912765e-05, -5.28630962786045e-05, 2.505102378831732e-05, 1.475785660453535e-05, 3.7594066384797223e-06, 1.4300914696158397e-05, -1.536685660458852e-05, 2.1023278713484182e-05, -1.244039982008482e-05, -3.2628965772758984e-06, -1.8130535216544392e-06, -3.2270967132864897e-06, 6.386688334300213e-06, -8.405137086849895e-06, 5.275930912577295e-06, 8.680834766706325e-07, -1.0365693447151894e-05, -3.335500390191991e-07, -3.998922176256599e-06, 2.2837458147931178e-05, -1.3252420852859267e-06, 1.6813956791085274e-06, -9.786248214854521e-06, 4.951130417387589e-07, -1.522995486831218e-06, 1.0371308024195429e-05, -3.04560027069909e-07, 2.5888775710479954e-06, -2.414895382540836e-05, -1.9439438116965537e-07, 2.6499216734865276e-07, 1.0429783123218765e-05, 1.459617657738552e-06]]
==============================
W1b_SymmetryFactor_1
P1->P2
[[-0.012271294292600866, 0.0031536025776078215, -0.01099087974872819, 0.010943925093283709, 0.001179871054795472, 0.010043335667003238, 0.008470171683726234, -0.011518620735788623, 0.006945038200074076, -0.008217648371255007, 0.008488919920522196, -0.006848877689147654, -0.0016753014666394449, 0.0017987682650510695, -0.001400371094260333, 0.0032339536728626665, -0.0039023926404702404, 0.0026134993685851572, 0.0005025603674885913, -0.0004775381561906821, 0.00042123216063612594, -0.0010604615587481957, 0.0014078648744086351, -0.0008394656826487574, -0.0002114850069092566, 0.0002829484478111174, -0.0001644801934857998, 0.00026932466471086885, -0.0003500690152805601, 0.00021597317956629586, 0.00016844438337500258, -0.00024936482638968896, 0.00012920035376610286, -0.00017903285368226613, 0.00020610072124146759, -0.00014604618946886252, -1.1199886057295384e-06, -2.2713628888848407e-06, -2.8214247687520596e-06, -2.1193175386502246e-05, 4.928273840636695e-05, -1.4503573301961412e-05, 9.289741220397644e-05, -0.00010462598401621937, 7.880466411847142e-05]]
==============================
W1a_SymmetryFactor_1
P1->P2
[[-0.023323075130814018, -0.074863168673966, -0.02769280680267003, 0.03135972150274296, 0.09288543921718133, 0.03588924145474545, 7.020812713254289e-05, -0.012641026351496778, 0.000276619814129893, -0.017384911945511058, 0.002323346406272461, -0.0163162187815117, 0.009152806891434734, -0.012711604403751325, 0.007223518082046003, 0.00417543963296865, -0.0006976988477493166, 0.003815435038902497, -0.004204066233254753, 0.00735067849102535, -0.003214150631932032, -0.0015889896103778438, 0.0013741628305201634, -0.0013140579408276061, 0.0017207565938554558, -0.0032079038633442305, 0.0013208060501198153, 0.00119532547434501, -0.0018165617695900236, 0.000936980418685711, -0.0009007089780662256, 0.0014950308845190616, -0.0007323263329308177, -0.0005323067477604386, 0.0009636592138079574, -0.0004000732822661803, -0.00019190992781013036, 0.0002745724986158722, -0.0001535905500453702, 0.0007770903897786724, -0.001200164954902126, 0.0006357138470209143, 0.00010111144605098643, -0.00022505443995181552, 6.318136311052208e-05]]
==============================
B1_SymmetryFactor_1
P1->P2
[[-0.041207922221682784, 0.002748128223909757, -0.011857686121775164, 0.038258530574063546, -0.006754759755957021, 0.01894243726822874, -0.023600117759377707, 0.005849282850126905, -0.008013616790195183, -0.009524797061289053, -0.0006456837016915981, -0.0006259544234762305, -0.0025002364966413486, -0.002192686254511886, 0.0019584527204269215, -0.0027266354240302556, 0.00045184029749807046, 0.00016061487609269611, -0.002578268770764522, 0.0008193039680846179, -0.0005784840140869635, -0.0013862227076603525, -0.00014324061585725703, -0.00011329850943792481, -0.0006701389198670367, -0.0003198575992093229, 0.00015800727119865416, -0.00045643061619489976, -1.3903187741238863e-05, 6.426345896741238e-05, -0.00038529915189514146, 0.00014074660253022108, -2.4589232906307438e-05, -0.00018510213358774154, -9.191028448735458e-07, -1.7650878904565147e-05, -0.00011323861366044279, -4.479629723648577e-05, 6.512262682844316e-06, -8.81876453024228e-06, -6.664171590782867e-05, 1.566762542165578e-05, -3.994698013826644e-05, 1.6147208813126647e-05, 9.928257599295008e-06]]
==============================
colrel_Sigmas
P1->P2
[[0.040456972829554703, 0.13710657705283158, 0.047543294233419846, -0.04887472813908177, -0.17584850316671238, -0.05689548970797654, -0.012519958334868199, 0.036613037940407794, -0.010966069250291522, 0.03787277637412774, -0.012514058313585139, 0.03454321345714496, -0.013433814631692721, 0.01918039690947104, -0.010554328571100544, -0.011377816386887197, 0.006579138396229034, -0.009899082332519026, 0.006850711123555294, -0.012099527502493344, 0.00525631286185581, 0.004295491852146942, -0.004478400461961893, 0.00350783406186198, -0.0027965958941229916, 0.005124371743310575, -0.002177314764595923, -0.0024125394457025725, 0.0035134316491908174, -0.0019263997228278868, 0.0012097495653434556, -0.0020009415159272168, 0.0010155547310870254, 0.001188054118336112, -0.0019080518325746627, 0.0009317882466311085, 0.00030107540016236184, -0.0004187276078439624, 0.0002430058693382687, -0.0011533396644718918, 0.0017246744908327055, -0.0009677535402304518, -0.00031067569833157123, 0.0005209768127425952, -0.0002314640256208151]]
