==============================
W3_Energy_1
P3->P4
T_min:200.0 K    T_max:3000.0 K    P_min:0.0001 atm    P_max:10.0 atm
[[-26.113063648777235, -1.17126535344341, 0.06921379179269943, 7.708502770095954, 1.3138311635878475, 0.0068433653798577404, 1.2283136562367702, 0.2874033287916365, -0.16985627695510475, 0.5608941547531628, -0.4952276089384067, 0.0542428027921453, 0.2135767152098965, -0.16334013236607905, 0.1073554492525218, -0.012559443225485053, 0.2376029549251606, -0.0399096705950367, -0.015961046061203164, 0.14043203672884136, -0.07891278756563729, 0.0939255671399097, -0.13950606165326487, 0.03147792677448414, 0.04885785502093867, -0.09502064925528358, 0.0496929143062436, -0.06279388796482609, 0.08654096046860577, -0.0230016672734797, -0.03262236597463332, 0.04847882260528259, -0.026666303213840774, 0.023194245114217922, -0.033453338239949136, 0.010192715298129214, 0.0351112764022176, -0.04716852524984232, 0.020303411560558822, -0.020242999824165015, 0.03359795950780001, -0.010249110359126064, -0.009241738188120798, 0.01543262436755449, -0.008533609237559128]]
P3->P5
T_min:200.0 K    T_max:3000.0 K    P_min:0.0001 atm    P_max:10.0 atm
[[-26.038949597048706, 0.002908964116578261, -0.0022480687927418246, 12.075436020919907, -0.003911863458959255, 0.0030113282420174197, 0.02952514224339352, 0.0011175491054847074, -0.0008712656972701799, 0.04447618827577836, 0.00021081873137995523, -0.0001690698845611131, 0.048451403190793316, -1.3533407684266358e-06, -3.462251246941502e-06, 0.03533103203824087, -2.275567157262928e-06, -2.064060337923441e-06, 0.020821560456021872, -2.025018552018107e-06, -2.131998899922614e-06, 0.010603244330820575, 4.4278775951761986e-07, -2.1498814872800154e-06, 0.004859348567059422, -1.5468113774032654e-06, -4.935831998626598e-07, 0.0018542529788173625, -3.3720711603081322e-06, 2.865811623407789e-06, 0.0007729592535577693, -1.5674799560902274e-06, 9.1907996115154e-07, 0.00016003968264822278, -4.235861694794941e-06, 3.6020891661281117e-06, 0.00017064221139000976, -2.959006411252033e-07, 1.3008997026357764e-07, 3.4839399792905358e-06, 7.825186732201245e-08, 6.67155404992372e-07, 0.00010176171121636167, 1.2723376265480138e-06, -1.0663255117571587e-06]]
W3->P5
T_min:200.0 K    T_max:3000.0 K    P_min:0.0001 atm    P_max:10.0 atm
[[-6.271797894687414, 3.5659732112354288, 1.0807992526819574, 14.06018095217885, -1.2392904320162004, -0.9345299245693333, -0.6682470517333413, 1.1218131825222173, -0.39323920824416775, 0.04802325754077156, 0.33460205433593854, -0.14485783933583832, 0.4556233217181126, -0.2608259410818247, 0.03425088586044448, 0.29696280692952065, -0.17335692585518991, 0.028477742945830834, 0.00949259270052012, 0.06630456177644493, -0.052657114756430055, 0.06407669630373619, -0.10608013346383732, 0.004315477520319994, 0.09114995558849946, -0.17812943109620002, 0.03251961444862234, -0.026331246945581064, -0.03823698638127768, -0.013447832222544613, 0.03234311144557121, -0.1022045037149143, 0.0410444785303512, -0.03928093659653838, -0.013295513955002846, 0.009756373592562468, 0.019175835103984098, -0.0512374461815285, 0.04187211242433001, -0.05184669218574671, 0.043060229817655594, -0.007942988487924263, 0.05843136459897824, -0.07501507786866794, 0.042095115051382345]]
P1->P4
T_min:200.0 K    T_max:3000.0 K    P_min:0.0001 atm    P_max:10.0 atm
[[-16.189102792763595, 0.05692990202952966, -0.13847111483465588, 0.7144349555684373, -0.06749756635801696, 0.19451729698231834, 0.4695379421373587, -0.0033353335170156454, -0.04977089443509688, 0.15979126760841109, 0.02045014795292139, -0.018405939300464687, 0.10453938937226391, -0.002332528231442699, 0.009546169030489694, 0.10661095049490894, -0.004652455686964945, 0.004464527950531522, 0.075763716100481, -0.00043909012278187153, -0.0015295157417519391, 0.03491733400006808, 0.0007333557987680944, -0.00101563835733399, 0.007681402448340109, 0.0001724497122372768, 0.00039664863344371517, -0.005825840359572156, -0.00034919054823068837, 0.0004941687204431939, -0.005857641898256163, -7.395908593555793e-05, -6.889191738974201e-05, -0.007205556962074033, -8.888804834058865e-05, 5.806973733847343e-06, -0.0014745975455348547, 0.00027570616489140475, -0.0001482598629743991, -0.0021671056019273243, 4.1439290440017164e-05, 2.9073853803770717e-05, 0.0018399156074320377, 0.00023339837945041402, -0.00017665264249719915]]
P4->P5
T_min:200.0 K    T_max:3000.0 K    P_min:0.0001 atm    P_max:10.0 atm
[[-34.00866583341816, 0.0033488459078290234, -0.0025898158973275427, 19.58077738204656, -0.004546223009319514, 0.0035155567742158676, 0.1624771613318283, 0.0011224334088771406, -0.0008690657344342853, 0.12006937016633774, 0.00018937934794548147, -0.00014708759588683576, 0.08667330586501804, -2.3353602288850237e-05, 1.8274451741727157e-05, 0.052302825329859595, -2.359406156138763e-05, 1.749571096842261e-05, 0.027222689090886733, -8.227851096798961e-06, 5.918076005107296e-06, 0.01263414139386185, -3.083172225354668e-06, 1.8200629076984197e-06, 0.005439115852082286, 3.3529019062013477e-07, -3.7538201454483337e-07, 0.00205242720702075, -8.00929949153324e-07, 3.242457525347644e-07, 0.0010131186306008516, -7.04676694568201e-07, 5.880773066421505e-07, 0.00032682611255339163, -1.2342198046777492e-06, 8.215021095901637e-07, 0.0003915045621325962, -2.430200233773137e-06, 1.4489544147875736e-06, 8.237081970733403e-05, -8.234447275213978e-07, 3.010468738625676e-07, 0.00020285567438044599, -2.445996451831037e-06, 1.2744415316461464e-06]]
P5->W3
T_min:200.0 K    T_max:3000.0 K    P_min:0.0001 atm    P_max:10.0 atm
[[-19.12566136840374, 3.567655659282476, 1.0804397460136923, 2.099127498985024, -1.2365827140363417, -0.9350466761304883, -0.37616143777127237, 1.1247811275615949, -0.39388936529126295, 0.2082562749766881, 0.33671444235717546, -0.14527009083322462, 0.5237379652755197, -0.2587757979358759, 0.03381009144072123, 0.3240742194236548, -0.17204117949173253, 0.028228418943681163, 0.02002487437102857, 0.06732286714609428, -0.05286736594396196, 0.06837447208321189, -0.10547669906859826, 0.004191619800994358, 0.09316075054654506, -0.1779305859531286, 0.03249557471928833, -0.02545495045121961, -0.03803948734743208, -0.013492800996619531, 0.033095440946058576, -0.10244952976397867, 0.04113363360139003, -0.03902978344939032, -0.013279495548005575, 0.009747438283433916, 0.01968292650462008, -0.051657140796083065, 0.042004576146524315, -0.05176871922961683, 0.04303086413675389, -0.00794149508645429, 0.05874328179272275, -0.07534198951738011, 0.04220138758122598]]
W3->P4
T_min:200.0 K    T_max:3000.0 K    P_min:0.0001 atm    P_max:10.0 atm
[[1.0152834767081507, 0.53783360091665, 0.09585822525400962, 3.436133718605937, 0.9958372610785192, 0.08397739713918576, 0.025147925941416453, 0.7841643242185834, -0.16532988888956449, -0.14183812591287712, 0.43205535516455773, -0.21631203109318553, 0.20762183507752355, 0.08589832465548164, -0.13260972457114004, 0.2779370616549536, -0.15087706880600096, 0.0012318993928339059, 0.1635760618067046, -0.2314855451799737, 0.054526860426358216, 0.0900700816161602, -0.22430978615438743, 0.06603589836834933, 0.062124944321951564, -0.18239527940859693, 0.060809484737504096, 0.025367174010660836, -0.1173075774135816, 0.0354088715353494, 0.018529934440816485, -0.05476160431908964, 0.03118347543310826, -0.0220018159601833, 0.007022841804136152, 0.00245791557155719, -0.005955030396078895, 0.026109247909349112, 0.01179239013087046, -0.02266803398155389, 0.031000621009495476, -0.006073502234526843, 0.00915303869187686, 0.007959822224774473, 0.010632851953220985]]
W3->P1
T_min:200.0 K    T_max:3000.0 K    P_min:0.0001 atm    P_max:10.0 atm
[[2.7179865002991748, 2.354215073155866, -0.2576562539725587, 6.182150651857316, -0.25137174709024, 0.15330609556782446, -0.3165548328132434, -0.29051235485313004, -0.0048833443269287536, 0.10809970245141273, -0.1362554423719561, -0.015871917698730736, 0.16826694348603502, -0.08346183917918795, -0.016106696574164463, 0.08279600355623538, -0.05526133428186756, 0.013771605712122345, 0.0013184107438609673, -0.050446592904303686, 0.020029130214119565, -0.038174425718418815, -0.04626535054902372, 0.024883333093414835, -0.030704038732458267, -0.04326677442468702, 0.025560319385447026, 0.007874944749381352, -0.05056331746577215, 0.012329860815048057, 0.026873751869457792, -0.04394499459019068, 0.022492153301705925, 0.04311600117474815, -0.046480936560903165, 0.008929553091845333, 0.023621049993897657, -0.023026425304454496, 0.023870827613629485, 0.019146418375943598, -0.016414185278265096, 0.0052548010599528, -0.0015849358370777797, 0.003040948982918715, 0.014341520716689784]]
W3->P3
T_min:200.0 K    T_max:3000.0 K    P_min:0.0001 atm    P_max:10.0 atm
[[0.14946899088788984, 0.6628045622164875, 0.027563293028126067, 4.06799380386809, 1.077660947294921, 0.10250055843162971, -0.43188157488746365, 0.7809860004887527, -0.11040420564220392, 0.0555942111152583, 0.466435121895676, -0.24495630395175966, 0.43311454718298986, -0.08903011556622313, -0.14183714398303052, 0.3865479857233836, -0.3470936216887145, 0.02163660919409401, 0.23617898392199638, -0.40791369224149293, 0.13548331727953658, 0.046402379180001944, -0.20264398563533895, 0.11406210685133844, -0.0836440493238958, 0.02656501629396363, 0.024995151783967662, -0.05157523981594217, 0.013772797935060255, -0.011768585406325653, -0.04103858846141412, 0.04711804274234484, -0.024933764826249545, 0.07834963584398415, -0.12747130789128194, 0.0348292229013692, 0.02079102414750355, -0.007862614613231633, 0.023708674639838827, 0.05823669044780096, -0.0821210795175203, 0.039196957439290026, -0.03504211646778312, 0.0710516129403415, -0.007752602495097926]]
P1->P3
T_min:200.0 K    T_max:3000.0 K    P_min:0.0001 atm    P_max:10.0 atm
[[-15.06657625952861, -0.09759118578322673, 0.10630697103642486, 0.5408693788596921, 0.14551438177686327, -0.17066379798251274, 1.0725410716923849, -0.042753362215090004, 0.07938627092058644, 0.19051403936436684, -0.028618652405652145, -0.005248901770019222, 0.059206832669481596, 0.036367231062818584, -0.01892943696208078, 0.05479675214323255, -0.013770021638399257, 0.010811730502529496, 0.020678399705852706, -0.0009208918614705558, -0.00042725911320112706, 0.008488535916742706, 0.0025301414143167836, -0.001945714369174501, 0.004753219584130528, -0.0013441288605076814, 0.0009310172946211686, 0.0015263224354848347, 0.0005775655287675139, -0.00010722717141955471, 0.001040947268162426, 0.00048198374289830126, -0.00030627297780519826, 0.0011753834720921548, -0.0006814760789660185, 0.0003726900986833242, 0.0006150683945220307, -0.000245908598935891, -0.00016606177902996804, -0.0002230763106460394, 0.0008218175662906922, -4.939680709723253e-05, 0.0004859563918088174, -0.0005188323133547571, 0.00014386543622373586]]
P1->W3
T_min:200.0 K    T_max:3000.0 K    P_min:0.0001 atm    P_max:10.0 atm
[[-14.753325566222504, 2.355890487309706, -0.2580126570105799, -1.2068594945222695, -0.24865178857935671, 0.15278395028974237, 0.12204494531012425, -0.2875590996954563, -0.005527401852444482, 0.29402650261784524, -0.13413411202793826, -0.01628774036816237, 0.23881470350465098, -0.08141878606029485, -0.0165448189599094, 0.10934443719840087, -0.05393995741889386, 0.013519355584283846, 0.011457878064025264, -0.04943156959087101, 0.019821116086724357, -0.03401248838926205, -0.04566160315864946, 0.024758666711262835, -0.028727309257255213, -0.04306603200119911, 0.02553580903904232, 0.008752195386775227, -0.05037213721506761, 0.012287205913224561, 0.027624581662378803, -0.0441836534534023, 0.022579354344990688, 0.04337536882364413, -0.04647285246921266, 0.008923622410091259, 0.02412008698845505, -0.023432585926878902, 0.023997290230661487, 0.019232315887865014, -0.01645397589286739, 0.005260619725793455, -0.001277710541336191, 0.002721036480311841, 0.014444720170379404]]
P4->W3
T_min:200.0 K    T_max:3000.0 K    P_min:0.0001 atm    P_max:10.0 atm
[[-32.28857736684484, 0.5395155316339668, 0.09549811277781435, 11.206330687950073, 0.9985481939098567, 0.0834608658887878, 0.4288919349265134, 0.7871296680456528, -0.16598065542849125, 0.03735330924265787, 0.43417313807565, -0.21672561285052358, 0.2791173752567317, 0.08794670764639542, -0.1330509066923694, 0.30586637192371463, -0.14956075788762047, 0.00098207882093438, 0.17441228382920285, -0.23047057836201354, 0.05431880549625627, 0.0944992323004489, -0.22370665652247163, 0.06591154099249112, 0.0641870759526463, -0.1821980494280382, 0.060786930310881546, 0.02625314587974696, -0.11710703181850227, 0.03536148451877078, 0.019280925920834087, -0.05500692726700558, 0.031273839162485766, -0.021757297423686418, 0.0070418940512804, 0.002446494447762047, -0.005453650230471251, 0.025694060232001128, 0.01192346005854982, -0.022590440617218193, 0.03096943534133439, -0.00607217882691344, 0.009464899867807415, 0.007632732551592858, 0.010739920237019097]]
P3->W3
T_min:200.0 K    T_max:3000.0 K    P_min:0.0001 atm    P_max:10.0 atm
[[-24.65575592745035, 0.6644827633075989, 0.02720502820644763, 4.527613857634437, 1.0803774673384825, 0.10198132638648916, -0.0547531742611462, 0.7839427201904107, -0.11105053358263119, 0.21478720632574866, 0.4685582905742506, -0.24537231763300654, 0.4922520978634388, -0.0869841413186762, -0.14227732537006296, 0.407726464175584, -0.34577632836605676, 0.021386626159858785, 0.24363391978245244, -0.40689516300229717, 0.13527341451044478, 0.049177850683429905, -0.20204595349233287, 0.11394040727193419, -0.0824172285870867, 0.02676831168486196, 0.024969882096763846, -0.051095838899608004, 0.013967430547779205, -0.011813268000908378, -0.04052128327553409, 0.046876145646548656, -0.024845152335387744, 0.07849498730624532, -0.12745639613052187, 0.03481949854041868, 0.021213881231612823, -0.008275952658186893, 0.02383894570730003, 0.05829605832630733, -0.08215418812425637, 0.03919915439525904, -0.0347635617407956, 0.07073079764950375, -0.007648654438755729]]
P1->P5
T_min:200.0 K    T_max:3000.0 K    P_min:0.0001 atm    P_max:10.0 atm
[[-15.133301194706853, -0.002112974684693736, 0.001666586974633712, 3.628086523877481, 0.0017494884299770028, -0.0013494452600197454, -0.20476985557642402, 0.001748244427193388, -0.0013342692357440908, -0.08378470321909899, 0.0005204463573026218, -0.00040494448605674484, -0.0164307138077529, 0.00036203528111251854, -0.00028375713437517677, 0.006610930753948433, 0.00013938502912041933, -0.00013110843853665838, 0.010294587750802647, 0.00017852147201437575, -0.0001675413462328941, 0.007879426670893837, 0.00012277267119036197, -0.00013441567838633764, 0.004872940582885725, 2.8523580551364975e-05, -6.936338465655588e-05, 0.002509205097449598, 8.015129563450262e-05, -0.00010591479656461902, 0.0011790973454333619, -0.00011902625798374791, 4.244298923190742e-05, 0.00042596422057584706, 1.8544891448344173e-05, -4.83260843648207e-05, 0.000104121771984593, -0.00019538822801193212, 0.00011610161837252677, 2.0930702647878664e-05, -3.5208278321109588e-06, -1.1907769864256618e-05, -3.107260433353836e-05, -0.00015875356967939825, 0.00010847335657738026]]
