==============================
colrel_Epsilons
P3->P4
[[0.0, 0.0, 0.0, 0.0, 0.0, 0.0, 0.0, 0.0, 0.0, 0.0, 0.0, 0.0, 0.0, 0.0, 0.0, 0.0, 0.0, 0.0, 0.0, 0.0, 0.0, 0.0, 0.0, 0.0, 0.0, 0.0, 0.0, 0.0, 0.0, 0.0, 0.0, 0.0, 0.0, 0.0, 0.0, 0.0, 0.0, 0.0, 0.0, 0.0, 0.0, 0.0, 0.0, 0.0, 0.0]]
P3->P5
[[0.0, 0.0, 0.0, 0.0, 0.0, 0.0, 0.0, 0.0, 0.0, 0.0, 0.0, 0.0, 0.0, 0.0, 0.0, 0.0, 0.0, 0.0, 0.0, 0.0, 0.0, 0.0, 0.0, 0.0, 0.0, 0.0, 0.0, 0.0, 0.0, 0.0, 0.0, 0.0, 0.0, 0.0, 0.0, 0.0, 0.0, 0.0, 0.0, 0.0, 0.0, 0.0, 0.0, 0.0, 0.0]]
P1->P4
[[0.0, 0.0, 0.0, 0.0, 0.0, 0.0, 0.0, 0.0, 0.0, 0.0, 0.0, 0.0, 0.0, 0.0, 0.0, 0.0, 0.0, 0.0, 0.0, 0.0, 0.0, 0.0, 0.0, 0.0, 0.0, 0.0, 0.0, 0.0, 0.0, 0.0, 0.0, 0.0, 0.0, 0.0, 0.0, 0.0, 0.0, 0.0, 0.0, 0.0, 0.0, 0.0, 0.0, 0.0, 0.0]]
P4->P5
[[0.0, 0.0, 0.0, 0.0, 0.0, 0.0, 0.0, 0.0, 0.0, 0.0, 0.0, 0.0, 0.0, 0.0, 0.0, 0.0, 0.0, 0.0, 0.0, 0.0, 0.0, 0.0, 0.0, 0.0, 0.0, 0.0, 0.0, 0.0, 0.0, 0.0, 0.0, 0.0, 0.0, 0.0, 0.0, 0.0, 0.0, 0.0, 0.0, 0.0, 0.0, 0.0, 0.0, 0.0, 0.0]]
P5->W3
[[0.0, 0.0, 0.0, 0.0, 0.0, 0.0, 0.0, 0.0, 0.0, 0.0, 0.0, 0.0, 0.0, 0.0, 0.0, 0.0, 0.0, 0.0, 0.0, 0.0, 0.0, 0.0, 0.0, 0.0, 0.0, 0.0, 0.0, 0.0, 0.0, 0.0, 0.0, 0.0, 0.0, 0.0, 0.0, 0.0, 0.0, 0.0, 0.0, 0.0, 0.0, 0.0, 0.0, 0.0, 0.0]]
P2->W3
[[0.0, 0.0, 0.0, 0.0, 0.0, 0.0, 0.0, 0.0, 0.0, 0.0, 0.0, 0.0, 0.0, 0.0, 0.0, 0.0, 0.0, 0.0, 0.0, 0.0, 0.0, 0.0, 0.0, 0.0, 0.0, 0.0, 0.0, 0.0, 0.0, 0.0, 0.0, 0.0, 0.0, 0.0, 0.0, 0.0, 0.0, 0.0, 0.0, 0.0, 0.0, 0.0, 0.0, 0.0, 0.0]]
P1->P2
[[0.0, 0.0, 0.0, 0.0, 0.0, 0.0, 0.0, 0.0, 0.0, 0.0, 0.0, 0.0, 0.0, 0.0, 0.0, 0.0, 0.0, 0.0, 0.0, 0.0, 0.0, 0.0, 0.0, 0.0, 0.0, 0.0, 0.0, 0.0, 0.0, 0.0, 0.0, 0.0, 0.0, 0.0, 0.0, 0.0, 0.0, 0.0, 0.0, 0.0, 0.0, 0.0, 0.0, 0.0, 0.0]]
P1->P3
[[0.0, 0.0, 0.0, 0.0, 0.0, 0.0, 0.0, 0.0, 0.0, 0.0, 0.0, 0.0, 0.0, 0.0, 0.0, 0.0, 0.0, 0.0, 0.0, 0.0, 0.0, 0.0, 0.0, 0.0, 0.0, 0.0, 0.0, 0.0, 0.0, 0.0, 0.0, 0.0, 0.0, 0.0, 0.0, 0.0, 0.0, 0.0, 0.0, 0.0, 0.0, 0.0, 0.0, 0.0, 0.0]]
P2->P3
[[0.0, 0.0, 0.0, 0.0, 0.0, 0.0, 0.0, 0.0, 0.0, 0.0, 0.0, 0.0, 0.0, 0.0, 0.0, 0.0, 0.0, 0.0, 0.0, 0.0, 0.0, 0.0, 0.0, 0.0, 0.0, 0.0, 0.0, 0.0, 0.0, 0.0, 0.0, 0.0, 0.0, 0.0, 0.0, 0.0, 0.0, 0.0, 0.0, 0.0, 0.0, 0.0, 0.0, 0.0, 0.0]]
P1->W3
[[0.0, 0.0, 0.0, 0.0, 0.0, 0.0, 0.0, 0.0, 0.0, 0.0, 0.0, 0.0, 0.0, 0.0, 0.0, 0.0, 0.0, 0.0, 0.0, 0.0, 0.0, 0.0, 0.0, 0.0, 0.0, 0.0, 0.0, 0.0, 0.0, 0.0, 0.0, 0.0, 0.0, 0.0, 0.0, 0.0, 0.0, 0.0, 0.0, 0.0, 0.0, 0.0, 0.0, 0.0, 0.0]]
P2->P4
[[0.0, 0.0, 0.0, 0.0, 0.0, 0.0, 0.0, 0.0, 0.0, 0.0, 0.0, 0.0, 0.0, 0.0, 0.0, 0.0, 0.0, 0.0, 0.0, 0.0, 0.0, 0.0, 0.0, 0.0, 0.0, 0.0, 0.0, 0.0, 0.0, 0.0, 0.0, 0.0, 0.0, 0.0, 0.0, 0.0, 0.0, 0.0, 0.0, 0.0, 0.0, 0.0, 0.0, 0.0, 0.0]]
P3->W3
[[0.0, 0.0, 0.0, 0.0, 0.0, 0.0, 0.0, 0.0, 0.0, 0.0, 0.0, 0.0, 0.0, 0.0, 0.0, 0.0, 0.0, 0.0, 0.0, 0.0, 0.0, 0.0, 0.0, 0.0, 0.0, 0.0, 0.0, 0.0, 0.0, 0.0, 0.0, 0.0, 0.0, 0.0, 0.0, 0.0, 0.0, 0.0, 0.0, 0.0, 0.0, 0.0, 0.0, 0.0, 0.0]]
P1->P5
[[0.0, 0.0, 0.0, 0.0, 0.0, 0.0, 0.0, 0.0, 0.0, 0.0, 0.0, 0.0, 0.0, 0.0, 0.0, 0.0, 0.0, 0.0, 0.0, 0.0, 0.0, 0.0, 0.0, 0.0, 0.0, 0.0, 0.0, 0.0, 0.0, 0.0, 0.0, 0.0, 0.0, 0.0, 0.0, 0.0, 0.0, 0.0, 0.0, 0.0, 0.0, 0.0, 0.0, 0.0, 0.0]]
P2->P5
[[0.0, 0.0, 0.0, 0.0, 0.0, 0.0, 0.0, 0.0, 0.0, 0.0, 0.0, 0.0, 0.0, 0.0, 0.0, 0.0, 0.0, 0.0, 0.0, 0.0, 0.0, 0.0, 0.0, 0.0, 0.0, 0.0, 0.0, 0.0, 0.0, 0.0, 0.0, 0.0, 0.0, 0.0, 0.0, 0.0, 0.0, 0.0, 0.0, 0.0, 0.0, 0.0, 0.0, 0.0, 0.0]]
P4->W3
[[0.0, 0.0, 0.0, 0.0, 0.0, 0.0, 0.0, 0.0, 0.0, 0.0, 0.0, 0.0, 0.0, 0.0, 0.0, 0.0, 0.0, 0.0, 0.0, 0.0, 0.0, 0.0, 0.0, 0.0, 0.0, 0.0, 0.0, 0.0, 0.0, 0.0, 0.0, 0.0, 0.0, 0.0, 0.0, 0.0, 0.0, 0.0, 0.0, 0.0, 0.0, 0.0, 0.0, 0.0, 0.0]]
==============================
B13_Energy_1
P3->P4
[[0.0, 0.0, 0.0, 0.0, 0.0, 0.0, 0.0, 0.0, 0.0, 0.0, 0.0, 0.0, 0.0, 0.0, 0.0, 0.0, 0.0, 0.0, 0.0, 0.0, 0.0, 0.0, 0.0, 0.0, 0.0, 0.0, 0.0, 0.0, 0.0, 0.0, 0.0, 0.0, 0.0, 0.0, 0.0, 0.0, 0.0, 0.0, 0.0, 0.0, 0.0, 0.0, 0.0, 0.0, 0.0]]
P3->P5
[[0.0, 0.0, 0.0, 0.0, 0.0, 0.0, 0.0, 0.0, 0.0, 0.0, 0.0, 0.0, 0.0, 0.0, 0.0, 0.0, 0.0, 0.0, 0.0, 0.0, 0.0, 0.0, 0.0, 0.0, 0.0, 0.0, 0.0, 0.0, 0.0, 0.0, 0.0, 0.0, 0.0, 0.0, 0.0, 0.0, 0.0, 0.0, 0.0, 0.0, 0.0, 0.0, 0.0, 0.0, 0.0]]
P1->P4
[[0.0, 0.0, 0.0, 0.0, 0.0, 0.0, 0.0, 0.0, 0.0, 0.0, 0.0, 0.0, 0.0, 0.0, 0.0, 0.0, 0.0, 0.0, 0.0, 0.0, 0.0, 0.0, 0.0, 0.0, 0.0, 0.0, 0.0, 0.0, 0.0, 0.0, 0.0, 0.0, 0.0, 0.0, 0.0, 0.0, 0.0, 0.0, 0.0, 0.0, 0.0, 0.0, 0.0, 0.0, 0.0]]
P4->P5
[[0.0, 0.0, 0.0, 0.0, 0.0, 0.0, 0.0, 0.0, 0.0, 0.0, 0.0, 0.0, 0.0, 0.0, 0.0, 0.0, 0.0, 0.0, 0.0, 0.0, 0.0, 0.0, 0.0, 0.0, 0.0, 0.0, 0.0, 0.0, 0.0, 0.0, 0.0, 0.0, 0.0, 0.0, 0.0, 0.0, 0.0, 0.0, 0.0, 0.0, 0.0, 0.0, 0.0, 0.0, 0.0]]
P5->W3
[[4.732582680970284e-08, 5.396227521987328e-17, -2.7856989266071137e-18, -8.117181867279895e-08, -9.851903999116903e-17, -4.1465185164990606e-17, 4.954947593422727e-08, 1.360614432617167e-16, -2.372731512139412e-17, -1.386574350258029e-08, -2.2612917405737915e-16, 1.1809471713378414e-16, -1.612483938549666e-08, 2.4909227083907723e-16, -1.8022257833996115e-16, 3.6817198538198556e-08, -1.6386083219149584e-16, 8.837085471788233e-17, -4.806903518262403e-08, 8.160549034986665e-17, -1.3171068907312963e-17, 5.049861148183139e-08, -6.73646907455812e-17, 5.988104605091717e-17, -4.368922500889001e-08, 6.261547936072942e-17, -4.996989941920176e-17, 3.4058416676405135e-08, -6.627686482190956e-17, 5.400085994099754e-17, -2.453117197661008e-08, 7.342424179700634e-17, -3.610273136462669e-17, 1.386323589429955e-08, -9.22630441312739e-17, 7.940943895038833e-17, -3.5958649508330275e-09, 6.720007498470109e-17, -3.207138519846278e-17, -3.089196652407068e-09, -6.07719684099459e-17, 4.277051314350202e-17, 4.6239281682072826e-09, 1.53414269717131e-17, -1.1502889494032593e-17]]
P2->W3
[[-0.0007686775219640232, 6.348502967043916e-16, -3.7311256899737006e-16, 0.0006883174814303955, -6.113774621467396e-16, 1.228414712538316e-17, -3.092352161500803e-05, 6.24206683576915e-16, -3.360971319074418e-16, -5.648010378375741e-06, -3.437310844645972e-16, 8.733100963396652e-17, 5.47378979762075e-05, 2.875959665546121e-16, -4.583471235717915e-17, 7.303635227874621e-05, -1.6006123093800843e-16, 2.9268989720857115e-17, 2.9506227708703877e-05, 6.09885920583715e-16, -3.8631547466797575e-16, -9.36918063833805e-06, -7.098668119763722e-16, 3.7286449175513504e-16, -2.0809941837519775e-05, 7.992665126264873e-16, -4.898480781411845e-16, -2.335305249071917e-05, -7.638363134541348e-16, 4.70061902093811e-16, -9.396944009751203e-06, 7.684641408832099e-16, -4.032271645263487e-16, -1.6196374353140577e-05, -6.133217107469886e-16, 3.355786679133506e-16, 4.100374885002114e-06, 5.361219753556894e-16, -3.0764538948513994e-16, -6.578851512901168e-06, -4.3363918646176797e-16, 1.755429734841446e-16, 1.2442935912938297e-05, 2.8881392943616866e-16, -1.3801431020417403e-16]]
P1->P2
[[0.0, 0.0, 0.0, 0.0, 0.0, 0.0, 0.0, 0.0, 0.0, 0.0, 0.0, 0.0, 0.0, 0.0, 0.0, 0.0, 0.0, 0.0, 0.0, 0.0, 0.0, 0.0, 0.0, 0.0, 0.0, 0.0, 0.0, 0.0, 0.0, 0.0, 0.0, 0.0, 0.0, 0.0, 0.0, 0.0, 0.0, 0.0, 0.0, 0.0, 0.0, 0.0, 0.0, 0.0, 0.0]]
P1->P3
[[0.0, 0.0, 0.0, 0.0, 0.0, 0.0, 0.0, 0.0, 0.0, 0.0, 0.0, 0.0, 0.0, 0.0, 0.0, 0.0, 0.0, 0.0, 0.0, 0.0, 0.0, 0.0, 0.0, 0.0, 0.0, 0.0, 0.0, 0.0, 0.0, 0.0, 0.0, 0.0, 0.0, 0.0, 0.0, 0.0, 0.0, 0.0, 0.0, 0.0, 0.0, 0.0, 0.0, 0.0, 0.0]]
P2->P3
[[-0.0007105023132599667, 3.809101780226349e-16, 1.0433034277678638e-17, 0.0007172239833159571, -6.080882917745867e-16, 2.2150527132668547e-18, 0.00010164534496389909, 4.2119389544150946e-16, 2.0047817108860844e-16, -1.5165160250484021e-05, -1.0846813294890959e-15, 4.489504870322906e-16, -8.371692805368689e-05, 1.1997307410921909e-15, -7.0341162531859e-16, -4.761866827091014e-05, -1.105890274389847e-15, 4.786360815405038e-16, -1.7469776256221416e-05, 8.85056291604235e-16, -6.274885246532569e-16, 3.062084006119297e-05, -5.413459089419982e-16, 3.317571343833162e-16, 4.834206139031705e-05, 1.5726225699673835e-16, -1.7372851269135492e-17, 6.099110306914943e-06, 8.703055200940341e-17, -1.3970715775396743e-16, -8.050267390882028e-06, -3.204699468431757e-16, 2.6235574261547313e-16, -4.322534549995921e-05, 7.161303009135286e-16, -4.970803938613044e-16, 1.4004717725859237e-06, -6.100861645983932e-16, 4.0315649124822e-16, -6.068257442543272e-07, 4.3672116521856255e-16, -2.9462795657664767e-16, 3.203102059024871e-05, -2.4354353853625337e-16, 1.3974153535549452e-16]]
P1->W3
[[1.6192508427790043e-08, 9.998892173094167e-17, 4.336118135725471e-18, -3.070662370832777e-08, -2.7854065411000985e-16, 1.1260816596609256e-16, 2.5100625350115064e-08, 2.8834683683736632e-16, -1.245005679232102e-16, -1.7849921272570113e-08, -3.3190711075567316e-16, 1.7441784516893676e-16, 1.1342115482460989e-08, 3.359030217780981e-16, -1.7882879076547849e-16, -6.196649028997216e-09, -2.9187005376331847e-16, 1.8938530361422998e-16, 2.6540442512131292e-09, 2.412102595411901e-16, -1.4080954197984516e-16, -8.741621079543512e-10, -1.8819500746264085e-16, 1.129408503250236e-16, -1.95023737589964e-09, 1.0368227529854853e-16, -5.680030553844571e-17, 4.965872424395354e-09, -1.0148622511635039e-16, 5.674185106651531e-17, -8.140579612090282e-09, 9.946214503599145e-17, -4.3631122471938666e-17, 1.1150714760820212e-08, -4.044506830750988e-17, 2.6376535079185967e-17, -1.1559218003551415e-08, 1.263138562188165e-17, 1.2997836661746199e-18, 8.920593359691042e-09, -4.360821529214874e-17, 2.668524519884878e-17, -5.219946618896788e-09, 1.47250641270236e-17, -6.577724754479702e-18]]
P2->P4
[[-0.00013946775988383166, 7.872143679134456e-16, -4.1259164319343217e-16, 0.0001547463574851395, -2.5003517219655367e-15, 1.497481703005392e-15, -2.386822730776907e-05, 1.6071801488722924e-15, -9.230208096608681e-16, 1.7433735844337422e-05, -1.080734464959121e-15, 4.866758336681366e-16, -3.2921639110123617e-06, 5.343727534958043e-16, -2.2006719334848785e-16, -9.216424025753936e-06, -2.624914723230908e-16, 5.904903348992399e-17, -5.818817638341396e-06, 1.129595765160802e-16, 6.828737692994781e-17, -1.9128245182535033e-06, -2.991321156162402e-16, 1.5525437976712847e-16, 4.101687070064754e-06, 4.0550345788507723e-16, -4.422508007956211e-16, 2.1855042860793705e-06, -1.731992792756444e-16, 1.5984603556338725e-16, 2.112422925517705e-06, -2.4636647213273475e-16, 1.0566326995679757e-16, -3.5644544808347056e-06, 7.931335214427383e-16, -3.114721249294843e-16, -3.0978904312619917e-07, -1.0273305140363805e-15, 4.877832262175522e-16, -2.3716092893379484e-06, 7.395930377990003e-16, -3.5672355348446366e-16, 2.4960157300094105e-06, -2.912701499933427e-16, 8.324601839966114e-17]]
P3->W3
[[2.350647788124673e-07, 5.6501676406690845e-16, -1.2622802188185204e-16, -4.4369221088951667e-07, -1.6454574677652848e-15, 8.81808021774011e-16, 3.7343116288207603e-07, 1.5785576812342707e-15, -8.808453376919061e-16, -2.803633300817112e-07, -1.6492879958087412e-15, 9.099516266795945e-16, 1.876298048512748e-07, 1.5514119511685932e-15, -9.083239683549191e-16, -1.1142780190823472e-07, -1.4898672953835252e-15, 9.067058429809488e-16, 5.726127510997533e-08, 1.1439647106284085e-15, -6.193142875178774e-16, -2.2833882229950268e-08, -8.269097162213204e-16, 4.847922970651866e-16, 4.188639422223827e-09, 6.515428946765868e-16, -4.044876228229543e-16, 3.5381827494685893e-09, -3.7755111393565214e-16, 2.242768450200758e-16, -4.145339805590428e-09, 2.271429967394495e-16, -6.538816500935622e-17, 1.2105233564962798e-09, -9.151487119011416e-17, 7.495882523766418e-17, 1.514326769540784e-09, 3.101338153346608e-17, -4.646605593965424e-18, -2.288155323978507e-09, -3.1285936852461625e-17, -2.0977230248325586e-17, 1.6939358229947702e-09, 3.644286579578056e-18, -5.174030063049048e-18]]
P1->P5
[[0.0, 0.0, 0.0, 0.0, 0.0, 0.0, 0.0, 0.0, 0.0, 0.0, 0.0, 0.0, 0.0, 0.0, 0.0, 0.0, 0.0, 0.0, 0.0, 0.0, 0.0, 0.0, 0.0, 0.0, 0.0, 0.0, 0.0, 0.0, 0.0, 0.0, 0.0, 0.0, 0.0, 0.0, 0.0, 0.0, 0.0, 0.0, 0.0, 0.0, 0.0, 0.0, 0.0, 0.0, 0.0]]
P2->P5
[[-2.6712102106020576e-05, -4.570922136271619e-16, 3.1074518884624734e-16, 1.9280346197440193e-05, 6.161826162970565e-16, -6.526316459542908e-16, 5.2335585461538664e-06, -4.297939583110702e-16, 3.330183630371995e-16, 1.0358460276516761e-06, -6.400240638830193e-16, 2.3148910908802616e-16, -4.1431675785935914e-07, -6.398031623352374e-17, 3.9651732563293463e-16, -7.550672761628348e-07, -8.345080604437904e-16, 4.673283466689067e-16, -6.30921065327372e-07, 6.75251814101369e-16, -2.8793084932904493e-16, -3.8788729332116915e-07, -2.782101605898186e-16, 1.201271767577385e-16, -1.972345964123435e-07, 2.777833408631979e-16, -8.108559219631736e-17, -5.6976585382421596e-08, -5.866276080630748e-16, 4.673017746446407e-16, -2.8090951807337954e-09, 7.415262672158827e-16, -5.251143284447452e-16, 2.8714347146978632e-08, -8.273834076454067e-16, 5.877672357612199e-16, 7.84543673517798e-09, 6.828296458202619e-16, -3.9054770925488934e-16, 1.597406404850071e-08, -5.729579375013752e-16, 2.742988950559584e-16, -1.0175878168593533e-08, 3.3942288405807106e-16, -2.39893071241159e-16]]
P4->W3
[[0.0, 0.0, 0.0, 0.0, 0.0, 0.0, 0.0, 0.0, 0.0, 0.0, 0.0, 0.0, 0.0, 0.0, 0.0, 0.0, 0.0, 0.0, 0.0, 0.0, 0.0, 0.0, 0.0, 0.0, 0.0, 0.0, 0.0, 0.0, 0.0, 0.0, 0.0, 0.0, 0.0, 0.0, 0.0, 0.0, 0.0, 0.0, 0.0, 0.0, 0.0, 0.0, 0.0, 0.0, 0.0]]
==============================
colrel_Factor
P3->P4
[[-0.25904351319522684, -1.4910112166798317e-13, 1.8018729137475886e-13, 0.3543807434734871, 2.88131656933848e-13, -3.841484612838726e-13, -0.055497415970233874, -4.0920641062235643e-13, 4.2535275984865034e-13, -0.07879033645215723, 9.11202904165637e-14, -1.232409801752606e-13, 0.02534764331351268, -9.504246254931932e-14, 7.702806181246409e-14, 0.03220540384980946, -1.130212111430591e-14, 9.538966821988754e-15, -0.012175144860076198, -4.0306295848159155e-14, 4.657821421419268e-14, -0.016335679816800265, 5.993176650238659e-14, -2.5182610704227468e-14, 0.006172659317229982, -7.136690632019796e-14, 5.577684052832796e-14, 0.009758119155240141, 1.0926459680203147e-13, -7.005177058030025e-14, -0.005628583277418176, -1.0018897605621758e-13, 7.748619600291019e-14, -0.002292409610083831, 1.0006370422414101e-13, -5.6169690384844115e-14, 8.083837845015277e-05, -6.444848700806586e-14, 4.926314179767323e-14, 0.004092081813100992, 4.613870561471336e-14, -4.025073289543498e-14, -0.002729533526385766, -3.0745589440128895e-15, -3.1863263552482448e-15]]
P3->P5
[[-0.0001705968776993077, 4.659410052124474e-14, -1.0626707697844802e-13, 0.00020036637233320902, 7.023952617493205e-14, 5.591311503762788e-14, -6.208731454944254e-05, -1.3136582185428447e-13, 3.944865068062516e-14, -1.7588153127090995e-05, 1.9469035266152807e-13, -7.17570721586339e-14, -1.2364463345555457e-05, -2.3360793222541545e-13, 9.916777208086909e-14, -2.2223336168587053e-06, 2.374305996896168e-13, -7.301624283270708e-14, -1.1729747428068753e-05, -2.500567881514722e-13, 1.7408762200239918e-13, -5.1760261122901765e-06, 1.7221562160955875e-13, -1.1673033528690961e-13, -3.4187804728420415e-06, -9.349715764947521e-14, 4.6531102856460064e-14, -5.278404818029943e-06, 6.84630924144287e-14, -3.636028509563983e-14, 2.535594506981462e-06, -2.4735613417514253e-14, 2.057972918430348e-14, -5.122940694925694e-06, 1.933348889829606e-14, -4.6866250468922204e-15, 3.4991764792195067e-06, -5.085645391637804e-14, 3.8366549896861644e-14, -4.575613327699476e-06, 2.4638621436975266e-14, -2.8024917349597592e-14, 5.089466263018446e-07, -5.122193205162255e-15, 7.852284859206854e-15]]
P1->P4
[[-0.052237066334387884, 2.3762991265834816e-13, -1.3495922379422903e-13, 0.07636048688521689, -4.699328161686791e-13, 2.7276317478065e-13, -0.02482795500862219, 4.523738104082144e-13, -2.669398640091408e-13, -0.0042034140170392675, -4.3639454211706784e-13, 2.4675688784313503e-13, 0.004399468036267418, 3.8701872673443883e-13, -2.2773844307109697e-13, 0.001094640698553723, -3.2486530894437775e-13, 1.9599886558175437e-13, -0.0010559267166829146, 3.171080991846729e-13, -1.7793183652232553e-13, -0.0002827850745353084, -2.432610955438467e-13, 1.4354586785359266e-13, 0.0003820065253631926, 1.830859962023731e-13, -1.0745020706237618e-13, 0.00016784994065120685, -1.3804517854287307e-13, 7.663969693924898e-14, -6.209086722869924e-05, 9.806291967885054e-14, -5.554120395238748e-14, -5.728981508129897e-06, -5.084559163522847e-14, 2.9243339314727584e-14, 1.828823227934666e-05, 3.1501372732557117e-14, -1.681457921312343e-14, -3.457642877249668e-05, -1.468627316232439e-14, 9.367962749524742e-15, -3.2444248502463754e-05, 2.697395314153516e-15, -8.156249142108742e-15]]
P4->P5
[[-0.0001831819789161067, 2.4228932271047265e-13, -1.232994036923121e-13, 0.00024249525871955196, -4.056272913437712e-13, 2.482121719657283e-13, -5.2635103297359585e-05, -5.181667146089107e-14, 2.0394077931121984e-13, -1.3643631146330573e-05, -3.123793669678007e-13, 1.4856816218629167e-13, -2.0085870411115264e-07, 9.65465444676128e-14, 3.625132187448764e-14, -1.2275944242497837e-06, -1.2633919588049776e-13, -2.3687367915619113e-14, 2.204567774439559e-06, 2.851620392014997e-13, -1.70934623032564e-13, 4.940666002718035e-07, -2.363976127067936e-13, 1.756169359272071e-13, -2.5801428367338986e-07, 2.0772949269625523e-13, -1.1093040687671055e-13, 4.056983499464156e-07, -1.9168257677301577e-13, 1.2722204131140323e-13, 3.047001286770174e-07, 1.0956026146340463e-13, -5.723495115729219e-14, 3.799145733560299e-07, -1.5731583806439514e-13, 1.2502858748666145e-13, 1.1483776868980892e-06, 1.6637908048815554e-13, -1.1145444470581294e-13, 4.17185847732758e-07, -1.087010400801632e-13, 8.246577336912036e-14, 2.0466616911689397e-06, 4.411838991567113e-14, -4.422232154849087e-14]]
P5->W3
[[5.37939420850965, -1.3395803899857863e-13, 9.605573909658057e-14, -4.0012426595341966, 2.7852489799352026e-13, -1.921547651597955e-13, -0.593614990992934, -2.4640414047372016e-13, 1.653323645277676e-13, -0.0985119944319462, 1.9119313802074138e-13, -1.1681837138618194e-13, -0.19491624536977792, -1.5068305302111034e-13, 6.516187181994136e-14, -0.15102500974067856, 1.7574847076867818e-13, -8.47651187668978e-14, 0.09088905627055302, -1.85256855890655e-13, 1.2688046481447019e-13, 0.07839371409602952, 1.5903181081367925e-13, -7.354807081669142e-14, -0.005005290573721795, -1.2371590718884786e-13, 6.62588459844669e-14, 0.018727348665390584, 1.0304970318733376e-13, -5.955395086007074e-14, 0.019812877418437933, -5.900373645249267e-14, 3.9331342591807376e-14, 0.012353416171717193, 3.1013748189267685e-14, -9.021446296951673e-15, -0.007776827793418672, -2.8023088133391535e-14, 2.0277856521482428e-14, 0.007127073195630412, 2.0999840295575304e-14, 8.193204325083556e-16, -0.002939281653155692, -9.880937123562923e-15, -5.8603281454271325e-15]]
P2->W3
[[0.06947810628422578, 1.6773876187648105e-13, -1.0204710981353486e-13, 0.151495727975231, -1.4733176918267302e-13, 4.075016124232115e-14, 0.11938219394958498, 1.386101520695594e-13, -1.0682167139121578e-13, 0.06446504167183656, 1.8215650566632488e-13, -1.7061092586193858e-13, 0.03736845965600668, -1.6955104661316184e-13, 1.4257033392229563e-13, 0.008607727048662231, 1.0085029450701223e-13, -9.986728882052702e-14, -0.021300121342256475, -1.7988408801863195e-14, 1.5921933438564356e-15, -0.02783755521529309, -4.9363488410694916e-14, -7.519651562332388e-15, -0.015197241281541126, 1.0336558193766096e-13, -7.849293542070362e-14, -0.006132354904457878, 1.0487805749829852e-14, -2.928853736476278e-14, 0.001743086672414969, -1.5714485537366085e-14, -2.3861163803901827e-14, 0.0011545921156003555, 1.5538109262009823e-13, -7.759297832528596e-14, 0.005427986511123913, -1.9577454703810623e-13, 1.1089609834531495e-13, 0.0007967601211806713, 1.4570288803206765e-13, -9.114455138052478e-14, 0.00295201576788632, -7.995139798275943e-14, 4.736722827729926e-14]]
P1->P2
[[0.014661622417135754, -1.3454046525509418e-13, 5.4644827495687146e-14, -0.02288000213597847, 2.7443922141810913e-13, -1.6532900158077519e-13, 0.0057135567948369435, -2.538993190978666e-13, 1.443406908706324e-13, 0.0034210888419226914, 2.376063469466451e-13, -1.3155964962862165e-13, -0.0007464497814410242, -2.097069066626417e-13, 1.1197709968976146e-13, -0.0016338154238969285, 1.89266523003401e-13, -1.1025210806293635e-13, -0.0006237032779533236, -1.6023526152283752e-13, 8.661604170387359e-14, 0.00041662934266388084, 1.2881782792566354e-13, -7.077561085289171e-14, 0.0005869690820227461, -1.1278279186729598e-13, 7.22657531725047e-14, 6.267931799735933e-05, 6.96378941656454e-14, -3.567091839246418e-14, -0.00023450190711231755, -6.673247157553963e-14, 4.437789353284614e-14, -0.00022650198597820817, 4.5314295565703996e-14, -3.6219107535983646e-14, 3.831543663019847e-05, -1.886187542593509e-14, 8.251880386357293e-15, 7.200076795636319e-05, 1.0314606966186166e-14, -4.5597697050461125e-15, 0.00010064555410727585, -1.3998228304673968e-14, 1.3431991731665734e-14]]
P1->P3
[[-0.0216908371149956, 3.14510178518402e-14, -1.7428502475487248e-14, 0.03176041976601257, 1.0850185686582027e-13, -7.235117356571039e-14, -0.01029418094916871, -6.74369875623443e-14, 3.3541925040601644e-14, -0.0017825717900984228, 6.015510150281863e-14, -3.8724708116418896e-14, 0.001686123261697215, -7.37836732946538e-14, 6.298522369543025e-14, 0.0005772220265357267, 2.6409336106281274e-14, -1.1988993845507716e-14, -0.0005594097644368157, -2.1345340229364815e-14, -1.1845988842386257e-15, -0.00017904347555268752, 3.809160311045968e-14, -1.2860419873578999e-14, 0.0001164799189921079, -1.1977963749223843e-14, 5.491180850219485e-15, 7.087979587651313e-05, -1.2279926169149467e-14, 1.4836998487624565e-14, -6.660464146379461e-05, 1.6219185763496122e-14, 6.218019752525474e-15, 1.784880321178197e-05, -3.917058642092907e-14, 1.4171628644279599e-14, -3.6319314614212573e-05, 5.643719213749044e-14, -3.139615263320514e-14, 3.1530005192926606e-05, -3.86424243970848e-14, 2.4687898037724433e-14, -1.085381901646646e-05, 1.2075052146796352e-14, -4.035049560849035e-15]]
P2->P3
[[-0.4478014917669993, 5.5912920625493684e-14, 1.5213550558058167e-13, 0.4602576611755933, -5.338314288858418e-13, 2.7951079855806127e-13, 0.053597067969999544, 4.637458276855317e-13, -1.4981160612968214e-13, -0.0010444616854531769, -6.009496105696462e-13, 3.6759007524912974e-13, -0.054455933142733205, 4.801283743644818e-13, -2.693668744476798e-13, -0.038769681610327865, -3.561117790660323e-13, 1.1647169064974663e-13, -0.00944788679424279, 4.187216959844329e-13, -2.5447812571136555e-13, 0.027109428823123245, -1.992098350599028e-13, 1.4053526822795416e-13, 0.03348185857031725, 2.148505152169776e-14, -1.8186036075996588e-14, 0.00039917161003974184, 9.987854338650425e-14, -7.93589657960067e-14, -0.009958266432283083, -2.0486973949447363e-13, 1.3531532634137017e-13, -0.02736052634142369, 2.0483726340280887e-13, -1.7592259714779015e-13, 0.003125026421524763, -1.8793412003233368e-13, 1.4595467212654292e-13, 0.0017393272870686572, 7.627316283140323e-14, -2.4543010093107236e-14, 0.02033292220107829, -3.9746921113816176e-14, 2.752526235256131e-14]]
P1->W3
[[0.4417415216872223, 1.6599148310693437e-13, -8.575269866061071e-14, 0.012950274614407967, -3.353197708170325e-13, 2.0096200016040478e-13, -0.10089026527692917, 3.12529010288048e-13, -1.7730857730261305e-13, -0.06300241433491333, -3.0491040606961025e-13, 1.7473729311673717e-13, -0.03514551284425411, 2.607217616598595e-13, -1.4934143022648788e-13, 0.007889770207030522, -2.271736765175188e-13, 1.2970512585030898e-13, 0.01475744496143982, 1.9085679844178666e-13, -1.1028635710940327e-13, 0.009746882434883083, -1.490403917744971e-13, 1.0091856399041931e-13, -0.0003721894946187581, 1.0644114229438323e-13, -6.286878059990231e-14, -0.01746367814585635, -6.708287651162436e-14, 3.645346297096825e-14, -0.0055411179528971595, 5.181771660090548e-14, -2.3457002581749156e-14, -0.01174594061180608, -3.280194913288855e-14, 2.576113102618571e-14, 0.009628501715448384, 3.94708315721452e-15, 4.607797816964805e-16, -0.000935870574194559, -9.250486949702485e-15, 1.4582925001293214e-14, 0.011956844656751538, -2.825549712330533e-16, -5.4513222968753125e-15]]
P2->P4
[[-0.4267649542995019, 2.6092696291897056e-13, 1.4224613092907665e-13, 0.37455353840556116, -1.3783144437045747e-12, 6.649275199859964e-13, 0.13561890937684223, 7.620579731221351e-13, -2.0354707418464637e-13, 0.018435362639394937, -8.443417308530738e-13, 5.07116725765134e-13, -0.0878005403807856, 4.3569474276033393e-13, -2.507817328697163e-13, -0.06220895941795391, -1.9670621968909487e-13, 6.662865265472555e-14, -0.0013242824446338295, 1.330805951593755e-13, -5.968985622362208e-14, 0.04439170182646867, -9.92078975967532e-14, 5.3885389120599094e-14, 0.04130269229252428, 2.617064322428015e-14, -1.0220433885045423e-13, -0.004559613531780549, 2.3591320528983116e-13, -1.0382504249754872e-13, -0.02083031889768957, -4.923738174139168e-13, 2.733009904810184e-13, -0.030357079048701312, 7.899101777207134e-13, -4.364685741818207e-13, 0.005775734867113232, -8.034585307849062e-13, 4.771783126688684e-13, 0.009793461776038346, 6.456213098956671e-13, -4.0478274228455366e-13, 0.021737037874156366, -3.3416219320239817e-13, 2.0069269944123863e-13]]
P3->W3
[[0.20198858472968648, -1.1648525130311183e-13, 1.640364922063224e-13, 0.35570764943035055, -8.371930738986643e-14, -1.3794835672058514e-14, 0.08752909634873443, 9.919959231419906e-14, -2.5447830385883937e-14, -0.05819725058012636, -1.0722368946884154e-13, 5.243726576558684e-14, -0.13494980829595565, 7.64301611406529e-14, -4.2536592976078893e-14, -0.08122428104367112, -1.1663965223711143e-13, 9.010062911033196e-14, -0.035153999033734326, 6.433488196154143e-14, -1.3040503202427241e-14, 0.016431105645032345, -3.069416910120163e-14, 1.5991353134710116e-14, 0.04177491428767292, 3.292371107931858e-14, -2.271015417634031e-14, 0.00881340931263726, 7.6751337697812e-15, -1.5621057011892387e-14, 0.013148444643729622, -4.213325672691494e-14, 3.651768166472856e-14, -0.029801301897426184, 5.437156928928912e-14, -2.774371197858969e-14, 0.00656688338964832, -8.34402143170621e-14, 6.577636290221726e-14, -0.018780026162026783, 6.923746499381202e-14, -5.004383672495467e-14, 0.020446701982409117, -2.9628102250933426e-14, 1.5978096478210555e-14]]
P1->P5
[[-0.00018378124526834556, 8.8528790990365e-14, -6.817072067654525e-14, -0.0005829464534060815, 3.096644499042344e-14, -3.8303405612719307e-14, -0.0006152623333884421, 5.788498063006642e-14, -7.221623115204093e-14, -0.00045189142270993157, 2.3769049899591436e-14, -1.0099118614115797e-14, -0.00042806235253263464, 5.772193198887454e-14, -5.970612765744706e-14, -0.000315368621680453, -4.6391000812489556e-14, 2.9702864404268896e-14, -0.00026635927476481797, 2.463264980416188e-14, -1.485095805050807e-14, -0.00019442954277001627, -1.2037601640939523e-14, 6.7977255602488234e-15, -0.0001228732632375082, -1.7049414981191254e-14, 2.5661204432874553e-14, -9.623978410940417e-05, 3.276982523185806e-14, -2.326881755884557e-14, -1.0832079509405692e-05, -4.157724992124397e-14, 2.939184922868305e-14, -3.4175983868107804e-05, 3.898711998945993e-14, -3.692401466301212e-14, 4.5190492474148985e-05, -2.5725084586596464e-14, 2.0138844307306994e-14, -5.240023237867194e-06, 6.017522233738929e-15, -5.690779025604188e-15, 4.758618569543518e-05, -1.2024763641323031e-14, 1.406015635508181e-14]]
P2->P5
[[0.00011707311326466949, 8.386938093824053e-14, -1.2930295964773714e-13, -0.0005978005844757664, -1.2506775753229682e-13, 3.026460236203051e-13, -0.0011033587174721824, 1.8258880724568862e-13, -3.465504148168817e-13, -0.0006895360806919649, 3.184202528690594e-13, -2.3040050679992824e-13, -3.3269100395053744e-05, -2.7711558349588736e-13, 2.4780992092534994e-13, -0.00021195792779896017, 1.4607758644839466e-13, -1.268480500700443e-13, -0.0004932987933851896, -1.4824772869617558e-13, 1.6912348863992845e-13, -0.00042710260666843625, 1.0944301898142493e-13, -9.16288251095191e-14, -0.0001680274804401751, -3.638041981595105e-14, 2.844081866305851e-14, -3.3618427080902126e-05, -6.506024514784209e-14, 1.0031000304726825e-13, -0.0001355215561608016, 1.145424123696925e-13, -1.8421396503787544e-13, -0.00012950817894224288, -1.142786076145683e-13, 1.4564948523279162e-13, -0.000131067367853811, 5.71872677636725e-14, -6.276481698556703e-15, -6.516764429003671e-06, -4.414607442977324e-14, -5.979085009698684e-15, -2.740063558802093e-05, 6.056541274014755e-14, -4.9506546614121164e-14]]
P4->W3
[[0.18349140520657684, -4.3332513484757605e-13, 2.693372241247966e-13, 0.28718067475726305, 1.0302975712446561e-12, -6.280324256618535e-13, 0.09524064290937524, -1.0420597793650002e-12, 6.325734542555162e-13, -0.024434798463734864, 8.390956849056036e-13, -4.551255058095608e-13, -0.06595649053626021, -7.070987598682153e-13, 3.716400512369881e-13, -0.04840628140291378, 6.510977425754244e-13, -4.0633393980786975e-13, -0.03409422140012512, -5.225101399666167e-13, 3.0202227866964695e-13, -0.021949288995381417, 5.148384021750863e-13, -2.613135316340577e-13, -0.011594768443695516, -4.595635358361842e-13, 2.768590073407452e-13, -0.007184748727913013, 3.347920570077526e-13, -1.5862775795317694e-13, 0.00683837756212871, -2.5921109000973927e-13, 1.5739174382134793e-13, 0.0059254659181916655, 1.643407191359606e-13, -7.656337120428515e-14, 0.01433986533671327, -5.219095937587449e-14, 1.6673717023348705e-14, 0.004781542191420866, 7.060540883695586e-15, -1.9380149058358478e-14, 0.007693298886275136, -2.922863457690431e-15, 9.453111561912667e-15]]
==============================
W1a_Energy_1
P3->P4
[[0.0, 0.0, 0.0, 0.0, 0.0, 0.0, 0.0, 0.0, 0.0, 0.0, 0.0, 0.0, 0.0, 0.0, 0.0, 0.0, 0.0, 0.0, 0.0, 0.0, 0.0, 0.0, 0.0, 0.0, 0.0, 0.0, 0.0, 0.0, 0.0, 0.0, 0.0, 0.0, 0.0, 0.0, 0.0, 0.0, 0.0, 0.0, 0.0, 0.0, 0.0, 0.0, 0.0, 0.0, 0.0]]
P3->P5
[[0.0, 0.0, 0.0, 0.0, 0.0, 0.0, 0.0, 0.0, 0.0, 0.0, 0.0, 0.0, 0.0, 0.0, 0.0, 0.0, 0.0, 0.0, 0.0, 0.0, 0.0, 0.0, 0.0, 0.0, 0.0, 0.0, 0.0, 0.0, 0.0, 0.0, 0.0, 0.0, 0.0, 0.0, 0.0, 0.0, 0.0, 0.0, 0.0, 0.0, 0.0, 0.0, 0.0, 0.0, 0.0]]
P1->P4
[[0.0, 0.0, 0.0, 0.0, 0.0, 0.0, 0.0, 0.0, 0.0, 0.0, 0.0, 0.0, 0.0, 0.0, 0.0, 0.0, 0.0, 0.0, 0.0, 0.0, 0.0, 0.0, 0.0, 0.0, 0.0, 0.0, 0.0, 0.0, 0.0, 0.0, 0.0, 0.0, 0.0, 0.0, 0.0, 0.0, 0.0, 0.0, 0.0, 0.0, 0.0, 0.0, 0.0, 0.0, 0.0]]
P4->P5
[[0.0, 0.0, 0.0, 0.0, 0.0, 0.0, 0.0, 0.0, 0.0, 0.0, 0.0, 0.0, 0.0, 0.0, 0.0, 0.0, 0.0, 0.0, 0.0, 0.0, 0.0, 0.0, 0.0, 0.0, 0.0, 0.0, 0.0, 0.0, 0.0, 0.0, 0.0, 0.0, 0.0, 0.0, 0.0, 0.0, 0.0, 0.0, 0.0, 0.0, 0.0, 0.0, 0.0, 0.0, 0.0]]
P5->W3
[[-1.2702223184614171e-08, -4.824862254953376e-16, 3.3429084357816825e-16, 2.8036544561874893e-08, 8.386555311307491e-16, -5.421367323495348e-16, -3.261397555795e-08, -8.930068235938754e-16, 5.735843129502367e-16, 3.5667846988499496e-08, 6.144338871391812e-16, -4.0305460411962075e-16, -3.419586405616167e-08, -5.21799574383001e-16, 2.742468126360878e-16, 2.6592082506552947e-08, 5.50883229093781e-16, -3.271593779023602e-16, -1.4340146647846565e-08, -4.507822802332699e-16, 2.949576534541123e-16, 4.556248574528375e-10, 4.113030210103973e-16, -2.2208850946069815e-16, 1.5244579616723693e-08, -2.998262819986871e-16, 1.458847605893432e-16, -2.882256176738822e-08, 1.6000684298921072e-16, -8.62080326325824e-17, 3.7760112904939294e-08, 9.012105044050324e-19, 2.0335233313498402e-17, -3.987560600109914e-08, -7.962427011849034e-17, 8.322797511988233e-17, 3.3107195185706666e-08, 1.4166924188499842e-16, -8.816001377875421e-17, -2.0662472302010496e-08, -1.21667037540745e-16, 7.31508072802472e-17, 9.02052991368736e-09, 7.497960268164496e-17, -7.5727193949822e-17]]
P2->W3
[[5.5515543501441795e-06, 1.0665484984633779e-15, -8.435958943981144e-16, 2.259867898838671e-05, -1.2454291403051807e-15, 6.502395512954473e-16, -2.657575495897888e-05, 1.3524546796410571e-15, -8.968794338851804e-16, -3.344371944860211e-05, -8.123468158296213e-16, 3.8526930833731676e-16, -5.439987172248738e-05, 6.354743595621773e-16, -3.1742038217862124e-16, -2.0093848307321655e-05, -6.764213415133855e-16, 4.511335844740553e-16, 1.0454232887246905e-05, 9.084026215513919e-16, -6.08250500450471e-16, 3.3752735493600734e-05, -8.0317429857061225e-16, 3.0563642495468386e-16, 2.8450654656443706e-05, 7.681103942326369e-16, -3.917024962488832e-16, -8.744179735518028e-06, -5.642984560504849e-16, 2.430970807486564e-16, -1.7119199504074597e-05, 6.440741637244463e-16, -2.99243709227737e-16, -2.8205407950925545e-05, -4.450574677456975e-16, 2.1323393228311546e-16, 5.243675830009578e-06, 4.733130270067012e-16, -3.5693426032296354e-16, 5.160996804245079e-06, -3.580005424088519e-16, 2.0058832380821086e-16, 1.9448880724095e-05, 1.8192072848371682e-16, -1.0893179274932398e-16]]
P1->P2
[[-3.6024815000247566e-05, -5.634296383251476e-17, 6.384172352859444e-18, 5.1967873137780867e-05, 1.7746204844605022e-16, -1.322783399326326e-16, -1.1548374323231108e-05, -1.7735206350038302e-16, 1.1356865237317893e-16, -9.8821532849704e-06, 9.267301953823138e-17, -6.30768135501767e-17, 2.9780990109250696e-06, -9.244325201357643e-17, 4.161769513579825e-17, 3.850853268120331e-06, 8.353644425303748e-17, -4.2987978452959274e-17, -3.267001390108851e-07, -9.346168296017852e-17, 6.721105951482882e-17, -2.74237194191449e-06, 7.116389299722485e-17, -4.719913997639746e-17, -4.4124798926466134e-07, -6.081368170822678e-17, 2.7843143377687686e-17, 2.74128193778252e-06, 4.419580794630874e-17, -2.270949428609162e-17, -6.935224601165005e-07, -3.7767377204438945e-17, 4.45806639231248e-17, -1.3889390055355274e-06, 5.2524642331564444e-17, -2.803612209257829e-17, -2.138472722708968e-06, -9.689339486122468e-18, -9.552301224285408e-18, 2.4947719237683204e-06, 3.562353295239636e-18, -1.0817882820654224e-17, 7.11300969404184e-07, -1.028668615602399e-17, 4.912501985244171e-18]]
P1->P3
[[0.0, 0.0, 0.0, 0.0, 0.0, 0.0, 0.0, 0.0, 0.0, 0.0, 0.0, 0.0, 0.0, 0.0, 0.0, 0.0, 0.0, 0.0, 0.0, 0.0, 0.0, 0.0, 0.0, 0.0, 0.0, 0.0, 0.0, 0.0, 0.0, 0.0, 0.0, 0.0, 0.0, 0.0, 0.0, 0.0, 0.0, 0.0, 0.0, 0.0, 0.0, 0.0, 0.0, 0.0, 0.0]]
P2->P3
[[-2.965867725424836e-06, 1.1935185578042561e-15, 1.4776533484066014e-16, -1.316394359616507e-05, -4.996541161330082e-15, 2.6500050425413635e-15, 2.6760912137372016e-05, 4.3981363632371475e-15, -2.1711286380620106e-15, -8.139440059374763e-07, -5.111999507142781e-15, 3.1414297764593322e-15, -9.14368310497653e-06, 4.267323502748377e-15, -2.6597087647864074e-15, -1.7799585139356446e-05, -3.3272301835024764e-15, 1.935081462044995e-15, 8.0388361643012e-06, 2.6211264394797596e-15, -1.4924733874426829e-15, 1.7537943149496688e-05, -1.7058512762541787e-15, 9.854389682329018e-16, 1.4817559895747515e-06, 1.131468156397077e-15, -6.571590272144886e-16, -8.321104977856009e-06, -5.105223490369332e-16, 2.5627030177658133e-16, -1.8121314655483948e-05, -1.1398217388826462e-16, 1.6100439315844645e-16, 1.0104937313255173e-05, 3.017239723539552e-16, -1.7928087372043795e-16, 4.5814744894084005e-06, -2.6400328029553136e-16, 2.0569340883442638e-16, 9.004862778542522e-06, 1.1762833409889593e-16, -1.2686174789357973e-16, -1.1876313816433444e-05, -9.483975164347587e-17, 2.6922584266319565e-17]]
P1->W3
[[0.0, 0.0, 0.0, 0.0, 0.0, 0.0, 0.0, 0.0, 0.0, 0.0, 0.0, 0.0, 0.0, 0.0, 0.0, 0.0, 0.0, 0.0, 0.0, 0.0, 0.0, 0.0, 0.0, 0.0, 0.0, 0.0, 0.0, 0.0, 0.0, 0.0, 0.0, 0.0, 0.0, 0.0, 0.0, 0.0, 0.0, 0.0, 0.0, 0.0, 0.0, 0.0, 0.0, 0.0, 0.0]]
P2->P4
[[5.851554588098233e-06, -1.1173365221997291e-15, 9.863876292486154e-16, -4.786252546906364e-05, 2.1635363108884415e-15, -1.8624929673456186e-15, 6.553020958611678e-05, -2.2746862145861294e-15, 2.0512825146903816e-15, 3.940827915630647e-06, 1.3422367968412758e-15, -8.768452962780583e-16, -2.1263552663833788e-05, -1.3453456898197171e-15, 8.161043515346846e-16, -5.2173238756237345e-05, 1.4142392600772319e-15, -7.83844458758165e-16, 2.1552705741743003e-05, -1.5741028528781464e-15, 9.278792756262595e-16, 5.0743630309798027e-05, 1.3645576103342097e-15, -6.151245426968998e-16, 4.4026450752203846e-06, -1.1830317703151086e-15, 4.514155516284817e-16, -2.4159108377101527e-05, 1.1703435735766032e-15, -5.659311952262042e-16, -4.9574649655918366e-05, -1.0306553670437543e-15, 5.988013039558081e-16, 2.869479685155729e-05, 7.956352222518751e-16, -3.6642501292065774e-16, 1.3043701599108436e-05, -4.172147130251969e-16, 1.915452148972403e-16, 2.502157326087184e-05, 2.3557313359654893e-16, -6.554097316402124e-17, -3.198042407668675e-05, 1.0554978422334242e-17, -5.219976030504886e-17]]
P3->W3
[[0.0, 0.0, 0.0, 0.0, 0.0, 0.0, 0.0, 0.0, 0.0, 0.0, 0.0, 0.0, 0.0, 0.0, 0.0, 0.0, 0.0, 0.0, 0.0, 0.0, 0.0, 0.0, 0.0, 0.0, 0.0, 0.0, 0.0, 0.0, 0.0, 0.0, 0.0, 0.0, 0.0, 0.0, 0.0, 0.0, 0.0, 0.0, 0.0, 0.0, 0.0, 0.0, 0.0, 0.0, 0.0]]
P1->P5
[[0.0, 0.0, 0.0, 0.0, 0.0, 0.0, 0.0, 0.0, 0.0, 0.0, 0.0, 0.0, 0.0, 0.0, 0.0, 0.0, 0.0, 0.0, 0.0, 0.0, 0.0, 0.0, 0.0, 0.0, 0.0, 0.0, 0.0, 0.0, 0.0, 0.0, 0.0, 0.0, 0.0, 0.0, 0.0, 0.0, 0.0, 0.0, 0.0, 0.0, 0.0, 0.0, 0.0, 0.0, 0.0]]
P2->P5
[[1.7481430073825202e-07, -1.3966706527496614e-15, 6.571771694048491e-16, -1.0490999200335653e-06, 1.915898144457182e-15, -1.277824500276513e-15, 2.8905670532093664e-07, -2.7062254245426084e-15, 1.8073915353267482e-15, -8.902480484274293e-07, 1.0289279845908497e-15, -7.054308291087146e-16, 2.1549420344042176e-08, -8.40924314875305e-16, 4.936065826286329e-16, -6.893554037790461e-07, 1.0064335151158153e-15, -7.04311073390973e-16, -3.051113701491788e-07, -4.645322591909841e-16, 4.951470644075717e-16, -3.493725457535301e-07, 3.278788935031573e-16, -9.82496354082657e-17, -5.81966301759648e-07, 2.1551911643975971e-16, -5.3695982820469324e-17, -5.550557205089101e-08, -9.63684764989728e-16, 7.695538335883577e-16, -8.266701443566291e-07, 1.5283819180159843e-15, -1.0507085287599345e-15, 5.429635757011202e-08, -1.570268108707494e-15, 8.262771190897487e-16, -9.391703534124699e-07, 1.362913684052841e-15, -8.142842477417452e-16, 5.0032898114691665e-08, -1.0717789582292112e-15, 6.747372217160513e-16, -7.693717673042278e-07, 6.324912962212887e-16, -3.5216141204663886e-16]]
P4->W3
[[0.0, 0.0, 0.0, 0.0, 0.0, 0.0, 0.0, 0.0, 0.0, 0.0, 0.0, 0.0, 0.0, 0.0, 0.0, 0.0, 0.0, 0.0, 0.0, 0.0, 0.0, 0.0, 0.0, 0.0, 0.0, 0.0, 0.0, 0.0, 0.0, 0.0, 0.0, 0.0, 0.0, 0.0, 0.0, 0.0, 0.0, 0.0, 0.0, 0.0, 0.0, 0.0, 0.0, 0.0, 0.0]]
==============================
colrel_Power
P3->P4
[[0.06199350118080815, -2.0872192862952943e-13, 2.25779299189192e-13, -0.11256520458310604, 3.027825786206708e-13, -2.5519987714444296e-13, 0.07448046799622743, -3.379923646451084e-13, 2.90738340068683e-13, -0.020659380530987925, 1.1872650155890862e-13, -1.1729742023432892e-13, -0.013029222477439484, -1.060899242993641e-13, 1.177873623886218e-13, 0.009737679081361084, 5.961511932144924e-14, -7.243509970598165e-14, 0.0050688987305901045, -1.400832603579994e-13, 1.0983239836232802e-13, -0.00533017828713853, 1.6280801865382264e-13, -9.393879839566752e-14, -0.0024704862763486046, -1.454588027033855e-13, 7.040523237916401e-14, 0.0034380721997722373, 1.722762925607678e-13, -1.0105418844894376e-13, 0.00045519315043688127, -9.872336549457469e-14, 5.032526636643969e-14, -0.0009587470041972843, 2.080215387619814e-14, 3.159159088011355e-15, -0.0012594431086262988, 3.0064010928850165e-14, -1.905018326710446e-14, 0.0015716456423197104, -4.214186697468416e-14, 9.949037114594903e-15, -0.00020267782551303733, 5.970007151380931e-14, -3.93173981118989e-14]]
P3->P5
[[1.3907092792919684e-05, -1.9095836023552692e-13, 9.945001484704882e-14, -0.00010666998338848543, 9.113379687926963e-14, 4.960035629530981e-14, 2.043060411308084e-05, -2.1585821268212052e-13, 1.3893250387092102e-13, -4.26542658554796e-05, 1.7216350475622758e-13, -1.2062754670887045e-13, -2.3370546508166834e-05, -1.5999855787224254e-13, 1.1755123418860193e-13, -2.209633684309431e-05, 3.079872018026833e-13, -1.9241820116840733e-13, -1.779505335936654e-05, -1.985977484518014e-13, 1.3034894747391412e-13, -1.1587939908654782e-05, 1.4161274362704976e-13, -9.12965169394934e-14, -1.275541465583542e-05, -9.906367208837814e-14, 4.252137289066493e-14, -4.759369023293707e-06, 2.5195053803083395e-14, 1.043531345697052e-14, -7.380922320745359e-06, 1.0226334472929346e-14, -2.3296191097833113e-14, 8.952372764110816e-08, -6.19116314750413e-14, 7.456093336365686e-14, -4.447218601109633e-06, 8.20839179774227e-14, -6.601318883378973e-14, 1.2465637031268281e-07, -1.0354181229232453e-13, 8.225148679542497e-14, -4.83859092274182e-06, 5.069654642458931e-14, -2.820635753077792e-14]]
P1->P4
[[0.013136848375658872, 4.2396641752873165e-14, -3.414474454237559e-14, -0.02499675299933002, -9.503126969554623e-14, 6.404958240169872e-14, 0.016471143273256716, 8.551087520342226e-14, -5.520845523281463e-14, -0.00600352672468718, -7.029063634427494e-14, 3.7094422021515615e-14, -0.0010286697911904286, 6.072275937494953e-14, -4.206068109115174e-14, 0.0013111016637076811, -4.936013190898786e-14, 2.713252029854479e-14, 0.000323817445166269, 5.758561280778113e-14, -2.2849156556442817e-14, -0.00021626875369690213, -4.4893413671302615e-14, 3.2405546930453755e-14, 3.464229197849833e-05, 3.8240930508624486e-14, -2.512487879883615e-14, 0.00023776460790736823, -2.158133215031753e-14, 1.470752716707155e-14, 5.657386429369464e-05, 2.3873129293414518e-14, -1.2531211819593261e-14, 4.755375755270165e-05, -1.0394486471373273e-14, 1.0636630364177146e-14, -7.128754591570778e-05, 7.584346828547952e-15, -5.566899913103997e-15, 1.7117524379658272e-05, -9.547404066751155e-15, 1.0157387766097208e-14, -7.599133109361484e-05, 1.2324462434004634e-14, -1.6794454800467794e-14]]
P4->P5
[[3.334729733239783e-05, -5.506706202140776e-13, 3.1530747752583054e-13, -7.504239832201165e-05, 9.806025948136034e-13, -5.820485373169222e-13, 5.400303752789437e-05, -1.2082830418920571e-12, 8.212109366453098e-13, -1.2965021506383678e-05, 4.928137515326061e-13, -2.286695535191303e-13, -8.149599275281139e-06, -5.176082117987851e-13, 3.12491329952601e-13, -1.843604825052525e-07, 4.335615446746444e-13, -3.674539137162314e-13, -2.2657172076001597e-08, -2.581278129500287e-13, 1.8180952999644385e-13, 8.082351789229225e-07, 2.458726829167686e-13, -1.5835032436511307e-13, 3.328193365174925e-07, -9.517831277479507e-14, 4.6724710627574134e-14, -1.080131777205992e-06, 6.3899791544751676e-15, -1.0948657373743013e-14, 8.145573866184374e-07, 1.2974721366573453e-13, -6.41502418994932e-14, -2.1318168296727454e-07, -3.205691048824398e-13, 2.4064815424400127e-13, 2.322741543258353e-06, 3.6617303492320035e-13, -2.2536165144571585e-13, 4.5833185468823466e-07, -2.7503139513098665e-13, 1.8345243826543152e-13, 1.8073031759897299e-06, 1.7640058114911963e-13, -1.3447281556752583e-13]]
P5->W3
[[0.27148770713139925, 5.440092820663267e-14, -1.5530346343182324e-14, 3.1958941844574618, -4.697198094510092e-14, -2.0815868370964623e-14, -1.2812885228407846, 7.394059711239841e-14, -1.438888634751845e-14, -0.6257664001478219, -1.3751857411021785e-13, 7.969689539588847e-14, -0.31942334865141864, 1.5498627923151856e-13, -1.0479971546876278e-13, -0.17492118988196914, -1.038283512407165e-13, 5.258920821920622e-14, -0.04232404158226122, 8.772198723805176e-14, -2.884924061001449e-14, 0.04029623116218097, -7.522031116874397e-14, 5.850846848507032e-14, 0.0659619686131258, 7.140116179007824e-14, -3.999664272199058e-14, 0.02623313511559082, -9.626336765816926e-14, 7.033830853612341e-14, 0.022520766877303436, 1.0285061502662471e-13, -5.378194057296456e-14, 0.03692987650870963, -1.1997686189907625e-13, 7.419297373729198e-14, -0.01353920637476004, 1.0791250929976202e-13, -6.62649000848181e-14, 0.020985461248085764, -7.363079644857318e-14, 4.7896197348604323e-14, -0.013061149988238862, 3.7268977734599376e-14, -2.4656365708787466e-14]]
P2->W3
[[0.14497773627425659, 2.575717417130363e-13, -8.187647277264535e-14, 0.28211770187709817, -4.4207190088750067e-13, 7.903287859156589e-14, 0.22304933777172686, 4.0174151533637074e-13, -1.4570270652295094e-13, 0.16808561591720256, -4.55245047522264e-13, 2.1748422581985593e-13, 0.08792442621394059, 3.8999285554829686e-13, -1.7754161054325962e-13, 0.03585328076231353, -4.0861320333253574e-13, 2.1686865681868114e-13, -0.009060068130203602, 3.854956289418249e-13, -2.481726229978382e-13, -0.02785380772574078, -3.2009994330880455e-13, 1.4587729811971995e-13, -0.024515613174718454, 3.100728208457627e-13, -1.895893330330798e-13, -0.017011448371158436, -2.280330959082237e-13, 1.352965354092364e-13, -0.0005682202317000562, 2.527000719907098e-13, -1.8245722343841952e-13, -0.0011903981537315922, -1.85478855109772e-13, 1.0415026299818639e-13, 0.008603332830494017, 1.6459584730805568e-13, -1.1226176996852921e-13, 0.0012475909651805256, -1.2396486927204257e-13, 7.777452198214143e-14, 0.006546718473062069, 7.527464891281862e-14, -2.340746357647705e-14]]
P1->P2
[[-0.004603688716819931, -2.1566082253343666e-13, 1.1363996561608649e-13, 0.005570336417635435, 3.9329267885515084e-13, -2.3023658412942917e-13, -0.0049935864183692225, -3.9179111431164063e-13, 2.2759874498144226e-13, 0.0018146951365427544, 3.5114818308682007e-13, -2.0524761161421159e-13, 0.0005969346184574176, -3.205828783878159e-13, 1.836172251440234e-13, -0.0009321740032319087, 2.950580839906296e-13, -1.705848784318441e-13, -0.0009043302903889543, -2.6058080391189413e-13, 1.5167292342090592e-13, -9.383794064167245e-05, 1.9988613793908855e-13, -1.1599048936249953e-13, 0.000349782064520375, -1.7263734501991042e-13, 9.919741360038202e-14, 0.00016215307814364255, 1.291195482401297e-13, -6.636876352052442e-14, -5.236292111971373e-05, -9.455858751316409e-14, 6.052602223560816e-14, -0.0002318118347736372, 7.552198046280136e-14, -4.4592574105718664e-14, -2.5827370847625796e-05, -4.771494777116394e-14, 1.7412091299246982e-14, 4.559107407180922e-06, 2.0189172626928636e-14, -1.0675568331740593e-14, 0.0001085051465702806, -1.0998515204421372e-14, 8.595232983164314e-15]]
P1->P3
[[0.005610905056769866, -1.4710455076283324e-13, 7.664813369908063e-14, -0.010597477540656985, 3.98542505139264e-13, -2.421167242933821e-13, 0.007001606808838545, -3.78979179535901e-13, 2.2279775388355715e-13, -0.002644624965243425, 3.322862917960645e-13, -1.9207037680063585e-13, -0.0004648036010064527, -3.15987193241153e-13, 1.9773142901619664e-13, 0.00043940440880047005, 2.531161413783647e-13, -1.4264116414489043e-13, 6.715758823543083e-05, -2.275534599067849e-13, 1.1721106815092471e-13, -0.000217505126162941, 1.7803935303756296e-13, -1.0982448006854976e-13, -6.75929329121798e-05, -1.3400296179061392e-13, 7.232787332554647e-14, 2.718976884547508e-05, 8.060823155935166e-14, -4.126196244223341e-14, 2.3294892601607303e-06, -5.121479034334133e-14, 3.05979934679476e-14, -2.303733841241295e-05, 5.120181163016705e-15, -1.4507858007378027e-14, -1.445767543770387e-05, 2.3239812037356486e-14, -1.3396623393033914e-14, 2.1154875072136505e-07, -3.082415140616597e-14, 2.0615388834948433e-14, -4.877588656705223e-06, 1.9874262077792768e-14, -7.065268827897433e-15]]
P2->P3
[[0.034028686077931525, 8.881784197001252e-14, 1.6970846784523389e-13, -0.16027650634221402, -4.74005437169804e-13, 1.9017338492824193e-14, 0.14599938884241825, 5.616365615714958e-13, -1.6134748100184786e-13, 0.04272184737448281, -8.259920337914815e-13, 4.790296920916171e-13, -0.043030414612347245, 6.808526256491768e-13, -3.6417099488511477e-13, -0.035880671881584406, -6.994055651195932e-13, 4.037538243934566e-13, -0.016954293657827635, 5.89647844456312e-13, -3.429460086676892e-13, 0.01563936146564887, -4.4586509095104294e-13, 2.3901288477763673e-13, 0.030130819201753083, 3.657720493688568e-13, -2.0547559855343068e-13, 0.002379857609612762, -2.50022933849743e-13, 1.4475889153307177e-13, -0.0004014497382617832, 1.3358051182186873e-13, -6.084572120823534e-14, -0.027474407585927965, -6.10871971164825e-14, 5.1337097637821795e-14, 0.003578272859032939, 3.431082060325511e-14, -1.615832567941781e-15, -0.005008773694588076, -2.7576210831085883e-14, -7.821830252499378e-15, 0.01916175952397535, 2.7461808663422877e-14, -1.8077244938563687e-14]]
P1->W3
[[0.20031574415719788, 5.218048215738236e-14, -1.0216213034540614e-14, 0.463862383222442, -1.817546213319907e-13, 1.0860727251349404e-13, 0.037018274701811245, 1.4434576086305444e-13, -6.805354317327318e-14, -0.03789324053006554, -1.7018119427782814e-13, 9.548100380925409e-14, -0.05198193981822835, 1.3061711350175796e-13, -6.442576177261361e-14, -0.00464537501732698, -1.1330718474771143e-13, 6.029737943608424e-14, 0.00624416258347877, 1.0719158562797626e-13, -6.447516538960059e-14, 0.007582030970540582, -9.481627180551636e-14, 6.675677544435236e-14, 0.0017226036372970654, 6.783545767511023e-14, -4.4116879785234315e-14, -0.020550138516405164, -4.1090831337407346e-14, 2.2104840846696105e-14, -0.004634557761517754, 3.613354566733592e-14, -2.107356333770722e-14, -0.018525289578456873, 7.890019835976385e-15, 1.9788263045461373e-15, 0.012567011427045078, -3.1082256908493153e-14, 2.086555296418094e-14, -0.003491864203022145, 1.6671153782048682e-14, -9.619997671605436e-16, 0.017597948193853966, -2.1142439459140834e-14, 6.4974222648352584e-15]]
P2->P4
[[0.009595219143463396, 2.3092638912203256e-13, 2.8690640453143123e-14, -0.14314226185504708, -8.041349886061659e-13, 3.305295877282407e-13, 0.1488294110079555, 6.361934493351543e-13, -2.6965345193404444e-13, 0.06373596029457196, -5.641729719262206e-13, 3.318966616915352e-13, -0.049658530839444825, 5.527391771920706e-13, -3.4702279705580487e-13, -0.054374993742723615, -1.8035429360303131e-13, 8.154658610681255e-14, -0.019071982200960513, 1.955707259422724e-13, -8.727252506527695e-14, 0.026801114236835455, -1.9769324152790363e-13, 1.5803377365133115e-13, 0.03797499945740607, 1.615811881747864e-13, -1.6545394872461227e-13, 0.0019662844341122865, 9.841706988205735e-15, 2.472832370192672e-14, -0.00857990126326813, -1.7790971792355313e-13, 8.692087292315298e-14, -0.03055730146114745, 3.839444832794077e-13, -2.0527404989991678e-13, 0.003807170695336818, -4.3239824855978925e-13, 2.467587360726751e-13, 0.001042195946496724, 3.172748775367368e-13, -1.6893580443565068e-13, 0.021311004614494138, -1.7365964390098256e-13, 8.078091764461085e-14]]
P3->W3
[[0.2966374408261174, -1.9539925233402755e-13, 1.7444385939311322e-13, 0.5462663074701446, 1.853371057530152e-13, -1.5350031487552691e-13, 0.24337138503209843, -1.8534809295875696e-13, 1.7111472702344619e-13, 0.050113653055446905, -1.2798464173742744e-14, 2.271637647259604e-14, -0.12605714975443938, 7.683982205193426e-15, -1.0279567995179981e-14, -0.1075910489102988, -5.579476601403629e-14, 6.86824562329209e-14, -0.06888805742557737, -4.348823074881194e-15, 1.145555363505236e-14, -0.00517982222257074, 2.138555158878119e-14, 2.4999720848677963e-15, 0.036750761708720936, -3.3182392679181505e-14, 2.1528043410650165e-14, 0.012269215849110698, 1.6442274008129645e-14, -2.132727822548239e-15, 0.024949680099594328, -2.3771904377773807e-14, 1.9872512957909118e-14, -0.02771032418185642, -1.9311563069224322e-14, 1.124543952100186e-14, 0.01133687535245714, 1.420107878487938e-14, -3.4531189956865533e-15, -0.021610164338458106, -1.759021203471892e-14, 1.3954105168339654e-14, 0.024169319922466778, 1.694749879854154e-14, -1.5298594826855178e-14]]
P1->P5
[[-0.0006607882618858696, 1.509903313490213e-13, -8.423735076218838e-14, -0.001126085769080909, -2.0308585362221199e-13, 8.199849302342802e-14, -0.001285152180980631, 2.1885896366728154e-13, -1.2426903163781922e-13, -0.001055435211458483, -1.7818125438669635e-13, 9.648701374454972e-14, -0.0009905812128124108, 1.8891502918253231e-13, -1.2316508733282383e-13, -0.0007539241043090766, -1.4227181963752966e-13, 7.169927352665139e-14, -0.0006333955542874373, 1.4585799452499477e-13, -9.17666756347985e-14, -0.00047493076243706675, -1.5537860413075852e-13, 9.189664466437247e-14, -0.00031200829865511703, 1.2574753648264462e-13, -6.915522238577374e-14, -0.0002509599964542952, -8.217274936266827e-14, 3.9624961142676143e-14, -7.034354036749083e-05, 4.381279893414113e-14, -3.0534344689301835e-14, -9.329251317343216e-05, 2.128037241734228e-15, -2.0805875513220422e-14, 6.192346801192159e-05, -2.6992294542419374e-14, 2.502597244274815e-14, -1.980218075519934e-05, 3.472565439953183e-14, -2.4120685450521374e-14, 8.197581766135282e-05, -3.2987005074127426e-14, 2.8350565355533968e-14]]
P2->P5
[[-0.0005141876247449773, -3.907985046680551e-13, 1.4471942586354875e-13, -0.0013672483177984418, 2.488764407274698e-13, -3.3535247778515555e-14, -0.0013118859943013483, -2.890294279058834e-13, 7.126308876183357e-14, -0.0013778548397733875, 9.345220835478831e-14, -5.35650070111486e-14, -0.0009075354839393687, -1.285912328299535e-13, 1.2323920427035102e-13, -0.0008437187972643728, -5.0859126042395446e-14, 7.862888853889383e-14, -0.0007633484504504517, -9.341854475773998e-15, 4.475539697864625e-14, -0.0007150714401984656, -1.0861748456686249e-13, 3.558305417966738e-14, -0.0005824660062994647, 1.966070810041045e-13, -1.052782548168445e-13, -0.0003107014106881398, -3.464483057159678e-13, 2.086395168974586e-13, -0.00036661465360727716, 4.4948983271799556e-13, -3.1527142054033706e-13, -0.0001795121069890493, -3.8859890119074795e-13, 2.5701027990011176e-13, -0.0003059625985870349, 3.1788737940291965e-13, -2.3135878322520914e-13, -6.19596654214869e-05, -2.338477309937938e-13, 1.7442865615493805e-13, -0.0001551500004863841, 1.224397843948847e-13, -9.592559309036636e-14]]
P4->W3
[[0.2643754882936378, 5.995204332975845e-13, -3.2778823003143795e-13, 0.47171481592142683, -1.1548291647889384e-12, 7.108068439202586e-13, 0.25176290295831016, 1.0348081007439127e-12, -6.215862495542597e-13, 0.08289920373425186, -9.51213204136962e-13, 5.534271540568692e-13, -0.0469473285804245, 7.549006890537268e-13, -4.0963200042654296e-13, -0.06673099274813299, -7.670310845761067e-13, 4.617428156799752e-13, -0.06642705295819507, 5.664627534316069e-13, -3.2546330717528027e-13, -0.04671642199901481, -3.8173923486008964e-13, 2.183215375056883e-13, -0.023362969466587113, 2.5403382488202934e-13, -1.4528431684292463e-13, -0.016465007585696398, -1.6691927639449183e-13, 1.1903246521744177e-13, 0.01202383171480751, 1.1274076446643235e-13, -5.782294168881136e-14, 0.004290295394415167, -8.699681579324227e-14, 5.91634781424751e-14, 0.025949781314853003, 9.427995179665622e-14, -6.950348633787013e-14, 0.005608555699474749, -9.633042732269419e-14, 4.938067522348647e-14, 0.017312231915591277, 5.695014582978886e-14, -3.025332209563989e-14]]
