==============================
W3_Energy_1
P3->P4
T_min:200.0 K    T_max:3000.0 K    P_min:0.0001 atm    P_max:10.0 atm
[[-26.085099258503103, -1.1712661215218356, 0.06921844620709028, 7.757979479429163, 1.3138193365504465, 0.006857234109343735, 1.2657441869625679, 0.28738962366342263, -0.16985387003382607, 0.5808678537374422, -0.49522931730075925, 0.05423928943165671, 0.22048175646616694, -0.1633172433991477, 0.10733989045325462, -0.014658303825836045, 0.23762491197069024, -0.039919245589657884, -0.020257515659051085, 0.14043261525649134, -0.07891256455630441, 0.0907578866108006, -0.1395233445478904, 0.03148629728709927, 0.04781202654606206, -0.09503310625016932, 0.049699989102345986, -0.061610405389621564, 0.08654642743337082, -0.023004290998688618, -0.03163851845213805, 0.04848907287732803, -0.026669732684523863, 0.024645615372352152, -0.033446901180836854, 0.01018709750579673, 0.03496847940918607, -0.0471719789792409, 0.02030524582161603, -0.01997268300394707, 0.03359596251139197, -0.010249688455431566, -0.009957756857529296, 0.015430305674668741, -0.008530449842667038]]
P3->P5
T_min:200.0 K    T_max:3000.0 K    P_min:0.0001 atm    P_max:10.0 atm
[[-26.040456305838074, 0.0029066890930087297, -0.0022473733860934185, 12.072723568996503, -0.003902839038623101, 0.0030070075177871134, 0.027565625725051262, 0.001114095523491316, -0.0008702720415377215, 0.04337389343670421, 0.00021558569643690317, -0.00017128370526623123, 0.04800663267552642, -6.427528349930592e-06, -1.5379372123631902e-06, 0.0352322286317802, 5.634581355994506e-07, -3.529556546649392e-06, 0.020826521472588833, -1.8126319768702024e-06, -2.428440601540218e-06, 0.01059817191779017, 5.239737085773504e-07, -2.3168734378512587e-06, 0.004826287315381079, -2.427761951332083e-07, -1.1468847968396685e-06, 0.0018135498558978487, -8.247080995633316e-06, 4.9101141939659444e-06, 0.0007419631297241563, 3.067774644869574e-07, 2.4204912324793186e-07, 0.00014383249204375864, -9.165147912914079e-06, 5.678602003690921e-06, 0.00016491786642885796, 4.832896606080705e-06, -2.1917303593866924e-06, 3.981615495176535e-06, -3.726871644412866e-06, 2.0176211513054533e-06, 0.00010253839591890511, 6.719994059694553e-06, -3.4532068044640677e-06]]
W3->P5
T_min:200.0 K    T_max:3000.0 K    P_min:0.0001 atm    P_max:10.0 atm
[[-6.269154230606397, 3.562130460215955, 1.0821404396985674, 14.055890898102403, -1.2332933057738926, -0.9367390645570621, -0.6688178951240582, 1.1225483422762719, -0.3936306783259821, 0.046870083233699227, 0.33611648145792394, -0.14541479432856605, 0.4617695943774595, -0.26972613814652685, 0.037422639561589054, 0.2945442674711637, -0.1699718771450272, 0.02719311357492753, 0.004553368829211666, 0.07334218012303072, -0.05530420260189967, 0.06391503245159946, -0.10590807653151997, 0.004222036201105089, 0.09435776601253276, -0.18280236608664466, 0.03422551250513039, -0.025680510974786644, -0.03919015228554661, -0.013179406331414411, 0.026306130361246988, -0.09359245560737349, 0.03789214205653734, -0.03578713653425732, -0.01832984841192514, 0.011564721418119733, 0.023285082118354252, -0.05720138784517927, 0.04410594962884058, -0.052540189426017875, 0.04407936046238925, -0.008414939233708459, 0.04893390757699344, -0.06139508956275073, 0.03710045900358669]]
P1->P4
T_min:200.0 K    T_max:3000.0 K    P_min:0.0001 atm    P_max:10.0 atm
[[-16.16711275212319, 0.05691165474800611, -0.13844743459350162, 0.7563140267770252, -0.06760982665669754, 0.19461366353556908, 0.5026730388482338, -0.0033430111633034466, -0.049748400853212874, 0.18295220393446168, 0.020403144317953918, -0.01836276925605646, 0.11645228273934387, -0.0022907713891708995, 0.009524266413595477, 0.11048613596366595, -0.004629150665913775, 0.004449630858486203, 0.07424502999072985, -0.0003790369932514131, -0.001573088311646918, 0.031444842125599594, 0.0007925168615785214, -0.0010613506662261833, 0.004607340482871112, 0.0002096600130873053, 0.0003642990405722704, -0.007894691340066439, -0.0002945255928363398, 0.0004501618329372791, -0.006065192888745298, -8.464417842658072e-05, -6.82260437763447e-05, -0.007000524094906132, -6.343842847441389e-05, -1.601985861735926e-05, -0.0003431332610901436, 0.0002280077900634451, -0.00011957003743021009, -0.0016930232664818692, 4.656449439661316e-05, 2.3787442780763038e-05, 0.00252656032878425, 0.0001866850711208358, -0.00014624877244843893]]
P4->P5
T_min:200.0 K    T_max:3000.0 K    P_min:0.0001 atm    P_max:10.0 atm
[[-34.01028220428715, 0.0033495888549337494, -0.002590138686727293, 19.577896363332787, -0.004542680752460705, 0.003513864562328329, 0.1604380782976873, 0.0011223824416951753, -0.0008693306672096646, 0.1189791690712682, 0.00019186768411780087, -0.00014813254503801094, 0.08627084107179261, -2.3248987348861834e-05, 1.8317597346225934e-05, 0.05223978902344164, -2.3007717644932502e-05, 1.720892762265666e-05, 0.02723215965501181, -7.665317523678176e-06, 5.723469658395496e-06, 0.01261305221535784, -1.3926457546573827e-06, 1.2032521294377052e-06, 0.0053890811792853205, 1.1273739534754064e-06, -8.106696781927744e-07, 0.0019995639008046373, -2.1489830375384646e-06, 7.649157094785328e-07, 0.0009820206888182651, 5.752852800940774e-07, 7.682097070349966e-08, 0.0003112302594348761, -1.5804038576160353e-06, 1.0360788390203253e-06, 0.0003940884897919507, -2.1376924207164072e-06, 1.4385818007794454e-06, 8.33930006810824e-05, -1.025371390639835e-06, 6.952929146500971e-07, 0.00020711061845851347, 2.3707531980340553e-07, 3.797220859072332e-07]]
P5->W3
T_min:200.0 K    T_max:3000.0 K    P_min:0.0001 atm    P_max:10.0 atm
[[-19.12301353331086, 3.563806828091448, 1.081783047612233, 2.0948262969982507, -1.2305693030533353, -0.9372621667412249, -0.3767221444361291, 1.125501539583053, -0.394275305472696, 0.20709448943522887, 0.33824137518528835, -0.14583178482053305, 0.5298900263856211, -0.26768453651641505, 0.0369850647189948, 0.32165466658379654, -0.16865454186378795, 0.026943196833795945, 0.015086341609538591, 0.07435963033329261, -0.055513631133998396, 0.06821676734230042, -0.10531002422938149, 0.0041004659744693596, 0.09636628944668814, -0.18260006254739042, 0.034200512124768795, -0.02480021326537556, -0.03899843122178656, -0.013222416797514455, 0.027053752930615557, -0.09383070908251581, 0.03797894370924287, -0.03552874888906612, -0.018324347570411032, 0.011559729196373164, 0.023787442878361334, -0.057614171471487466, 0.04423623894512848, -0.05245532479611075, 0.04404002452955068, -0.008409645026418257, 0.04924234057715663, -0.06171688250324488, 0.037205070735444525]]
W3->P4
T_min:200.0 K    T_max:3000.0 K    P_min:0.0001 atm    P_max:10.0 atm
[[1.0159841201057567, 0.5372613003482682, 0.09643592146161835, 3.4382879540803977, 0.9942701389799147, 0.08576209940660408, 0.026527721189589706, 0.7830458120214764, -0.16419152193163086, -0.13988927237794, 0.43063298316478976, -0.21469711414444798, 0.20894364131475754, 0.08485580978215891, -0.13151723849930402, 0.27951309652781764, -0.15203263565804792, 0.0025384940410441647, 0.16479503504544452, -0.23240515105539086, 0.05553698008929667, 0.09116662855242989, -0.22512542895828122, 0.06694556811180222, 0.06320207258205023, -0.18316606345091047, 0.06170460052052342, 0.02601103168513798, -0.1178013972950804, 0.0359434062372435, 0.019467395594867234, -0.0553907204726037, 0.03196447362361757, -0.021673031595389795, 0.00676639352331647, 0.0027313169687764667, -0.005202553076685567, 0.025639402115731007, 0.012420482226037963, -0.022564836149169838, 0.030917858710169416, -0.0059874913365568, 0.009620130796332185, 0.007686643024671244, 0.011023038632962018]]
W3->P1
T_min:200.0 K    T_max:3000.0 K    P_min:0.0001 atm    P_max:10.0 atm
[[2.7181311587428647, 2.3540663583366075, -0.2575353922443395, 6.182842819310252, -0.252067770113405, 0.1538854184716793, -0.31625592272891656, -0.2908194493044248, -0.004633911464464648, 0.10872350119360097, -0.1368831912984319, -0.015349950397892609, 0.16859271752563265, -0.08379362904485047, -0.01583425997837427, 0.08329638194035664, -0.05576474899976068, 0.014190565663163133, 0.001674877804110506, -0.05080686057273544, 0.020327367838376235, -0.037838238555882475, -0.04660460828265285, 0.02516461940402728, -0.03033612783306408, -0.04363618401446085, 0.02586843994956301, 0.008053362612764901, -0.05074416720994574, 0.01247929226798158, 0.027245408324095683, -0.044316082136237986, 0.02280362364079365, 0.04320140408314381, -0.04656802429752346, 0.009001107965769622, 0.0239621943221863, -0.023365385629139732, 0.02415699057858524, 0.019169186825032308, -0.01643735437285501, 0.005274144720700438, -0.0013502154979842067, 0.002808626480119601, 0.014538442329037126]]
W3->P3
T_min:200.0 K    T_max:3000.0 K    P_min:0.0001 atm    P_max:10.0 atm
[[0.14982626152078227, 0.6625125948776387, 0.02785781973049195, 4.06911060157883, 1.0768119311704591, 0.10342223989474261, -0.4311771070247909, 0.7804129897404644, -0.10982382987652349, 0.05660145066951404, 0.46566923962787854, -0.24412458367861134, 0.4337873545578355, -0.08956549885312269, -0.14128117074617683, 0.38735937605791343, -0.3477110727836503, 0.022307517998146394, 0.23680446395046661, -0.4083984738857862, 0.13600026143763555, 0.046965536291092076, -0.20307634044897666, 0.11452792514473305, -0.08308945982245386, 0.026150131176193022, 0.025454637607057008, -0.0512487006273997, 0.013518858718506114, -0.011497680122857217, -0.0405510698456329, 0.04676649771071201, -0.024530036712622695, 0.07851568927616252, -0.12760170337148843, 0.034966973924282684, 0.021184783670142284, -0.008134667589196542, 0.024035380907684558, 0.05828611850042446, -0.082159244898586, 0.039238822138872434, -0.03479533285833485, 0.07088668205826357, -0.007547977779849238]]
P1->P3
T_min:200.0 K    T_max:3000.0 K    P_min:0.0001 atm    P_max:10.0 atm
[[-15.066428307983095, -0.09759259482375915, 0.10630765350304235, 0.5411282129230195, 0.14551601697351516, -0.17066466008497838, 1.0727280118631122, -0.042755555638340915, 0.07938734303200584, 0.19060296608668256, -0.028616991961688754, -0.005249752638767977, 0.05922616324304936, 0.03636592695532306, -0.01892880636364986, 0.054774394010070455, -0.013769329284546007, 0.010811351982660691, 0.02065175256680989, -0.0009213939855715789, -0.0004270291839759512, 0.008472852869704789, 0.0025300710233150288, -0.001945682726311117, 0.004749798479959546, -0.001343239226373269, 0.0009305629356406896, 0.0015328612815033314, 0.0005766815314611967, -0.00010682037205328455, 0.0010449431785362737, 0.00048310728087496384, -0.0003068809292405845, 0.0011808951793473336, -0.0006831690535807064, 0.00037352534774328093, 0.000612954351590496, -0.00024410130990854583, -0.0001669463931195338, -0.00022272379355410093, 0.0008214198658242831, -4.91799156274732e-05, 0.0004820161778618003, -0.000516283945957044, 0.00014258789188815936]]
P1->W3
T_min:200.0 K    T_max:3000.0 K    P_min:0.0001 atm    P_max:10.0 atm
[[-14.753181338225605, 2.3557423747982753, -0.25789203602112654, -1.2061666166854301, -0.24934851076338627, 0.15336400731195174, 0.12234260405192077, -0.28786444145480944, -0.005278689028868428, 0.29465046643979964, -0.13476186198344078, -0.015765395721539167, 0.23913980245955938, -0.08174963987437645, -0.01627269019596392, 0.1098453388434558, -0.054444000250840376, 0.013938849037693468, 0.011814284582068825, -0.04979174780101032, 0.020119418134056613, -0.033676617482465955, -0.04600040484249542, 0.025039842271448363, -0.02835939853082396, -0.043435389940391464, 0.025844045261486755, 0.00893032916480827, -0.05055267705360981, 0.012436466142041363, 0.027996961402633747, -0.044555675597145995, 0.02289140670451339, 0.0434600441088307, -0.04655899046670201, 0.008994684938526034, 0.024461559896311894, -0.023771807762569316, 0.024283769038517623, 0.019254804503557797, -0.016476753506657116, 0.0052796794767099925, -0.001041830981581822, 0.0024872550346579287, 0.014642423001250422]]
P4->W3
T_min:200.0 K    T_max:3000.0 K    P_min:0.0001 atm    P_max:10.0 atm
[[-32.2878752121232, 0.5389410883744299, 0.09607693031749073, 11.208486362290813, 0.9969791424502769, 0.08524658970168288, 0.4302739392783982, 0.7860081163427579, -0.16484064504204948, 0.03930224438108314, 0.43275086962615783, -0.21511057014219273, 0.28043932547735534, 0.08690417513225429, -0.13195811818291686, 0.30744147964549445, -0.15071479606269275, 0.0022881782691550365, 0.17563097724267654, -0.2313896411134579, 0.055328838706708704, 0.09559598982442902, -0.22452250689930278, 0.0668213993481736, 0.06526467760887128, -0.1829694467784648, 0.06168238262609669, 0.026898399533227754, -0.11760281902815026, 0.035897024443976716, 0.0202192165439876, -0.05563714909609426, 0.03205535434819759, -0.021426845900815485, 0.006783117474626167, 0.002721024087804374, -0.0047009094526518705, 0.025223936167601584, 0.012551631742852171, -0.022486530737674877, 0.030885695519084988, -0.005985683970411656, 0.009931412400398422, 0.007360440624361715, 0.011129645294791794]]
P3->W3
T_min:200.0 K    T_max:3000.0 K    P_min:0.0001 atm    P_max:10.0 atm
[[-24.655400845787472, 0.6641939923263811, 0.027498080454008957, 4.52873110178366, 1.0795280567230525, 0.10290337182897073, -0.05405106418018246, 0.7833730640648515, -0.11047179234787685, 0.21579684187819145, 0.46778910352560704, -0.24453897333346075, 0.49292448042396714, -0.08751886731656257, -0.14172163573222296, 0.4085387523781938, -0.34639493376451996, 0.0220582630283335, 0.24425852737009565, -0.4073786655670213, 0.13578991688565062, 0.04974069048116276, -0.202477820603409, 0.11440613609471859, -0.08186150249648395, 0.02635190257354945, 0.025430228899847775, -0.05076970734239515, 0.013714116336537917, -0.011542579653937176, -0.04003203784622853, 0.04652224923366994, -0.024440146103266662, 0.07866019146270789, -0.12758552880135798, 0.03495670308321636, 0.021610438736790437, -0.008551753402913202, 0.024167543349922316, 0.05834531543222343, -0.08219195941504999, 0.03924079979540184, -0.03451457106750417, 0.07056287747163752, -0.007442561328152576]]
P1->P5
T_min:200.0 K    T_max:3000.0 K    P_min:0.0001 atm    P_max:10.0 atm
[[-15.13447211730314, -0.0021070065319483966, 0.0016623788640712598, 3.6259296237832084, 0.0017584024274288033, -0.0013569815928263225, -0.20644685691127487, 0.0017617142007034666, -0.001343455289563967, -0.08487395597894706, 0.0005293854519711787, -0.00041260746337547135, -0.01700595487130479, 0.00037248773562259616, -0.0002917163650283753, 0.006377771302428361, 0.0001469658843892322, -0.00013765975960568973, 0.010234209690282351, 0.00018588756674917253, -0.00017338300683646392, 0.007876707818421362, 0.0001289981149805267, -0.00013932553136768058, 0.004874192561705149, 3.30643955502335e-05, -7.31709299971237e-05, 0.002502113732721495, 8.410630205278077e-05, -0.00010888853801180845, 0.0011664589463488096, -0.0001191198116838979, 4.128512879070544e-05, 0.0004135800873842012, 2.0713499445790863e-05, -4.9945380748936825e-05, 9.468921134318609e-05, -0.000196350093733149, 0.00011591161797229312, 1.6076565671647903e-05, -2.291978107941104e-06, -1.2487216455757453e-05, -3.306572819379886e-05, -0.00016050994639782646, 0.00010900092969983911]]
