==============================
B1_Frequencies_1
P1->P2
[[0.0, 0.0, 0.0, 0.0, 0.0, 0.0, 0.0]]
==============================
B1_Energy_1
P1->P2
[[0.0, 0.0, 0.0, 0.0, 0.0, 0.0, 0.0]]
==============================
B4_Energy_1
P1->P2
[[-0.0016375144884187502, 0.0014886386778605264, 4.938327217498914e-06, 3.7712644362484622e-06, 3.392863706096401e-06, 1.8453161290645322e-06, 1.707239709128675e-06]]
==============================
W1_Frequencies_1
P1->P2
[[0.0, 0.0, 0.0, 0.0, 0.0, 0.0, 0.0]]
==============================
W2_Energy_1
P1->P2
[[0.0, 0.0, 0.0, 0.0, 0.0, 0.0, 0.0]]
==============================
B3_Frequencies_1
P1->P2
[[0.0, 0.0, 0.0, 0.0, 0.0, 0.0, 0.0]]
==============================
B2_Frequencies_1
P1->P2
[[0.0, 0.0, 0.0, 0.0, 0.0, 0.0, 0.0]]
==============================
B4_SymmetryFactor_1
P1->P2
[[-0.4289299151936273, 0.011317122149456644, 0.010754723444878342, 0.010301653663302608, 0.009003899525722529, 0.0055529503903342485, 0.005984994365905511]]
==============================
W2_SymmetryFactor_1
P1->P2
[[0.0, 0.0, 0.0, 0.0, 0.0, 0.0, 0.0]]
==============================
P2_SymmetryFactor_1
P1->P2
[[0.0, 0.0, 0.0, 0.0, 0.0, 0.0, 0.0]]
==============================
B5_Frequencies_1
P1->P2
[[-0.018278283278939003, -0.03916208459432863, -0.037158542633188144, -0.0362296081612709, -0.031901191451671376, -0.019772999261613054, -0.02181135348435511]]
==============================
B5_ImaginaryFrequency_1
P1->P2
[[0.23731389303587508, -0.4457476186785946, 0.3847354601648606, -0.29621163323698946, 0.19979527313971226, -0.11321566842874993, 0.04907815444541171]]
==============================
B3_SymmetryFactor_1
P1->P2
[[0.0, 0.0, 0.0, 0.0, 0.0, 0.0, 0.0]]
==============================
B1_SymmetryFactor_1
P1->P2
[[0.0, 0.0, 0.0, 0.0, 0.0, 0.0, 0.0]]
==============================
P1_Frequencies_1
P1->P2
[[0.4426626656652259, 0.5751644082333625, 0.24100070777101065, 0.08507296605936376, 0.02851595610094851, 0.008541506664200203, 0.001824113300348828]]
==============================
B2_SymmetryFactor_1
P1->P2
[[0.0, 0.0, 0.0, 0.0, 0.0, 0.0, 0.0]]
==============================
B5_SymmetryFactor_1
P1->P2
[[-0.004917897135210127, -0.010382723960538772, -0.009872771497350238, -0.009467970143269196, -0.00829269177548065, -0.005109362955252366, -0.005529666982910128]]
==============================
B4_Frequencies_1
P1->P2
[[-0.8538097480562199, -0.6685703242730957, -0.1497317536318611, -0.003088942494738825, 0.029076110119535203, 0.023688494819165518, 0.030089014167477793]]
==============================
P2_Frequencies_1
P1->P2
[[0.0, 0.0, 0.0, 0.0, 0.0, 0.0, 0.0]]
==============================
W1_SymmetryFactor_1
P1->P2
[[0.0, 0.0, 0.0, 0.0, 0.0, 0.0, 0.0]]
==============================
P2_Energy_1
P1->P2
[[0.0, 0.0, 0.0, 0.0, 0.0, 0.0, 0.0]]
==============================
P1_SymmetryFactor_1
P1->P2
[[0.43429617266669795, -2.1823617320681584e-06, 4.5867795130283015e-06, -7.41865211266191e-07, 1.0332155125559051e-07, 1.8401647426155462e-06, 1.537596872020357e-07]]
==============================
B5_Energy_1
P1->P2
[[-2.617297647634317e-06, -4.641795126059944e-06, -4.780650841837873e-06, -3.7799098098639625e-06, -3.3205076160947782e-06, -1.8442320783274508e-06, -1.6931482734332404e-06]]
==============================
W1_Energy_1
P1->P2
[[0.0, 0.0, 0.0, 0.0, 0.0, 0.0, 0.0]]
==============================
B4_ImaginaryFrequency_1
P1->P2
[[7.517046018408042, -11.45830973105807, 4.707611776347933, -0.20708942002167455, -1.0331910683343906, 0.570626054334257, -0.0002598776860052775]]
==============================
B3_Energy_1
P1->P2
[[0.0, 0.0, 0.0, 0.0, 0.0, 0.0, 0.0]]
==============================
B2_Energy_1
P1->P2
[[0.0, 0.0, 0.0, 0.0, 0.0, 0.0, 0.0]]
==============================
W2_Frequencies_1
P1->P2
[[0.0, 0.0, 0.0, 0.0, 0.0, 0.0, 0.0]]
==============================
P1_Energy_1
P1->P2
[[0.001640232059108611, -0.0014840251556300101, 7.836755066681192e-09, 3.1522191182478854e-09, -7.405539274965665e-09, 1.12501634432998e-08, -3.044362553926413e-09]]
