==============================
W1b_Energy_1
P3->P4
T_min:200 K    T_max:3000 K    P_min:0.0001 atm    P_max:100 atm
[[-27.076704139959624, -1.7319479184152442e-14, 9.369024775005031e-16, 8.879874645005975, 3.6906294854267845e-14, -3.631361017495442e-15, 1.1855387933026917, -4.9805586728543784e-14, 9.885924249182049e-15, 0.3339754565327079, 1.1088118668296322e-13, -5.769286083172306e-14, 0.08776058176168747, -1.0936706692198064e-13, 4.747235855990561e-14, 0.12572975046757637, 4.907515724658116e-14, -2.5801330464670774e-14, 0.09365843447745537, -5.759435408899526e-14, 4.0277753425792306e-14, 0.010422299948550423, 5.1484499119496325e-14, -6.465119461013631e-14, -0.02311730688988281, -1.6561099389301827e-14, 4.971086865508178e-15, -0.008037179667774607, 3.71205571163339e-14, -3.473485462365253e-14, 0.003961528999471815, -3.205607963604747e-14, 1.3151059054005753e-14, 0.0011970916822420994, 2.1046669541788038e-14, -7.499945126438427e-15, -9.908751711735581e-05, -2.2704529575563064e-14, 1.3773474066343283e-14, 0.0026794512238508816, -2.9728650016047745e-15, -2.2205836535972237e-14, 0.0033151563681191104, 1.0432499206461131e-14, 5.0482416496333515e-15]]
P3->P5
T_min:200 K    T_max:3000 K    P_min:0.0001 atm    P_max:100 atm
[[-26.03580297484602, -4.218847493575595e-14, 2.974438668940756e-14, 12.072671937687977, 8.266151306626022e-14, -5.769994543782944e-14, 0.03119580240341072, -8.923126053154652e-14, 4.719817129778247e-14, 0.04483426965867359, 1.1843724139659926e-13, -6.833138050385046e-14, 0.0485215392178529, -1.1284188344762891e-13, 5.2068007144855535e-14, 0.035230227253450604, 5.1103784181844914e-14, -3.072461091479196e-14, 0.020736934218686876, -6.64989096865055e-14, 4.609061871556922e-14, 0.010596868484055742, 5.726231121634521e-14, -6.547807222761429e-14, 0.004820069370201875, -3.118116703443273e-14, 1.6414855972630047e-14, 0.0019218519884704967, 5.0688422304797025e-14, -4.149478422762761e-14, 0.0007224839495545127, -4.5241909880874615e-14, 2.0066786100515856e-14, 0.00022811964978382258, 3.929752044222709e-14, -1.9033627743679025e-14, 0.00012891102189064078, -3.598207545539649e-14, 2.0308319380177756e-14, 2.1436088741065775e-05, 8.808550721046896e-15, -2.673144879158484e-14, 9.849859946333065e-05, 3.792787429732491e-15, 8.802332836320534e-15]]
P3->W3
T_min:200 K    T_max:3000 K    P_min:0.0001 atm    P_max:100 atm
[[-24.393529603123348, -1.0436096431476471e-14, -4.74305537499137e-15, 4.9075285672604965, 4.052688173193569e-14, -1.0243332151617113e-14, 0.3469592500589087, -5.909463015004035e-14, 1.74815479081565e-14, 0.5595122107815576, 1.1876897749237404e-13, -6.670032717851571e-14, 0.5510835939563633, -1.2353910771675656e-13, 6.11911212886556e-14, 0.250945751651793, 6.305783012213157e-14, -3.6444725355067456e-14, -0.010258237023969554, -6.878370241297574e-14, 4.6379819374201403e-14, -0.11009174820213191, 6.243021337082722e-14, -6.909063196191648e-14, -0.09208279637202807, -2.3822120229424313e-14, 9.167507896004315e-15, -0.03486438576698166, 4.6669368761745186e-14, -3.859725806116066e-14, -0.0054676824098566276, -3.6128505282814925e-14, 1.6677958952021426e-14, 0.010831405979965972, 2.4563276884948785e-14, -1.0855688925988329e-14, 0.00022722099279699022, -2.4228174258926116e-14, 1.6355896216698797e-14, 0.0030266845843290526, 6.51099679083688e-16, -2.516491602102399e-14, -0.005279973344395667, 1.0655248432074951e-14, 4.9734997564354406e-15]]
P4->P5
T_min:200 K    T_max:3000 K    P_min:0.0001 atm    P_max:100 atm
[[-34.00509991329784, -3.2862601528904634e-14, 2.1264017911263913e-14, 19.577491488751516, 6.327902307178132e-14, -4.106046459184719e-14, 0.16414938047836883, -7.225181661474837e-14, 3.486544391907102e-14, 0.12039309397699895, 1.2590575596351537e-13, -7.309993514250986e-14, 0.08669059844379824, -1.1056544419449468e-13, 4.194619852886631e-14, 0.05217015462845144, 5.4068747495651065e-14, -2.810730001506325e-14, 0.02713583154177831, -7.148297599403482e-14, 5.5555866259141494e-14, 0.012636801125444483, 6.114853257508375e-14, -7.733845980500606e-14, 0.0054183724608681105, -3.570865808557253e-14, 1.7881918525343706e-14, 0.002128077562732729, 5.785488629330239e-14, -4.8908011230758187e-14, 0.0009710224686191974, -5.515736271017428e-14, 2.3108472948618645e-14, 0.00039109678313693866, 5.2910047107000345e-14, -2.2413622056624897e-14, 0.0003494772288017892, -4.923120550799022e-14, 2.5370326776213762e-14, 9.699957367976153e-05, 1.2364097035241845e-14, -3.208514275826811e-14, 0.00019564993564101104, 1.7700062194902304e-15, 1.488612530864986e-14]]
P5->W3
T_min:200 K    T_max:3000 K    P_min:0.0001 atm    P_max:100 atm
[[-18.40543474119687, 2.7755575615628914e-15, -7.490892192014846e-15, 2.4448234211353252, -5.827703648054551e-15, 1.665336635154098e-14, 0.2419196968741643, -9.547704472273081e-15, -9.394310306256103e-15, 0.3784949923809763, 5.79105950180975e-14, -3.1811453912327604e-14, 0.36994932379639195, -6.574274699403044e-14, 3.0607334267502665e-14, 0.21739289840385412, 1.768738759987443e-14, -7.64705888638021e-15, 0.08004436732288339, -2.685844104359065e-14, 2.0647702245951993e-14, 0.027472739447872218, 2.936950006977822e-14, -4.381086179088216e-14, 0.005511178202194132, -3.0934693782720785e-15, -1.6000916534305662e-15, -0.021755937951879068, 2.6503755188310224e-14, -2.62501785949883e-14, -0.03527919379552513, -2.1283169242296335e-14, 1.068134317435699e-14, -0.0434791813180409, 1.3692334618256329e-14, -7.090804772069604e-15, -0.03280171915791012, -1.5311336346054992e-14, 1.315727673558883e-14, -0.02411490276599499, -2.5531681846806695e-15, -1.9667348209229165e-14, -0.004666866552518473, 1.0128482752986566e-14, 2.7190412327066124e-15]]
P2->W3
T_min:200 K    T_max:3000 K    P_min:0.0001 atm    P_max:100 atm
[[-42.466842021295555, -7.105427357601002e-14, 3.604892425747605e-14, 12.97208981235667, 1.2556278148993843e-13, -5.5828656294394146e-14, -0.5526105673804076, -1.601459572231957e-13, 7.839904885212973e-14, 0.10916769234123236, 2.1859908560561074e-13, -1.2135965897499858e-13, 0.44955525054155226, -2.1240412994010585e-13, 1.005874352590879e-13, 0.35490603250500274, 1.0925786069365139e-13, -6.104447090526204e-14, 0.13138414272656945, -1.249528311282553e-13, 8.891984515431076e-14, -0.04067212162586213, 1.105743593746044e-13, -1.1724669590709783e-13, -0.08714707405760046, -4.9223739113676295e-14, 2.245798011945648e-14, -0.031066857952224067, 7.715959803313974e-14, -6.455012239898336e-14, -0.01142466048708174, -6.073902184438688e-14, 2.8014139466111767e-14, 0.03656452740421743, 3.547690512767958e-14, -1.1347369410616805e-14, -0.0019237635479891053, -3.35571896967472e-14, 2.1314901628791196e-14, 0.01775529596173634, -5.574521605789982e-15, -3.487139091775368e-14, -0.021066596321300177, 1.9713878180505907e-14, 5.255363417068468e-15]]
P1->P2
T_min:200 K    T_max:3000 K    P_min:0.0001 atm    P_max:100 atm
[[-11.717900520438825, 6.078471059822732e-15, -6.4696400036555064e-15, -0.033747156343060976, -9.694812883301879e-15, 1.3691065016555695e-14, 0.410632944343357, -1.8511828110374256e-15, -7.94542487372856e-15, 0.26189160449497983, 3.6495010725621825e-14, -2.1552269034735258e-14, 0.11643059517142086, -4.165010663545086e-14, 1.98218487967946e-14, 0.04040832920119317, 8.8286317137479e-15, -2.5330090892066275e-15, 0.010397125616100093, -1.5712950527069133e-14, 1.281519252926941e-14, 0.0020070623170688547, 1.8955760937561898e-14, -2.7920503450106782e-14, 0.0011528585605501938, 1.9566262392600866e-15, -4.723917934558338e-15, 0.0014972990708683198, 1.5407229553362838e-14, -1.5668890089413893e-14, 0.0017432383267877451, -9.551027811524438e-15, 3.92509768642631e-15, 0.0005080205571437841, 3.0598697531760398e-15, 2.062818505339082e-17, 0.00019317065390205335, -6.420159490534857e-15, 6.8718126205150625e-15, -0.0003859788814285636, -3.844981506558771e-15, -1.169750200977452e-14, 0.00019510340787150707, 9.440690818080502e-15, -8.303625444006581e-16]]
P1->P3
T_min:200 K    T_max:3000 K    P_min:0.0001 atm    P_max:100 atm
[[-15.3902751009567, -8.31279489688086e-15, 2.072813727240523e-17, 1.0710174698401818, 9.354762550249761e-15, 4.3419941036741996e-15, 0.7946761631222802, -2.471895025552992e-14, 2.8915013685449645e-15, 0.26010078296535444, 6.66614427343252e-14, -3.8561375334455725e-14, 0.0733530887258726, -6.948170141872049e-14, 3.245629159364126e-14, 0.038175488556985576, 3.113707355394655e-14, -1.586626490967712e-14, 0.023601508710940505, -3.6631977901307784e-14, 2.6511462858764423e-14, 0.010566451266762719, 3.582466747245261e-14, -4.2500066689337774e-14, 0.003266215817136356, -1.0554217242646827e-14, 2.591951639687691e-15, 0.001736840132568625, 2.854482005546603e-14, -2.5224095788242943e-14, 0.001385560322484949, -2.1968549913253847e-14, 1.0301706191625441e-14, 0.0009778503121304978, 1.440171548386586e-14, -5.882419980632945e-15, 0.0003576336587628143, -1.6270410408896778e-14, 1.1955964448133941e-14, 0.0002568437561455835, 8.284893993029715e-16, -1.7731470302525482e-14, 0.00013908356114620415, 8.046016350190207e-15, 1.4681359900243276e-15]]
P2->P3
T_min:200 K    T_max:3000 K    P_min:0.0001 atm    P_max:100 atm
[[-45.73149495598974, -5.950795411990839e-14, 1.1095452298579305e-14, 16.371992478360884, 1.5548476325939268e-13, -6.645885901975537e-14, 0.774180694867033, -1.7981612850683397e-13, 7.280584970358179e-14, 0.8337679415861696, 2.6789169190166225e-13, -1.494740084505235e-13, 0.33103371765608247, -2.5017958022338895e-13, 1.1898897524995263e-13, -0.05098428147147312, 1.4616146816706051e-13, -7.736519181223893e-14, -0.23875539451652517, -1.5581391055777039e-13, 1.0508946588676015e-13, -0.1709889783243314, 1.295621361923615e-13, -1.3345654271826252e-13, -0.012650969824763525, -6.200373447403931e-14, 2.901661782122984e-14, 0.040986731861365235, 8.694520226299607e-14, -7.092924317281048e-14, 0.07553846774560301, -6.31612433236981e-14, 2.885416632790753e-14, -0.03491091607061979, 3.9389632068086326e-14, -1.574024318405709e-14, -0.009874362495125301, -3.666783132388902e-14, 2.2211757462531218e-14, -0.05853930580640563, -6.621104456165361e-15, -3.642322546159564e-14, 0.0206916996447953, 2.178346319955062e-14, 8.14255125370756e-15]]
P1->W3
T_min:200 K    T_max:3000 K    P_min:0.0001 atm    P_max:100 atm
[[-13.633001615214189, -7.827072323607354e-15, -3.991158456917383e-15, -1.3987739029206832, 2.458847603326321e-14, -3.5766894255462454e-15, 0.019335525328403817, -3.433562550112347e-14, 6.576573476569456e-15, 0.25067543249295077, 7.977775540819622e-14, -4.6264992090512083e-14, 0.21581636416172675, -8.286910558142741e-14, 4.2117653708114234e-14, 0.07541321838440772, 3.867640734185949e-14, -1.862694464721191e-14, -0.022376374473404858, -4.261231342367794e-14, 2.877407291809369e-14, -0.06906545686785985, 4.292148779042765e-14, -4.553313714943321e-14, -0.06386858875466263, -1.1788369168482501e-14, 2.579338281152307e-15, -0.018658551897156792, 2.8001531832243054e-14, -2.3688784440935276e-14, -0.00583088324193934, -1.8210816862826375e-14, 9.09568015797625e-15, 0.021484423124247847, 5.8184683863703835e-15, -2.0714813536647074e-15, -0.0016731591805725207, -6.210914107908937e-15, 7.197979475231929e-15, 0.01076927057273394, -5.390569138294616e-15, -1.4178515007264997e-14, -0.011644729225667626, 1.2514238883899045e-14, -1.6257518121944516e-15]]
P2->P4
T_min:200 K    T_max:3000 K    P_min:0.0001 atm    P_max:100 atm
[[-47.47766782793731, -4.973799150320701e-14, 1.678764453408246e-14, 17.174521153832973, 1.2175240748531764e-13, -5.0262596426937244e-14, 0.1851573333409352, -1.2668853974469995e-13, 4.1697057078359366e-14, 0.6628123426850148, 2.0015909256474087e-13, -1.0690232676245142e-13, 0.40139306753818493, -1.934704592134237e-13, 8.757572349436828e-14, 0.042373997132281675, 8.020893677580747e-14, -4.6280298533145353e-14, -0.1925106655004896, -8.994371833567982e-14, 6.74918623417991e-14, -0.15287196725047156, 7.718386490113404e-14, -1.059802796845411e-13, -0.017997292697498325, -2.515126494613386e-14, 1.6142474249895497e-14, 0.022814018837864585, 5.3155053979487494e-14, -5.6430874364320635e-14, 0.04893592222544788, -3.191678500970892e-14, 9.949146451079121e-15, -0.03968568903540969, 6.111477120870186e-15, 1.5567472308183493e-15, -0.007058196969063446, -5.097943218964661e-15, 7.043995624077738e-15, -0.04284896738858546, -3.1234502817978613e-14, -2.5579808850210687e-14, 0.026210727285940674, 3.178077481065492e-14, 3.871394187644658e-15]]
P1->P4
T_min:200 K    T_max:3000 K    P_min:0.0001 atm    P_max:100 atm
[[-16.08457521048211, -1.6812939929167214e-14, 3.100682305694799e-15, 0.5447626881898388, 3.80073641276829e-14, -1.2308666891246072e-14, 0.49211641786030447, -5.1145399660854406e-14, 1.762960279166218e-14, 0.1719540260528664, 9.370677996998147e-14, -5.40428617170686e-14, 0.09347757014974314, -9.581531253454024e-14, 4.8567184237225214e-14, 0.10149411409076031, 4.741669227995896e-14, -2.4260931204578787e-14, 0.07866342853574372, -5.364223912453557e-14, 3.54605238752553e-14, 0.03820076029884478, 5.106187890004933e-14, -5.240924666770359e-14, 0.00892319500866245, -1.8726782613321243e-14, 6.864293357678787e-15, -0.005482813775063462, 3.5864417681126485e-14, -2.910918114593354e-14, -0.005862447768850297, -2.518686640608233e-14, 1.2739822849018655e-14, -0.007353788071372464, 1.3659275146911218e-14, -6.943321920145799e-15, -0.0018948876259510204, -1.4114367312659321e-14, 1.1576753360572262e-14, -0.002407608102703762, -2.0215107086943436e-15, -1.7394365304989553e-14, 0.001673671218238923, 1.0210854343080144e-14, 1.4432526061720586e-15]]
P1->P5
T_min:200 K    T_max:3000 K    P_min:0.0001 atm    P_max:100 atm
[[-15.134961901490575, -1.709743457922741e-14, 7.404121153872068e-15, 3.6297308024206854, 1.8296457259329792e-14, -1.8537214373774006e-15, -0.2029833496349217, -3.350981845632262e-14, 1.2030795965227955e-14, -0.08353105383639188, 6.141201862376061e-14, -3.5185297495937256e-14, -0.016281004280326927, -6.664199293834033e-14, 3.2804215655219425e-14, 0.00641450037973568, 2.8312470321522064e-14, -1.43479370924206e-14, 0.010149835477263563, -3.493278158701595e-14, 2.5437691299707303e-14, 0.007804177447262482, 3.3014658918894853e-14, -4.041027192100741e-14, 0.004698513784984923, -9.763313775446402e-15, 2.2890349253779826e-15, 0.0025517533779198932, 2.222383588837733e-14, -2.055980220880853e-14, 0.0009508077667387734, -1.639291181004883e-14, 6.9694809410971616e-15, 0.0005077974864362574, 7.975533127125447e-15, -1.149613311030191e-15, -0.00011094694044443293, -8.661669282492905e-15, 6.345457374094993e-15, 3.706911699820457e-05, -4.551442175210607e-15, -1.2092481450048562e-14, -0.00014618985998161684, 1.0234012829767368e-14, -5.710275922228636e-16]]
P2->P5
T_min:200 K    T_max:3000 K    P_min:0.0001 atm    P_max:100 atm
[[-49.199654101236185, -2.5757174171303632e-14, 2.2600119631001637e-14, 23.30354569866923, 4.3394872887177756e-14, -2.575350790649975e-14, -0.11760714552400074, -6.813934570248135e-14, 3.0911144681076177e-14, -0.046416988782607096, 1.4273280824669666e-13, -7.777267359105592e-14, -0.019162543289162625, -1.4109304669944391e-13, 5.106339260252548e-14, -0.017965154983784544, 5.174861118669189e-14, -3.393373110727179e-14, -0.023390556359642302, -8.225737947945428e-14, 6.251782672771479e-14, -0.024579520716419063, 7.716621691292549e-14, -1.0467849063831465e-13, -0.021323407254166673, -3.736049993667033e-14, 1.7752201655983797e-14, -0.016991978586397623, 8.563587879043832e-14, -7.543377674035598e-14, -0.0103195418494551, -8.424512318503604e-14, 4.333337327354929e-14, -0.006938853732148624, 6.91080691958293e-14, -2.959884058201706e-14, -0.0020900805013229855, -6.232368745871931e-14, 3.3141224334823124e-14, -0.0015483929330765368, 1.0347195690870399e-14, -4.420642560705318e-14, 0.0008027356241486291, 7.399656008169113e-15, 1.693507549532795e-14]]
P4->W3
T_min:200 K    T_max:3000 K    P_min:0.0001 atm    P_max:100 atm
[[-32.12622427353751, -3.108624468950438e-14, 1.4684985392024584e-14, 11.562955011669917, 4.7836482384691236e-14, -2.328197440728813e-14, 0.8665556957446285, -6.865498026639155e-14, 2.983099069570745e-14, 0.3571678775848373, 1.19906103060352e-13, -6.814909879208513e-14, 0.4038691864954303, -1.203830555482524e-13, 5.5483185239539376e-14, 0.24117036660969746, 5.755232191886974e-14, -3.373118255077544e-14, 0.04217375515085564, -6.426107284063556e-14, 4.9382200293023294e-14, -0.04263591373333226, 5.1415984649226694e-14, -7.111323348127003e-14, -0.052243792498750725, -1.315912334587097e-14, 3.928678930241702e-15, -0.04310083026331971, 4.241916122776013e-14, -4.135214828011572e-14, -0.023937834456029396, -3.987766452803409e-14, 1.736809981227936e-14, -0.016996505075900198, 3.2952718768763567e-14, -1.4196516552215968e-14, -0.0036275337919595037, -3.4872062665881474e-14, 2.0598778990675087e-14, -0.003594093740091802, 4.961223440926799e-15, -2.957870608063225e-14, 0.0035899285311060633, 7.758357977979997e-15, 8.720132775653412e-15]]
