==============================
W1b_Energy_1
P3->P4
T_min:200 K    T_max:3000 K    P_min:0.0001 atm    P_max:100 atm
[[-27.07577834521353, -2.4868995751603507e-14, 8.231801899980377e-15, 8.878192331250256, 6.233515621484185e-14, -3.0549984256880585e-14, 1.1866530947532494, -9.274682956409841e-14, 4.307043785662234e-14, 0.3336677326489786, 1.4113477291280782e-13, -7.940290265031351e-14, 0.08756365681346294, -1.330490375517359e-13, 5.991643538333257e-14, 0.1258753608094092, 6.929246390143639e-14, -3.9564228789300174e-14, 0.0937355903519311, -7.76974496806499e-14, 5.3586706349382855e-14, 0.010342688288216073, 6.303062524253967e-14, -7.043072898208801e-14, -0.023155275378207288, -2.437110710473779e-14, 1.0490445227750552e-14, -0.007985779164614864, 5.0202113334781153e-14, -4.2497740197924076e-14, 0.0039690418033197766, -4.4378833510681e-14, 2.1864292046394287e-14, 0.001182567545229785, 3.6447150970220545e-14, -1.553289360516072e-14, -0.00011803026358472481, -3.716466713817226e-14, 2.102432477303831e-14, 0.002702600243040235, 9.25468033544205e-15, -2.720450736576635e-14, 0.0033124858108373742, 5.817696675947539e-15, 7.562668341540381e-15]]
P3->P5
T_min:200 K    T_max:3000 K    P_min:0.0001 atm    P_max:100 atm
[[-26.035802752621606, -5.551115123125783e-14, 3.3592390726324175e-14, 12.072670264518232, 9.736109493219166e-14, -5.1182071167990816e-14, 0.031196221766850343, -1.1681685784758778e-13, 6.408311193960449e-14, 0.04483358423319042, 1.341125196195163e-13, -7.184373206594108e-14, 0.04852120448539096, -1.2680199798192727e-13, 5.982270934872335e-14, 0.03523004207090096, 7.373975368959888e-14, -4.356647905638574e-14, 0.020736376678151206, -7.924607185187083e-14, 5.35449010823949e-14, 0.010597018170103702, 6.738041972816058e-14, -7.320057331589061e-14, 0.004819623925712868, -3.5453482485496916e-14, 1.983626890429432e-14, 0.0019217820616572485, 4.775957752069858e-14, -4.0166619982229517e-14, 0.0007224885658530222, -4.011365618141458e-14, 1.6980486880058936e-14, 0.0002278719783438325, 2.6003245754040877e-14, -1.0129465722720106e-14, 0.00012901801284451257, -2.2877462541341274e-14, 1.3376408727748162e-14, 2.1345114155399997e-05, -2.837574255343122e-15, -1.846929588442178e-14, 9.8437096287319e-05, 1.1474968550797506e-14, 3.0816871921758266e-15]]
P3->W3
T_min:200 K    T_max:3000 K    P_min:0.0001 atm    P_max:100 atm
[[-24.388977240412746, -1.865174681370263e-14, 4.114730861917894e-15, 4.915934836821347, 4.815265510725773e-14, -1.7899377931513355e-14, 0.3508104695393117, -7.148636082472557e-14, 2.8074490723907648e-14, 0.5604401573265725, 1.2249993909444425e-13, -6.895972701646142e-14, 0.5493009858760507, -1.278038171702373e-13, 6.081119057085749e-14, 0.24936031405835496, 7.192118814089887e-14, -3.8434982249792477e-14, -0.011342390217597084, -7.604498559659219e-14, 5.0278643636191575e-14, -0.11026185101205077, 6.700797928891294e-14, -7.224596303311799e-14, -0.0916212864520691, -2.5951586545113312e-14, 9.721945276117486e-15, -0.03473989816718845, 4.868189889851793e-14, -4.0385438584984026e-14, -0.005106489116872224, -3.847476732757643e-14, 2.0638014497118422e-14, 0.010427577925289547, 2.5609139265890268e-14, -1.1692243638278848e-14, 0.0004267238723074705, -2.7888416101598232e-14, 1.945787287835031e-14, 0.002721479579081522, 2.019987964195717e-15, -2.6563787733499416e-14, -0.004903700665605122, 1.0235242234982803e-14, 4.452630934182018e-15]]
P4->P5
T_min:200 K    T_max:3000 K    P_min:0.0001 atm    P_max:100 atm
[[-34.00509973368639, -7.105427357601002e-14, 4.3942747698587933e-14, 19.57749104109602, 1.368627928005124e-13, -8.092006953292154e-14, 0.16414968824664736, -1.6412289533483947e-13, 9.162478412733855e-14, 0.12039325160506835, 1.7895787634417805e-13, -9.463233853916537e-14, 0.08669027624393645, -1.7522034250693806e-13, 8.274326882937488e-14, 0.052170346633091176, 1.0307963069303255e-13, -6.467104952235076e-14, 0.027135709963208077, -1.0746357775116002e-13, 7.562884731001309e-14, 0.012636801722479187, 8.582176861220907e-14, -9.204982975842624e-14, 0.00541861212201634, -3.509739119378349e-14, 1.8536322597267855e-14, 0.002127641257634449, 4.116272682201157e-14, -3.692272653993949e-14, 0.0009715339425640608, -2.7289664194914526e-14, 5.87595800645305e-15, 0.0003906619895682413, 1.4202145862698372e-14, 1.8739406028835782e-15, 0.00034983989752649953, -9.572186886489767e-15, 1.9523040665876144e-15, 9.665370972529775e-05, -1.528806958462186e-14, -1.545490614932197e-14, 0.00019583539483186734, 1.6860128105153486e-14, 3.9344923240115085e-15]]
P5->W3
T_min:200 K    T_max:3000 K    P_min:0.0001 atm    P_max:100 atm
[[-18.40427513776633, -7.993605777301127e-15, -2.875807966372442e-16, 2.500776171511027, 1.714439021098076e-14, -1.1229452966160292e-15, 0.21670799356570122, -3.6038949638629e-14, 1.0372964520522073e-14, 0.3743086534870764, 7.536811450179019e-14, -4.1846177783405844e-14, 0.3605698437494054, -8.040180664176976e-14, 3.75543337189386e-14, 0.21643698732495503, 3.2328226941236404e-14, -1.6277154161188762e-14, 0.07945129080350986, -4.1440844962433e-14, 2.9597073727499875e-14, 0.027346146140009988, 4.20286794214602e-14, -5.0250843389300907e-14, 0.007691237184302266, -1.3162697992778368e-14, 4.305685722004454e-15, -0.023400277131525853, 3.3966221807287e-14, -3.028891451235868e-14, -0.03160918147713655, -2.542491499184411e-14, 1.4042257722100213e-14, -0.047262396010502486, 1.4841387144154873e-14, -7.887470274377125e-15, -0.02877906700719815, -1.4986226902718126e-14, 1.3392116058580582e-14, -0.026911186439724226, -3.9079976929748316e-15, -1.9088328743381826e-14, -0.003070337436932626, 1.1090686846226359e-14, 2.1064842435823127e-15]]
P2->W3
T_min:200 K    T_max:3000 K    P_min:0.0001 atm    P_max:100 atm
[[-42.464590663284156, -7.638334409421077e-14, 3.0700716228323636e-14, 12.976451207724557, 1.538648459136137e-13, -7.182429326528162e-14, -0.5491235659696069, -1.9701001559714036e-13, 9.496287182932765e-14, 0.11179522138952516, 2.6653282741544306e-13, -1.527371482714139e-13, 0.4509628651384704, -2.6762432677673483e-13, 1.357488652107765e-13, 0.3554850715728186, 1.57497963111481e-13, -9.06041805110896e-14, 0.13125839104077186, -1.613249799748675e-13, 1.0656808080777111e-13, -0.04110394851265608, 1.4031982516701937e-13, -1.3929322997755833e-13, -0.08753941978892715, -7.033641944338652e-14, 3.3844428568120536e-14, -0.031335316636037856, 9.491240142746074e-14, -7.540135897186319e-14, -0.01144982937294067, -7.282027879851029e-14, 3.238751280716438e-14, 0.0365472814861995, 4.018690308413494e-14, -1.1839422373536141e-14, -0.001805645906656074, -3.694599007671308e-14, 2.1909442700293965e-14, 0.017775010882926684, -4.818135706926404e-15, -3.6110203751072535e-14, -0.020978607175518155, 1.9252965553803412e-14, 6.41202621614139e-15]]
P1->P2
T_min:200 K    T_max:3000 K    P_min:0.0001 atm    P_max:100 atm
[[-11.717969546616194, -7.382983113757291e-15, 8.346534624131638e-16, -0.03366198601534527, 1.6006752269367888e-14, -1.3738630939600029e-15, 0.41055757705081747, -2.620964728329491e-14, 5.883457111130123e-15, 0.26191939442780166, 6.052589497382365e-14, -3.5627798496813107e-14, 0.11643977247071496, -6.275568496867527e-14, 3.152251639685072e-14, 0.040394628592501786, 2.770582554377287e-14, -1.3329565604781588e-14, 0.010383885898937979, -3.240124515024712e-14, 2.2129550558715477e-14, 0.0020055255898135723, 3.2614565239203766e-14, -3.585016284435977e-14, 0.0011582059525962318, -9.08856594103185e-15, 1.3320446805446653e-15, 0.0014998796822120904, 2.3611922353952265e-14, -2.0768771442472485e-14, 0.0017426771195904309, -1.680981642336737e-14, 8.785546843250135e-15, 0.000504685444694235, 8.438128669314714e-15, -3.2454442912107293e-15, 0.00019266897344720485, -9.49383682988223e-15, 8.079427939840302e-15, -0.00038605173983033143, -1.5659778582602444e-15, -1.309131578001195e-14, 0.00019656619218221317, 8.152242581637556e-15, -1.3264868560897147e-16]]
P1->P3
T_min:200 K    T_max:3000 K    P_min:0.0001 atm    P_max:100 atm
[[-15.390191291540647, -7.13318293321663e-15, 1.1486272312072877e-15, 1.0708596907929016, 1.2757927329981563e-14, -8.748131036833451e-17, 0.7947807052968956, -2.468478036234039e-14, 4.705202884422229e-15, 0.26006156724850776, 5.956306357504553e-14, -3.548583222329732e-14, 0.0733461587776147, -6.344471607047988e-14, 2.95338272573886e-14, 0.038182047833687345, 2.4349546439564992e-14, -1.0653837262164411e-14, 0.02360289762850369, -3.1359274865721885e-14, 2.3979283978886055e-14, 0.01056286273380942, 3.1579543794341485e-14, -3.918782349655894e-14, 0.0032654006083543486, -6.422985521615262e-15, -2.862631364911999e-16, 0.0017371817932284794, 2.4553242825311076e-14, -2.324963178484067e-14, 0.0013856313479251585, -1.6930337044285164e-14, 9.137328629593256e-15, 0.0009776375966572156, 8.293613202659382e-15, -2.0896984229962297e-15, 0.0003573404195204639, -1.1623851442544085e-14, 9.517203365921875e-15, 0.00025704848458942616, -2.8971222064751127e-15, -1.5472090029161637e-14, 0.0001391312211632718, 9.966501447057312e-15, -2.1445144859885945e-16]]
P2->P3
T_min:200 K    T_max:3000 K    P_min:0.0001 atm    P_max:100 atm
[[-45.73100199314055, -8.260059303211165e-14, 3.607359750639269e-14, 16.36959262106653, 2.0746342808008374e-13, -1.1704437561030435e-13, 0.7763735389548312, -2.2195788573843948e-13, 1.0629157122978224e-13, 0.8344360832410168, 2.924030814966765e-13, -1.6661388721684281e-13, 0.3303867277543019, -2.7049703117220687e-13, 1.3280742076484043e-13, -0.051531082025334296, 1.7752725205596173e-13, -1.0491574826589883e-13, -0.23902473217756492, -1.6930721162128892e-13, 1.1317816056407642e-13, -0.17075631893584653, 1.386915296586251e-13, -1.3787965092058618e-13, -0.012187341190793517, -6.807066184087415e-14, 3.254199846180939e-14, 0.04102712659648754, 9.93805429632004e-14, -8.122561486019394e-14, 0.07554079434385552, -7.789302923280103e-14, 3.951949075055083e-14, -0.03533431081221057, 6.245223954135095e-14, -2.796437633659076e-14, -0.009820149248657626, -5.699264939509286e-14, 3.7594222077541276e-14, -0.058623748056552176, 7.340200446702589e-15, -4.569929464966993e-14, 0.020986364369625365, 1.5412191441581096e-14, 1.1728056156303252e-14]]
P1->W3
T_min:200 K    T_max:3000 K    P_min:0.0001 atm    P_max:100 atm
[[-13.629881812648804, 1.787459069646502e-14, -1.8198385819948148e-14, -1.3916392342067831, -2.847327238973825e-14, 2.6613841840487162e-14, 0.02002386019344939, 1.6843349274976102e-14, -2.2556521419438134e-14, 0.2501635074194263, 3.210848917620096e-14, -1.855557509569639e-14, 0.21506076688355047, -4.09638692152581e-14, 1.843435384113344e-14, 0.07534372771234403, 2.6400689480066117e-15, 1.069246595033359e-15, -0.022294404973617364, -1.2959178876539173e-14, 1.1702483421497619e-14, -0.06897037855241282, 1.9136516833871665e-14, -3.118771344478199e-14, -0.06386271788631655, 5.2936810777796605e-15, -7.041011039586691e-15, -0.01898113083608475, 1.6227756380277702e-14, -1.6820810182420604e-14, -0.005912417585170731, -9.831388846735678e-15, 5.279692381036247e-15, 0.021203295629968234, 1.937320152912639e-15, 7.333243607565838e-16, -0.0014894678879687994, -4.944755400005122e-15, 6.5217341146263486e-15, 0.01071766920128052, -6.747310495354304e-15, -1.362837853860352e-14, -0.011383692612718337, 1.2854005949776285e-14, -2.136878238383497e-15]]
P2->P4
T_min:200 K    T_max:3000 K    P_min:0.0001 atm    P_max:100 atm
[[-47.47754793375752, -1.687538997430238e-14, 1.067871199718062e-14, 17.17238152119171, 1.7595890818624988e-16, 1.3899569192760801e-14, 0.18739031942998177, -5.2815373528748236e-14, 1.4106737478308606e-14, 0.6638071637952504, 1.2501283196089162e-13, -7.240597698927634e-14, 0.40064545190835626, -1.3825380086282257e-13, 5.866295215173141e-14, 0.041548225763267714, 3.941151913405547e-14, -1.95010583968113e-14, -0.19281744250964256, -6.085074460305251e-14, 5.277055641352271e-14, -0.1524750067333029, 5.936113467552089e-14, -9.338099344489955e-14, -0.017411278894618215, -1.2663472029384634e-14, 3.878558228090202e-16, 0.022849469522859885, 5.177305341032519e-14, -5.208719851068278e-14, 0.04882144234094524, -4.5784311265661104e-14, 2.072850438502338e-14, -0.04016216836559611, 3.766029455278857e-14, -1.3841975978650688e-14, -0.006999620066168276, -3.755376703720087e-14, 2.3405821420135908e-14, -0.04284828764638716, -3.979951219231014e-15, -3.9092041636250215e-14, 0.02654268490087111, 1.741267059557523e-14, 7.570548897200049e-15]]
P1->P4
T_min:200 K    T_max:3000 K    P_min:0.0001 atm    P_max:100 atm
[[-16.08437694879047, 7.147060721024445e-16, -4.87694523442981e-15, 0.54438620344152, -2.9597000499006216e-15, 1.0504218614077365e-14, 0.49236486320040035, -1.1784621353974934e-14, -4.759976268977006e-15, 0.1718633513689184, 5.4577060461653164e-14, -3.1136933521724176e-14, 0.09346264897148737, -5.953927251886332e-14, 2.72754752286607e-14, 0.10151385296541575, 1.634804285962127e-14, -6.721010385754902e-15, 0.07866823470344317, -2.558536314227955e-14, 1.9033658311203017e-14, 0.03819734438919224, 2.586000484986293e-14, -3.788334627154975e-14, 0.008923449653122346, -6.554860375660314e-16, -3.3888884780624227e-15, -0.005478996714161928, 2.1362721494265514e-14, -2.1940760376236068e-14, -0.005861816965252932, -1.5191966348309598e-14, 7.024524588162796e-15, -0.00735271430193421, 6.893923024313284e-15, -2.261532386821506e-15, -0.001895978145287546, -9.780378012579028e-15, 9.672577178207148e-15, -0.002407093187016967, -5.383930670775695e-15, -1.5852639254824673e-14, 0.0016725734451095023, 1.2207244134310741e-14, -2.7061729549922795e-16]]
P1->P5
T_min:200 K    T_max:3000 K    P_min:0.0001 atm    P_max:100 atm
[[-15.13497114281088, -1.0880185641326534e-14, 3.462645193250472e-15, 3.629714456710075, 2.907830955005865e-14, -1.1322776188888594e-14, -0.20300172105513478, -3.8009674117656076e-14, 1.4178381671153791e-14, -0.08354637371769215, 7.018644910499325e-14, -4.00442620200189e-14, -0.016295350242796654, -7.063945159973278e-14, 3.3271802539178474e-14, 0.006403574751602748, 3.383215260844703e-14, -1.849516558446763e-14, 0.010140596891299, -3.933874707172859e-14, 2.6849442668944506e-14, 0.007797135142444424, 3.6979426540194416e-14, -4.075490263583572e-14, 0.004693801864787539, -1.3001898625114886e-14, 4.507237947146024e-15, 0.0025479874944336098, 2.77403773063192e-14, -2.4390662690445555e-14, 0.0009495581231820301, -1.9124343410333543e-14, 9.469162179637977e-15, 0.0005062974883574858, 1.2686644390326243e-14, -5.343470035578325e-15, -0.000110225143890881, -1.2345272943633646e-14, 9.176932658457263e-15, 3.6751358594376037e-05, -2.9887082403630515e-15, -1.2919939648286884e-14, -0.00014495464087348913, 8.831089701383468e-15, 1.023227321907481e-15]]
P2->P5
T_min:200 K    T_max:3000 K    P_min:0.0001 atm    P_max:100 atm
[[-49.19966168213838, -3.907985046680551e-14, 3.6366469562494207e-14, 23.30352635753632, 1.0640503338565031e-13, -8.146143670866572e-14, -0.11762546607004501, -1.2243672569078185e-13, 7.119301795333321e-14, -0.04643604596314269, 1.5195168624010133e-13, -8.033587306330984e-14, -0.019175509649333004, -1.5290514663246354e-13, 5.887115002902599e-14, -0.01797707997501892, 5.2289385058155685e-14, -3.2879490371562004e-14, -0.02340140007657315, -8.661586951028614e-14, 7.563399596909304e-14, -0.024589632381299124, 6.977555589911498e-14, -1.0259257043467988e-13, -0.021331682136055987, -1.479426344427672e-14, 3.5198071780521604e-15, -0.016996293701210162, 4.61708369706011e-14, -5.191925241820677e-14, -0.01032465920896776, -3.855518646016348e-14, 1.44910777358478e-14, -0.006941274924108648, 2.3578389187489968e-14, -3.3532675199282624e-15, -0.002094345203714472, -2.3936836113255853e-14, 1.0306876465746246e-14, -0.0015491986750764471, -1.246178559452534e-14, -3.362163196824683e-14, 0.0008004467955047696, 2.4333474882764173e-14, 5.369204971344982e-15]]
P4->W3
T_min:200 K    T_max:3000 K    P_min:0.0001 atm    P_max:100 atm
[[-32.12217676104727, -8.126832540256146e-14, 4.982383937029683e-14, 11.570242722890605, 1.3513581585179693e-13, -7.235603981970236e-14, 0.870507881589261, -1.325501816231249e-13, 6.068258818744424e-14, 0.3586076580457288, 1.7589545526493557e-13, -9.959832174203038e-14, 0.40328100415943374, -1.7310340981616872e-13, 8.5624467911187e-14, 0.24023035039450852, 1.0019176509147869e-13, -5.853390269910195e-14, 0.041147507111027506, -1.1276832642619394e-13, 7.424102887790596e-14, -0.04341997140739786, 9.980499637434028e-14, -1.0197570176072028e-13, -0.052685881167108116, -5.793784914148528e-14, 2.9669248514185885e-14, -0.04343717728128898, 7.612839252151854e-14, -5.821182270265577e-14, -0.023786097259080458, -6.227157564021097e-14, 2.967726520059045e-14, -0.01695155192934284, 4.299919347239182e-14, -1.8586459471660055e-14, -0.003204600573566328, -3.705549239592105e-14, 2.0381224599439676e-14, -0.003499899989775519, 5.219735547516456e-16, -2.7931310523520094e-14, 0.003880331960308503, 1.2301080421077778e-14, 7.412269511896758e-15]]
