==============================
W3_Energy_1
P3->P4
T_min:200.0 K    T_max:3000.0 K    P_min:0.0001 atm    P_max:10.0 atm
[[-26.53533011401139, -1.2266329698686345, 0.07581804966235148, 8.300848455040509, 1.4676314807359194, 0.007570265433357183, 0.9698693673959872, 0.16827372730779253, -0.2134245434738187, 0.646084846289826, -0.5638941695743316, 0.12726826450328188, 0.16556986642007895, -0.04934743509387251, 0.0831208273665464, -0.0520433717691347, 0.2937794948603025, -0.08961032616818795, 0.05244610714084129, 0.02932671245326717, -0.04161950646519324, 0.11811833462809848, -0.1714045556955941, 0.06050721097132216, -0.0009464269753989165, -0.015208888459798245, 0.019398008018736687, -0.0808566793723103, 0.11049738356228207, -0.04191613096182594, 0.010296854450859079, -0.017176762995358766, 0.001107850834113432, 0.021491541767493252, -0.03164266082658527, 0.01224659363555401, 0.018760369729384614, -0.022187322728363622, 0.011050008195501657, -0.030650602500309803, 0.04755007571661681, -0.0188138760851356, 0.011381757885543686, -0.013343671127638002, 0.004286680090342024]]
P3->P5
T_min:200.0 K    T_max:3000.0 K    P_min:0.0001 atm    P_max:10.0 atm
[[-26.038529025761747, 0.00297417078523754, -0.0023018158677632285, 12.076150065518183, -0.0037749426046110313, 0.0028992939565207062, 0.029975393157550205, 0.0012374548995089827, -0.0009710460648528338, 0.04460921036863748, 0.0003245836532782449, -0.0002643248042395146, 0.04837813249346332, 9.362928321381851e-05, -8.396242199245729e-05, 0.03517151297252627, 7.698962289852438e-05, -7.110919928694074e-05, 0.02068131245299389, 6.192934554199569e-05, -5.798879977881518e-05, 0.010521455789085947, 4.53608531080567e-05, -4.374911744105068e-05, 0.004823929109591924, 3.293944457906869e-05, -3.265161890885256e-05, 0.0018541454844612725, 1.2239488330843282e-05, -1.5067044676016037e-05, 0.0007729532480648619, 1.0290707981880649e-05, -1.2919944055768258e-05, 0.00016628464577627774, -1.4155583569490549e-06, -1.8166402800128634e-06, 0.00016642787418851465, 1.534291576230896e-06, -4.521118045163917e-06, 4.910391702301143e-06, -1.3177207110453522e-06, 4.4520749827072367e-07, 9.706292119430462e-05, 9.687220437331343e-07, -2.3950555097249607e-06]]
W3->P5
T_min:200.0 K    T_max:3000.0 K    P_min:0.0001 atm    P_max:10.0 atm
[[-6.20042108065915, 3.471345106607332, 1.1064641432839297, 14.091207280115086, -1.276582575482196, -0.9277391176916291, -0.6405447499741643, 1.0845361058085383, -0.38080526998826203, -0.021817606789209007, 0.4274373308859236, -0.16824320405425175, 0.44712021407545294, -0.25321125109941756, 0.03683986861489511, 0.2713285757883375, -0.13933830357104807, 0.018626959988521204, 0.00785797112817395, 0.07045892760251934, -0.05670631013787267, 0.060212678318804065, -0.09815401922588866, -0.000534398876090632, 0.07997297027884234, -0.16127344283963185, 0.026992390329786224, -0.0044270232127604425, -0.06783159175178591, -0.003908342879692767, 0.01695252746208384, -0.08057252258756119, 0.03403124812658146, 2.0490702006726965e-05, -0.06732022725411109, 0.026095547905588167, 0.010221870592345878, -0.03934403385266141, 0.03847312547189647, -0.022976501588644158, 0.0030650784070725013, 0.004547314576000959, 0.024563417656904358, -0.02823314272838494, 0.027338418353075034]]
P1->P4
T_min:200.0 K    T_max:3000.0 K    P_min:0.0001 atm    P_max:10.0 atm
[[-16.20673956863936, 0.06404449942838669, -0.14474455319971324, 0.7095214517668116, -0.07530201330457398, 0.20119246935448096, 0.4547160006541962, 0.0012034825126222082, -0.053984648406531714, 0.1520063274385781, 0.020175796737072996, -0.018584909411975076, 0.10148126443910503, -0.002968208671993864, 0.01027221291789748, 0.10674247961202757, -0.0051710327287378035, 0.004909736012691237, 0.07858263493572303, -0.0013734604486862095, -0.0008882829342800263, 0.03776173089110546, 0.00021381485725882417, -0.0005189605854001488, 0.009377217758217418, 8.797122353994623e-05, 0.0006641693141627824, -0.004863664194739505, -0.00032572747665850986, 0.0007216956880347677, -0.006431980258136038, 0.0006684075787820789, -0.0004950506818111137, -0.007706739212664784, 0.00048566341392766954, -0.00025753659716845585, -0.002833457863318901, 0.0011346880614290721, -0.0008229348675990424, -0.0026813149066715687, 0.00033081108324488107, -0.00016425922653545726, 0.0010303768208227693, 0.0006740957084060517, -0.0005809903540181145]]
P4->P5
T_min:200.0 K    T_max:3000.0 K    P_min:0.0001 atm    P_max:10.0 atm
[[-34.00815487583095, 0.0033489555265235893, -0.002590000042619643, 19.58166274888032, -0.004546137897241993, 0.0035157321301310133, 0.16304881717977743, 0.0011228445430866178, -0.000869459682631502, 0.1202907039214799, 0.00018939664907345589, -0.00014690838034735798, 0.08666483113209528, -2.3768123962594015e-05, 1.840319923774743e-05, 0.052208331886664544, -2.4714937648322823e-05, 1.8274208595838117e-05, 0.027150284565861157, -9.364064397168559e-06, 6.562573563742306e-06, 0.012613688410409378, -3.791193000999058e-06, 2.181398603933848e-06, 0.005454600912837386, -1.8297011966476595e-07, -4.943933928780161e-08, 0.002080496074187802, -1.6925655534946827e-06, 7.255898374649159e-07, 0.0010310482106064525, -2.0856826860039293e-06, 1.525483459425309e-06, 0.00033694965166138264, -1.8073927577906662e-06, 1.1335996690090618e-06, 0.0003892113220731885, -1.911606664815122e-06, 1.6653590971076724e-06, 8.126909392395761e-05, 8.54962708230513e-09, 9.654280314402768e-08, 0.0001988149523154663, -2.3889610348898397e-06, 1.6025208484972282e-06]]
P5->W3
T_min:200.0 K    T_max:3000.0 K    P_min:0.0001 atm    P_max:10.0 atm
[[-19.05259721669485, 3.4713011028920406, 1.1064755617882478, 2.133020994996465, -1.2766273966419088, -0.9277379287188261, -0.3454610193562988, 1.0844331167216796, -0.3807883275639605, 0.14067552317329204, 0.42738270671777273, -0.16823792265533175, 0.5173198408737817, -0.25327489856640856, 0.0368656855880276, 0.29985239432332667, -0.13934958153440893, 0.018643365161086927, 0.01947980535132476, 0.07044167986083842, -0.05668898888425459, 0.06521056090124547, -0.09817017131807304, -0.0005219903872640725, 0.08231042931494002, -0.16127304367929773, 0.026999391226060803, -0.0032922021790221722, -0.06783148417305605, -0.0038969790647931696, 0.017576917495159945, -0.08051958674057577, 0.03402202913839427, 0.000312605663603123, -0.0673040792649773, 0.026095414000194387, 0.01043290602375227, -0.03929962069001467, 0.03845545545927624, -0.022907954628947874, 0.0030607826499187713, 0.004546072794240729, 0.02463743447179398, -0.028207923838015323, 0.027327208165350746]]
W3->P4
T_min:200.0 K    T_max:3000.0 K    P_min:0.0001 atm    P_max:10.0 atm
[[1.0175613409879534, 0.5352261315789564, 0.09634700895982916, 3.439765247198886, 0.9916498057487506, 0.0843841685601703, 0.029050737277272316, 0.7796163672733727, -0.1644791493887788, -0.13926367513991875, 0.4289679981294674, -0.2160473315738558, 0.20989250572896462, 0.08314709112561396, -0.13215029266437914, 0.27897008532319434, -0.15217597751153386, 0.0012055144701046219, 0.16403259836907227, -0.2320372732546047, 0.054426552596535525, 0.0898588549056114, -0.22399433106143168, 0.06571092406888984, 0.06134529598657017, -0.1813439353980991, 0.06024071547656123, 0.024649206578837433, -0.11627785738412412, 0.03496873235769559, 0.017350231311669698, -0.05320879928167138, 0.030439205369641714, -0.022600583554234766, 0.007877434000542987, 0.0021200642952377887, -0.006912391995545039, 0.027312825871420022, 0.01117222067598323, -0.022895684554393395, 0.0313215324842158, -0.006197757550590401, 0.008641694913100843, 0.008561391385120814, 0.010282615572365466]]
W3->P1
T_min:200.0 K    T_max:3000.0 K    P_min:0.0001 atm    P_max:10.0 atm
[[2.719416791823366, 2.352594197506671, -0.2572730462305478, 6.184251827931169, -0.25355599388104894, 0.15366858913581563, -0.314050933864514, -0.29336127372341086, -0.004202899645733231, 0.10968622940391304, -0.13791015243423657, -0.015593050093501122, 0.16990398359547254, -0.08532158653658128, -0.015659251246128377, 0.08368288851982081, -0.05617032482136018, 0.013925214835660173, 0.0020139133072939424, -0.05118914588729433, 0.020193670367948138, -0.037822245966380064, -0.04660310353323914, 0.024949716990731338, -0.030714115437567184, -0.04315198901233488, 0.025492869532226854, 0.00794372929975126, -0.05060931010913767, 0.012356982087054708, 0.026454938733503366, -0.04332179383245737, 0.02226638267985823, 0.04306716826039178, -0.046404840700742855, 0.008925550286106204, 0.0230864368010214, -0.022260192693945517, 0.023585853483305965, 0.01911247990280079, -0.016367774373469153, 0.005250412999723635, -0.001978844108841458, 0.003604615179757574, 0.014122125113579295]]
W3->P3
T_min:200.0 K    T_max:3000.0 K    P_min:0.0001 atm    P_max:10.0 atm
[[0.15194214042593107, 0.6600019743681091, 0.028171612075565986, 4.0720655567146, 1.0731528766805982, 0.10327874985076567, -0.4276794389545714, 0.7761718236669726, -0.10933804619852504, 0.058447550349003285, 0.4632235307842754, -0.24439385132255284, 0.43554534450100263, -0.09183752055118895, -0.1412163575743328, 0.3877567779518237, -0.3483975101057612, 0.02180670084690897, 0.2368255718714009, -0.40853139840010355, 0.13552627046567656, 0.046466920098248564, -0.20252183565934045, 0.11389916498868022, -0.08403887605567716, 0.027268537907097132, 0.02464665486513195, -0.051868845858781654, 0.014310122615733946, -0.012004174081356437, -0.04174653850561835, 0.048156202426594165, -0.025379467474393395, 0.07811541731401314, -0.12709962695635102, 0.034686092209808644, 0.020143056290592775, -0.006982025409685998, 0.023333433701504987, 0.058151200237672736, -0.08200042285921887, 0.039158320391170204, -0.035462314569917656, 0.07160394903086724, -0.007993028286968762]]
P1->P3
T_min:200.0 K    T_max:3000.0 K    P_min:0.0001 atm    P_max:10.0 atm
[[-15.353949256736911, -0.07744654849851276, 0.010524919354235355, 1.0076664242345454, 0.12690899573166253, -0.02307719078191665, 0.8291503677958052, -0.06074612491487223, 0.017598242840188443, 0.2508332046970763, 0.010972904316803676, -0.007960324412194427, 0.07016034083438653, 0.005995088490030183, -0.0013811440739018483, 0.03941635592852678, -0.001459738572886886, 0.0013912514392042294, 0.024475647397588264, -0.001177816679066647, 0.00016158411598402413, 0.009774957097603091, 0.00028148528648077806, -0.000580655204607326, 0.0030752762302210844, 0.0005727908117754455, -0.00022657400860318558, 0.0017578927732376363, 3.1539455398972016e-05, 0.00012966686222969198, 0.0014738832524166556, -0.00015052445709553527, 1.9866416843508186e-05, 0.00089891985068593, -8.256450475280168e-05, -1.835108133041082e-05, 0.000440304799889513, 0.00017204263416838064, -6.732460422133751e-05, 8.39425225030905e-05, -3.770649120627676e-05, -3.5471818429284143e-06, 0.00024035571488745605, -7.09511624243527e-06, 2.9554794679564763e-05]]
P1->W3
T_min:200.0 K    T_max:3000.0 K    P_min:0.0001 atm    P_max:10.0 atm
[[-14.750209643035365, 2.3525457412766078, -0.2572590717189452, -1.2018898428675364, -0.2535907631626822, 0.15366459964099624, 0.12754310104731195, -0.29347291452056623, -0.004181549735428615, 0.2978754214335806, -0.13795914881342364, -0.015590332472800228, 0.24253709367244272, -0.0853924734985344, -0.015630009728154287, 0.11164455622123587, -0.05617721976927284, 0.013939296770166342, 0.013243059185768227, -0.05120978445613641, 0.020213264883935562, -0.03296284632128861, -0.046615206542816895, 0.024959908459225716, -0.028411835309113908, -0.04314833460969448, 0.02549836551837172, 0.009076400415926077, -0.05061097859008901, 0.01236894875020524, 0.02707942797516364, -0.04326502837322099, 0.02225558018139845, 0.043365849848987476, -0.0463938520459494, 0.0089277765016571, 0.0232931488271445, -0.022207691368914484, 0.023564249019083768, 0.01918880424547407, -0.01638197735147563, 0.005254077692607096, -0.0019087780579683396, 0.0036355988156666036, 0.01410806883190693]]
P4->W3
T_min:200.0 K    T_max:3000.0 K    P_min:0.0001 atm    P_max:10.0 atm
[[-32.2846110815646, 0.5351801920670942, 0.09635919721359575, 11.21282919247414, 0.991607878882651, 0.084384635476046, 0.43579623058404593, 0.7795066469681913, -0.1644594596363996, 0.042190338203346806, 0.4289152001134284, -0.21604218951836893, 0.2834767572126444, 0.08307698381545697, -0.13212158026519993, 0.3083099902646577, -0.15218411241764773, 0.0012203006612837824, 0.17595772530152887, -0.23205679615708674, 0.05444558917894063, 0.09498546863840979, -0.2240070489135602, 0.06572137587109095, 0.06373272164918083, -0.1813434521393102, 0.06024794760653574, 0.025793856127587046, -0.11627462866439349, 0.034978272650917366, 0.01797399979449928, -0.05315733523013951, 0.030430950510721495, -0.02231259333714917, 0.007893716395314198, 0.0021197489677909566, -0.006705403944674479, 0.027359164160306464, 0.011153796863108557, -0.022825598572125304, 0.03131296401529673, -0.006197055204832377, 0.008712488394625191, 0.008590560367184145, 0.010269715550433996]]
P3->W3
T_min:200.0 K    T_max:3000.0 K    P_min:0.0001 atm    P_max:10.0 atm
[[-24.651597437152994, 0.6599568039645551, 0.028183281029004515, 4.534558432364377, 1.0731085251367045, 0.10328048501488273, -0.04755685160297074, 0.776063547187654, -0.10931928560016048, 0.21990552655596732, 0.4631725077209381, -0.24438936692425794, 0.4967660211217115, -0.09190232755062801, -0.14119062307461216, 0.4103483932779437, -0.3484082767323343, 0.021823015313587442, 0.24537048236931078, -0.40854900593113314, 0.13554386904622878, 0.04994232438893149, -0.2025433118587228, 0.11391365918852402, -0.08248260917516716, 0.027269176678211653, 0.024653952856029032, -0.051132878021710106, 0.014310436416661361, -0.011993436020457, -0.04135356437058853, 0.04820712150852813, -0.02538722638400607, 0.0782979826157889, -0.1270786824034981, 0.03468307247620927, 0.020274804882969958, -0.006938431262726793, 0.023316524181042953, 0.05820006745832839, -0.08200676081618542, 0.03915745381905178, -0.03541830583102141, 0.07163021555285341, -0.008004574162237798]]
P1->P5
T_min:200.0 K    T_max:3000.0 K    P_min:0.0001 atm    P_max:10.0 atm
[[-15.135132963902622, -0.00047554584634768027, -0.00026986312466219204, 3.62434240300371, 0.005394616999657284, -0.005127208413444948, -0.20810502668168712, 0.004467459000537831, -0.004705436990155922, -0.08683296127951289, 0.0030529489238790264, -0.0032560531676176932, -0.01879019456569362, 0.0018125361306516202, -0.0024573513730026257, 0.004848874090762086, 0.0011178771410895235, -0.0016440125681093523, 0.009285010546906424, 0.00034338281281113116, -0.0010261837276921044, 0.007517004690520151, -0.0002445049349457201, -0.0004330951995629213, 0.005004251991289192, -0.0006368016004151183, 6.217553252687223e-05, 0.0030470050898294253, -0.0009830112034170371, 0.00032766011465483523, 0.0017625366154483387, -0.0008818842065055556, 0.0005749654139885209, 0.0010841446723651633, -0.0009139778576497125, 0.0004906777509677924, 0.000486959333912112, -0.00048664568028651035, 0.0005021254556168227, 0.0003395451615338279, -0.0004100021153285081, 0.0002518367381915796, 3.2983948223359e-06, -2.0800368690926917e-05, 0.0001931537588707914]]
