==============================
W1b_Frequencies_1
P1->P2
T_min:200.0 K    T_max:3000.0 K    P_min:0.0001 atm    P_max:10.0 atm
[[-11.500598994181278, -0.1487279618032093, 0.23535059178893641, -0.34696516989253556, 0.17738705837670957, -0.29306460599061696, 0.43037006851972753, 0.007703661497684098, 0.015784024463965922, 0.33057911288956826, -0.04864770126746099, 0.05423490164273761, 0.12044673226791697, 0.004804840358795348, -0.0010588654827962344, 0.02921532297936346, 0.009788251893093352, -0.011642344603447898, 0.008917229480686203, -0.0012340151442583312, -0.0020884444597665127, 0.004348272799255113, -0.0017710852881104913, 0.0017890334559552642, 0.001963465131196195, 0.0008705026610669824, 0.0008590675792503459, 0.001069945746830307, 0.0009100759752364545, -9.26805161593875e-05, 0.0012872394884153545, -0.0010890864491437963, 0.00012847828016989085, 0.00047844573721728784, -0.0003131973476928118, -0.00017644547075746828, 0.0003335761986936384, -0.00021872429089281754, 7.651319172796051e-05, -0.0003170790788586814, 0.0010077043865801888, -0.00025791385229913504, 0.00011295270428092187, -3.462313645705442e-05, 0.0001227410429544705]]
==============================
W1b_Energy_1
P1->P2
T_min:200.0 K    T_max:3000.0 K    P_min:0.0001 atm    P_max:10.0 atm
[[-11.496253221194682, -0.1496494075632397, 0.23924793155439866, -0.3507580421306785, 0.1766633430067875, -0.29655388037742075, 0.42725182352357793, 0.011908151724634478, 0.01322260631727408, 0.33346233356373267, -0.0516084523386511, 0.056636136587813954, 0.12110669041700717, 0.004100010998141921, -0.000507296589414235, 0.028108797118074524, 0.011130169851388767, -0.01253544602628462, 0.008706475181588624, -0.0010214012034257096, -0.0022632710056061964, 0.0047032279806836375, -0.0022494677012511685, 0.0020694916736967955, 0.002048509957333904, 0.0007504913458377581, 0.0009241036687867324, 0.0009760319498030889, 0.0010331587406386359, -0.00016766960489303, 0.0012278153897013748, -0.0010005930758114978, 8.232386243622766e-05, 0.0005302053503293648, -0.0003652983511043278, -0.00013155748328019478, 0.00034184324712214435, -0.00022987430012702659, 8.298993932135823e-05, -0.0003033503403069785, 0.0009819101969448297, -0.0002481445728396885, 7.850961453824611e-05, 2.007585524407185e-06, 9.310257883288697e-05]]
==============================
B8_Energy_1
P1->P2
T_min:200.0 K    T_max:3000.0 K    P_min:0.0001 atm    P_max:10.0 atm
[[-11.499155577803956, -0.14661180464324508, 0.23804514737830598, -0.34914428986584173, 0.17376752999335235, -0.29572973854012086, 0.42866384176685585, 0.010524916745675579, 0.014346125943445061, 0.3326035545071102, -0.05045950989530786, 0.05601719029621384, 0.12053689730323583, 0.004704938412736782, -0.0009564594735912327, 0.028429998046641536, 0.010709840794276703, -0.012289864482773685, 0.008953499910759154, -0.0012776146132539717, -0.0020801516979870984, 0.004651750232870538, -0.0021468831445229557, 0.002013074194596433, 0.001964587297878672, 0.0008602458211600091, 0.0008459904816540444, 0.0009728564924780948, 0.0010317938324424624, -0.00017529247775462095, 0.0012647776450053314, -0.0010421269601816373, 0.00011412567724442685, 0.0005522816432733562, -0.0003881808243985933, -0.00011273868244581776, 0.00032667700814545094, -0.00020841000356440774, 7.155869982832784e-05, -0.0003173776062521582, 0.000994957691445365, -0.0002613779578812323, 7.652461003100106e-05, 2.8316147665278838e-06, 9.119245546178499e-05]]
==============================
B1_Frequencies_1
P1->P2
T_min:200.0 K    T_max:3000.0 K    P_min:0.0001 atm    P_max:10.0 atm
[[-11.497652115885701, -0.14996376559324703, 0.2400080032619991, -0.3558531392829922, 0.1766837031238233, -0.2972300876651627, 0.42291890994055253, 0.012719154339314179, 0.012719310028272363, 0.3310381985873094, -0.05223629196970483, 0.0571269120874005, 0.11900288667875138, 0.003959258064614842, -0.0003987245338063183, 0.02625719129802076, 0.011421786067655357, -0.012728024080448382, 0.007582019723583764, -0.0009912057316082868, -0.002291333258590984, 0.004058296502563509, -0.0023519706423150684, 0.0021317533550701227, 0.001589505613317512, 0.0007319399977002955, 0.0009355249627200873, 0.000676307869838491, 0.001055537796068817, -0.00018254622312686468, 0.0010164419042039746, -0.000980340591720038, 7.207915836056452e-05, 0.0004492829279337418, -0.0003817452561712181, -0.00012074532775339971, 0.0002545244771969203, -0.00022502657033835523, 8.117713115211407e-05, -0.00032073684132989845, 0.00097462744014889, -0.00024525551014181073, 3.6753108703015846e-05, 1.0814270182554528e-05, 8.73135108617583e-05]]
==============================
B1_Energy_1
P1->P2
T_min:200.0 K    T_max:3000.0 K    P_min:0.0001 atm    P_max:10.0 atm
[[-11.5216157947171, -0.15209228746308018, 0.24108324065378692, -0.313923277522979, 0.17724552701543717, -0.296479840777645, 0.41461761120997387, 0.015899957175890087, 0.009303116865101758, 0.3327894994066611, -0.05350053833828994, 0.05793948516034062, 0.12291725397650129, 0.0028140237694235766, 0.0010593274698041462, 0.02782537845681653, 0.012184444879955883, -0.013074821184412258, 0.008238182669980087, -0.0005362616026396823, -0.00284925809158608, 0.004949202132509941, -0.00291105096662764, 0.0022182825763078797, 0.002204021234223326, 0.0002290005752995072, 0.0010615393983295072, 0.0008631169455067462, 0.0010904961363172533, -0.00023239684122501448, 0.0011335914214728503, -0.0006116512110493207, 5.050506114155961e-05, 0.000599807471707647, 0.00012681272291843658, -9.662760760854012e-06, 0.0003279683830682443, -0.00013570293543414775, 7.144907048898323e-05, -0.0002601586913681879, 0.00036528719270992435, -0.00028174755459640233, 4.823909603192181e-05, -0.0006269544659323975, -1.0055562557960867e-05]]
==============================
colrel_Epsilons
P1->P2
T_min:200.0 K    T_max:3000.0 K    P_min:0.0001 atm    P_max:10.0 atm
[[-11.494729256258028, -0.14775726291450525, 0.24078310229936956, -0.35232102044752794, 0.17372870973306534, -0.2981799567449434, 0.42644782929078484, 0.013485104269570088, 0.012566278148101715, 0.3346592770679235, -0.052398847988600464, 0.05768446003521903, 0.12099527125577596, 0.004196732080604067, -0.0005981659219227804, 0.027705296081089435, 0.011488674551931886, -0.012874836780013357, 0.008792089487875375, -0.0011620018852819788, -0.0021972528246078627, 0.004835266273046048, -0.0023916414699667993, 0.0021776182964459096, 0.002013951159877733, 0.0008113701237245236, 0.0008971239880123542, 0.0009274723648279175, 0.0010951239600134534, -0.0002076399670852059, 0.0012374750631209293, -0.001018374063035309, 9.109278952433365e-05, 0.0005560455278773246, -0.0004000737929247708, -0.00011106101951427767, 0.0003427931136803023, -0.00023028817209435967, 8.418228141882568e-05, -0.0003164947161452624, 0.0010009113774464512, -0.0002596583984225665, 7.110705443491359e-05, 1.1278370937502622e-05, 8.746467604107794e-05]]
==============================
B2_Energy_1
P1->P2
T_min:200.0 K    T_max:3000.0 K    P_min:0.0001 atm    P_max:10.0 atm
[[-11.495397344780327, -0.1499614365530305, 0.24000419992616204, -0.3515111476666464, 0.17668643395582048, -0.29723370397206716, 0.42663650276103193, 0.01272682022045177, 0.012716364686395974, 0.33405680889515776, -0.05223997921546379, 0.05712946982257758, 0.12123371753799642, 0.003962270945811329, -0.00040143621580010486, 0.02786720936970216, 0.011424045471228285, -0.012730514213150803, 0.008672362720444778, -0.0009892044580926114, -0.002292512171973268, 0.004782884534603188, -0.0023542177220967565, 0.002132629445170314, 0.0020629414804040768, 0.0007319055154758929, 0.000935824668818468, 0.0009576452566032817, 0.0010565925245867584, -0.0001832859193025931, 0.001215967793831476, -0.0009833486282592645, 7.315524374507085e-05, 0.0005420720563408244, -0.0003789680408876494, -0.0001221873093449117, 0.0003411427508914316, -0.00022836929310400035, 8.278392978151824e-05, -0.000300658137510502, 0.000977028891037458, -0.0002466130136531069, 7.284380492176559e-05, 8.343924800662265e-06, 8.851845145702096e-05]]
==============================
colrel_PowerOne
P1->P2
T_min:200.0 K    T_max:3000.0 K    P_min:0.0001 atm    P_max:10.0 atm
[[-11.49659493154413, -0.15178843558221794, 0.2387230086865568, -0.34909328053998695, 0.18000568171657505, -0.29465984916427507, 0.42503930317207317, 0.010281220236051576, 0.01098404793272707, 0.3339062064955126, -0.05100303909593711, 0.05708019106966983, 0.12211647018733195, 0.0038349373607137944, 0.00044460207626747025, 0.027634616502346047, 0.011260722668429554, -0.012961872664393751, 0.008436711221484082, -0.001088184242321682, -0.0025334836221072837, 0.004870728588540294, -0.0023275280365970875, 0.0022138993761131103, 0.002093646455482494, 0.0009057037263244714, 0.0009852918925853554, 0.0009056171553714137, 0.0011560021173526724, -0.0002176459185838228, 0.001278376567441675, -0.001234806734573185, 0.00010641455191993863, 0.0005389857180161403, -0.00038073733549753245, -0.00012817281215893276, 0.00034357125961044987, -0.0002327521333201869, 8.367078397643865e-05, -0.0003642261616004957, 0.0011675287761558147, -0.0002852883747415411, 0.00010476093964104705, -6.343838808195223e-05, 0.00011290360888136938]]
==============================
colrel_FactorOne
P1->P2
T_min:200.0 K    T_max:3000.0 K    P_min:0.0001 atm    P_max:10.0 atm
[[-11.489538156229951, -0.1423592425928505, 0.24625835465046617, -0.3579976229470925, 0.16476299225813226, -0.30441119492572444, 0.4247181952721043, 0.018091590289708293, 0.011264057197206878, 0.3378855159525599, -0.05345817038323692, 0.06069366977977277, 0.1203471463613767, 0.004562949929684604, -0.001150016643987294, 0.027029812286302614, 0.011116576886323443, -0.013562482033668225, 0.009124690969402707, -0.0016045595027846876, -0.0019441591105185951, 0.00489724876683038, -0.0019464818271703662, 0.002279554959063869, 0.0018609834534775783, 0.0011630559132130046, 0.0007984758405723181, 0.0009430599103861905, 0.0009348231707589052, -0.00020225367096055407, 0.0013950723824545422, -0.0014468270167729146, 0.00018934643764830015, 0.00047207546521699646, -0.00022418064679826028, -0.000176325656006082, 0.0003247587831601537, -0.00016034432776070937, 7.311454439992762e-05, -0.0003735340824252976, 0.0011829805904399874, -0.00028836096990121174, 0.0001479467437326465, -0.00016509424060432194, 0.00014185611171614067]]
==============================
B8_Frequencies_1
P1->P2
T_min:200.0 K    T_max:3000.0 K    P_min:0.0001 atm    P_max:10.0 atm
[[-11.511989986768087, -0.14724873620431878, 0.2393721376078057, -0.3690145635613827, 0.17408356777104858, -0.29699593696207605, 0.4144308601344399, 0.011561098289363131, 0.013657712506321553, 0.3251086188519818, -0.051369662236277654, 0.05675271724763504, 0.11614614342507049, 0.004659841941208584, -0.000867429722877166, 0.026146176713384567, 0.011064157212887553, -0.012538445472886921, 0.00825475753733299, -0.0013106114535140344, -0.0020890989647410854, 0.00460962273849664, -0.0022761962307241415, 0.0020918763230077663, 0.002014973745067495, 0.0008703815168233362, 0.0008500202131824481, 0.0010068325613653074, 0.0010817189186944091, -0.000200753839266142, 0.0013449430441075222, -0.0010423576352348335, 0.00011022049019955071, 0.0006000041160615893, -0.00040234436977743947, -0.00010906165321728719, 0.00039782791482746304, -0.0002271823057869237, 8.27945877822716e-05, -0.0003106765966536598, 0.001008518863078435, -0.0002665382107401245, 0.00010354538129272366, 8.250812325414382e-06, 8.992462530990448e-05]]
==============================
B2_ImaginaryFrequency_1
P1->P2
T_min:200.0 K    T_max:3000.0 K    P_min:0.0001 atm    P_max:10.0 atm
[[-11.44691181749111, -0.16705013952148878, 0.23218810411138388, -0.37663006329794907, 0.19387281003118828, -0.2829822009424158, 0.40340741683688164, 0.014138039514594155, 0.007344576113852455, 0.3260027907600836, -0.04875443760531826, 0.05159124057587569, 0.1289685526270447, -0.0018876110993586858, 0.003899329942789064, 0.03242478191299838, 0.009416363421579897, -0.010545158499065907, 0.0072834360748487165, 0.0017271380474521611, -0.0039355659287347005, 0.0034048057050327166, -0.0010728765667354717, 0.0010752463892402476, 0.002372740805139451, -0.0001334735196378142, 0.0013803349356933088, 0.0014529835788616849, 0.00030874045577319073, 0.000327607019639561, 0.001078709190205257, -0.0007495885926547104, -2.3979601152113456e-05, 0.0003166310228955168, -4.2284155463933336e-05, -0.0003339258403499183, 0.00027833730155137515, -0.00013971017086353814, 1.1626621347872439e-05, -0.00010958674920382821, 0.0007321241827097942, -9.697315151956532e-05, 0.00015778672494974036, -9.525648951883359e-05, 0.00016269919879238632]]
==============================
B8_SymmetryFactor_1
P1->P2
T_min:200.0 K    T_max:3000.0 K    P_min:0.0001 atm    P_max:10.0 atm
[[-11.497936478058662, -0.1489725724346339, 0.23959934430431107, -0.3524618642308258, 0.17580792381754093, -0.296991398985944, 0.426171227891677, 0.012156405967333484, 0.013157664042478966, 0.33313598989934473, -0.05182720962791977, 0.05690522366001388, 0.12070665019791016, 0.004219597645789245, -0.0005844104908918502, 0.027888686369631013, 0.01125971079463791, -0.012636288308758917, 0.008756137034361495, -0.001097557891811422, -0.0022192663718955093, 0.004773250478631095, -0.0023107834696299333, 0.0021095044865755814, 0.0020441651182940266, 0.0007802805598177374, 0.0009048342167943618, 0.000968382567593347, 0.0010554334299506566, -0.00018460669247920018, 0.001236732155596618, -0.0009985821268894191, 8.425007855754164e-05, 0.0005530135141361489, -0.0003878417678804211, -0.00011663633549594143, 0.0003406561341882255, -0.00022112381114772523, 7.942347351676477e-05, -0.0003053474378115828, 0.000984036567852727, -0.0002519887542391057, 7.422600999324387e-05, 9.712268610379768e-06, 8.810784682236157e-05]]
==============================
W1a_Frequencies_1
P1->P2
T_min:200.0 K    T_max:3000.0 K    P_min:0.0001 atm    P_max:10.0 atm
[[-11.506856657088235, -0.17549411258082065, 0.22722432146355387, -0.33650494070681763, 0.20900087815171348, -0.28083918780933825, 0.4267598367950233, 0.007313409634857043, 0.012819912311897793, 0.3267612031282621, -0.050876237380916976, 0.05031479660299525, 0.1245525852900196, -0.0006022858412951274, 0.0022129922673311416, 0.02965645684821197, 0.011324847799610526, -0.011062333065805003, 0.00719162805578404, 0.001714042018681843, -0.003403425382616474, 0.004150461445089659, -0.002028897807747825, 0.0015830518998717173, 0.002648800704417336, -0.0005339087067855491, 0.001361031702659146, 0.0013659689888446992, 0.0004446676303058153, 0.00013631284454352691, 0.0008791839748039094, -0.00023452229179802783, -0.00017640817602337735, 0.00040684058393450107, -0.0001169561040706584, -0.0002187775193777508, 0.0002695388052766299, -0.0001274071570568742, 2.6169868025726214e-05, -2.5647344413657326e-05, 0.0004182882660693275, -3.913196517805425e-05, 6.427017428894872e-05, 2.6859591317120145e-05, 7.879962382953622e-05]]
==============================
W1a_Energy_1
P1->P2
T_min:200.0 K    T_max:3000.0 K    P_min:0.0001 atm    P_max:10.0 atm
[[-11.497691894230691, -0.15919278493286926, 0.23713781894372643, -0.34831889246277203, 0.18817154714983722, -0.29343333649210834, 0.4267009418264806, 0.01066886301554536, 0.012735778172775044, 0.3318703619843224, -0.05113190901778981, 0.05516959175120979, 0.12246729609882892, 0.001959379342451839, 0.0005463690085673314, 0.028359614343483434, 0.011616862158164024, -0.01224807247853721, 0.008107786553321639, -0.00022091666425612134, -0.0027512025830758826, 0.004673999286601632, -0.0024326398153498336, 0.002024093555671151, 0.002297597227702239, 0.0004262561114706691, 0.001130173727536961, 0.0010095234824922695, 0.0006468877166973043, -0.00017805084524285275, 0.0010214357965631338, -7.665505014884111e-05, -1.4759153029239553e-05, 0.0006269944381339269, -0.0007719699437292789, -8.52084059974982e-05, 0.0002633374700811658, 0.00018354854948874824, 5.3548905911425176e-05, -0.00015399256812560186, 1.609884984963573e-05, -0.00021055090901386656, 5.4366426379981846e-05, 0.00043271194990191804, 0.00011877526564615174]]
==============================
W1b_SymmetryFactor_1
P1->P2
T_min:200.0 K    T_max:3000.0 K    P_min:0.0001 atm    P_max:10.0 atm
[[-11.496584454751284, -0.14969373408937336, 0.2389417760326202, -0.3504687095733232, 0.1768561854320922, -0.29627820754431455, 0.42749446545063213, 0.011575587900874864, 0.01342382487784044, 0.3332316922944031, -0.0513867706703584, 0.05644180434347582, 0.12106138907854627, 0.004144555661466141, -0.0005454407909326484, 0.028196013637766984, 0.011025660199728449, -0.01246496425561721, 0.008722237096541552, -0.0010365173663501673, -0.0022502763234489636, 0.004672759559277872, -0.0022076438058463745, 0.002045664462327883, 0.002043264694801652, 0.0007585275911968583, 0.0009202434124938661, 0.0009842458368655772, 0.0010223032939917366, -0.00016101597414442016, 0.001232589892422343, -0.0010080496482287597, 8.568309729028427e-05, 0.0005237923506748758, -0.0003582076944142075, -0.0001365487763352648, 0.00034325313906367856, -0.0002318688811053948, 8.3431871941267e-05, -0.0003059325529609916, 0.0009864639880613818, -0.0002495737359787924, 8.312034592443617e-05, -3.3451695050842446e-06, 9.6747951707068e-05]]
==============================
W1a_SymmetryFactor_1
P1->P2
T_min:200.0 K    T_max:3000.0 K    P_min:0.0001 atm    P_max:10.0 atm
[[-11.49720758920736, -0.15796071869580336, 0.23770447648455503, -0.3489900275342644, 0.18651888643772982, -0.29420646344507645, 0.42660883520842796, 0.011595332733940249, 0.012730302078540515, 0.33245180218393017, -0.05215746419325777, 0.055613323751329866, 0.1221619728661373, 0.002659480276411775, 0.00033118751577791364, 0.028261974190269573, 0.011370148653246976, -0.01236986561587898, 0.008236361733539773, -0.00023375672221397637, -0.002627227233191358, 0.0046219914358317776, -0.0022080705343283987, 0.00200059623764692, 0.0022415733730564414, 0.00040485847430343303, 0.0010740282360422377, 0.001074556895411983, 0.0008781419873881876, -9.060545178922278e-05, 0.001123959250396205, -0.0008341986138970299, -2.0382459541050887e-06, 0.00048386423387829415, -0.0002758182145812509, -0.0001661975808287147, 0.0003223890536211861, -0.00020182413798333198, 6.775533104034034e-05, -0.00022596926992110605, 0.0008628885173933652, -0.00018447112230862196, 8.419155094129087e-05, -1.6366324865238103e-05, 9.57065894896319e-05]]
==============================
B1_SymmetryFactor_1
P1->P2
T_min:200.0 K    T_max:3000.0 K    P_min:0.0001 atm    P_max:10.0 atm
[[-11.499247409386921, -0.14974822355674844, 0.23889245588753288, -0.3478585583760071, 0.176099748420381, -0.2954444658451496, 0.4244211973185992, 0.013296406270934012, 0.011938543835189941, 0.3331800250329919, -0.052312188801158455, 0.05707556166651482, 0.12101071276859744, 0.0037453150866918303, -0.00020829446680481768, 0.027605204906988395, 0.011474002209175695, -0.012719207418776385, 0.008422906251152676, -0.0009036183989546919, -0.0023518960616397524, 0.004653961167919231, -0.0023703034656626836, 0.0021229744679116206, 0.001999884713731509, 0.0007013918603679733, 0.0009509630264783274, 0.0009127175858272668, 0.001057729396781696, -0.00017781118201117091, 0.001175970691199516, -0.0009660569977211883, 6.879120452614643e-05, 0.0005231385080946408, -0.0003772429100879694, -0.00012429855788926577, 0.00032814864359571964, -0.00023005086109488074, 8.178596838860303e-05, -0.00030244141618468185, 0.0009721960498967706, -0.00024529088420405595, 6.590275185138376e-05, 1.4180824353127325e-05, 8.715105628177909e-05]]
==============================
colrel_Sigmas
P1->P2
T_min:200.0 K    T_max:3000.0 K    P_min:0.0001 atm    P_max:10.0 atm
[[-11.492215949761345, -0.13542292044820858, 0.24397472177995444, -0.355391483980099, 0.15825307658940008, -0.3019914581539024, 0.4254288148980405, 0.016167771962546342, 0.011631651152181566, 0.3376329576632129, -0.05326172621317474, 0.06040055647233321, 0.11987319858624867, 0.005931318761346942, -0.001470121361928027, 0.026754464122681433, 0.01207277767246102, -0.013695390559226151, 0.009373300244627625, -0.0022192840365762526, -0.001751482084951718, 0.005216426948433934, -0.002817423778899415, 0.0024855774467775, 0.0017806375674767087, 0.0012408578835467511, 0.0007138803527110068, 0.0007096741853173949, 0.0014180332454861158, -0.0003811104880121267, 0.001336449865468446, -0.0011786559303258793, 0.00017547409170594395, 0.0006626688931247316, -0.0005707983945087015, -2.7091892236348297e-05, 0.0003715839942720069, -0.00027145231309360713, 0.00010776890020572191, -0.00041530077789674546, 0.0011469420992889015, -0.00034337566768127397, 3.8122740218669466e-05, 6.535799682832529e-05, 6.239521410330665e-05]]
