==============================
B7_Energy_1
P3->P4
T_min:200.0 K    T_max:3000.0 K    P_min:0.0001 atm    P_max:10.0 atm
[[-26.12105669100964, -1.1712633134022181, 0.0692115558395439, 7.69461079387675, 1.3138334912217922, 0.006839834005678759, 1.2179688410776652, 0.2874094229970553, -0.16985790471354723, 0.5559362031099749, -0.4952289556755842, 0.05424492221282554, 0.2124116479827039, -0.16334591377870455, 0.10735989497975576, -0.01110304668325985, 0.23759508667505946, -0.03990590108756833, -0.014119332941580385, 0.14043183321297506, -0.07891273624864736, 0.09516243365034652, -0.13950024881429607, 0.03147503916256747, 0.049248124372216484, -0.09501617518281676, 0.04969031366816324, -0.06326625720021059, 0.08654180971316257, -0.02300212396973687, -0.033007014861169234, 0.04847582688148556, -0.02666527585891499, 0.022610745063214994, -0.03345243940248912, 0.010193082688170558, 0.03515417591215379, -0.047168136776972396, 0.020303172049409547, -0.020367852329699215, 0.03359941185040497, -0.010249325428973052, -0.00896382945009572, 0.01543073014182143, -0.008533268922333252]]
P3->P5
T_min:200.0 K    T_max:3000.0 K    P_min:0.0001 atm    P_max:10.0 atm
[[-26.03856729946485, 0.0029082710249541677, -0.002247677128854158, 12.076112732104248, -0.003913140298368763, 0.0030120816058406027, 0.029995790104620924, 0.0011160901341710154, -0.0008704527416718967, 0.04470672245744511, 0.0002096844225239123, -0.00016836738488330244, 0.04850782338463954, -2.8261905561891524e-06, -2.8424404684499e-06, 0.035301222731828445, -2.7914339275750308e-06, -1.7634665883333499e-06, 0.020781120394600942, -2.0461709389534053e-06, -1.978320467550065e-06, 0.010583445434880373, 3.365152384099574e-07, -2.0676430101322306e-06, 0.0048610445516987935, -2.4444720358900368e-06, -2.801069258269632e-08, 0.0018682202198262207, -5.741000207179418e-06, 4.023570031644518e-06, 0.0007839082693879492, -2.7056497977254686e-06, 1.5575726440058663e-06, 0.00016765423333771508, -3.659808811809851e-06, 3.387278157178863e-06, 0.00017200744535045436, -7.007595502203004e-07, 2.2178503173516864e-07, 5.195582208672535e-06, -7.042726777616149e-07, 9.06186064984035e-07, 9.974152736869864e-05, 1.7437525737233758e-06, -1.2167794700395367e-06]]
W3->P5
T_min:200.0 K    T_max:3000.0 K    P_min:0.0001 atm    P_max:10.0 atm
[[-6.268951713954606, 3.5618576329172065, 1.0824483916468979, 14.056983197727178, -1.2346032104054547, -0.936391178192824, -0.6687139199962838, 1.1224917279087576, -0.3934148264539635, 0.045989906965483954, 0.3376048387682859, -0.14609084440349251, 0.46096003215520837, -0.2685319267599233, 0.03728480410250233, 0.2960397520445157, -0.1719958275509344, 0.027963576220782944, 0.006257277108510715, 0.07098896769908458, -0.05442053185670623, 0.06320612551934303, -0.1048012371607231, 0.003817160394545284, 0.09317547260068533, -0.18102867620519159, 0.033610318785853646, -0.02445750954577297, -0.04095958394842296, -0.012312255386072246, 0.02801951039024247, -0.09592679641486387, 0.03859057607231687, -0.037294710587869, -0.016165188717802426, 0.01087834342470556, 0.020700948305211558, -0.05339768920931567, 0.042610260919637315, -0.05067051701444922, 0.04132095369087924, -0.007139428532279979, 0.05251748153660514, -0.06646309474923694, 0.03881400792495285]]
P1->P4
T_min:200.0 K    T_max:3000.0 K    P_min:0.0001 atm    P_max:10.0 atm
[[-16.195373040136516, 0.056936210127048914, -0.13847894715330097, 0.7024477040772724, -0.06745739514318909, 0.19448387320851276, 0.46026203140492383, -0.0033340902674068315, -0.04977767146040092, 0.15344366426591746, 0.020466006406835227, -0.01842068976938527, 0.10160612120185589, -0.0023486003518407806, 0.00955439685000469, 0.1059984815955538, -0.004661004434912039, 0.004469822310952061, 0.07670291819317582, -0.0004605187324941767, -0.0015140062836456218, 0.03631799369862813, 0.0007131314591723969, -0.0009996644097472105, 0.008813962423504166, 0.00016130776938493054, 0.0004072614191849875, -0.0050878660320894465, -0.0003663153253630061, 0.0005086344084739078, -0.005815694696244526, -6.764025430684016e-05, -7.04928728661503e-05, -0.007289041532569577, -9.694261440516416e-05, 1.2752564560323259e-05, -0.0019094024097139116, 0.00029374233199531784, -0.00015929228710968724, -0.0023405123339343453, 3.986007078815987e-05, 3.043472296843914e-05, 0.0015736739183217282, 0.00025079231821911236, -0.00018799950338084978]]
P4->P5
T_min:200.0 K    T_max:3000.0 K    P_min:0.0001 atm    P_max:10.0 atm
[[-34.00826057451924, 0.0033485930449463908, -0.0025896414999956137, 19.58148795554802, -0.004545781540637494, 0.003515749006052127, 0.16295628923773836, 0.0011217252659769528, -0.0008687467678941874, 0.12028524561816198, 0.0001899354575056173, -0.00014718623994179378, 0.08670828055833078, -2.3065807926675936e-05, 1.813645573849897e-05, 0.052259046275286325, -2.246041566479725e-05, 1.7277483223445843e-05, 0.02718064300434554, -7.2557168952464695e-06, 5.728685563987565e-06, 0.012620612510770738, -2.2981060375341985e-06, 1.615082737839465e-06, 0.005448142570359264, 2.4197806621426754e-07, -2.3097731434027796e-07, 0.0020707917846725507, -2.7837872404567212e-06, 1.1887657663608173e-06, 0.0010254077314439986, -2.6148752335703115e-06, 1.5544628989265918e-06, 0.000334310808911745, -2.772240798617786e-06, 1.459346360408054e-06, 0.00039011852635988966, -1.5265477873883775e-06, 1.3468949719669195e-06, 8.163652339813342e-05, -1.4459525880739068e-09, 1.8642234367883907e-07, 0.0001998457657434235, -1.420442327816829e-06, 1.1549276313565652e-06]]
P5->W3
T_min:200.0 K    T_max:3000.0 K    P_min:0.0001 atm    P_max:10.0 atm
[[-19.122814130733186, 3.563538723706147, 1.0820895859224218, 2.0959294098631274, -1.2318954011259258, -0.9369081765143215, -0.3766262548169138, 1.125456853117341, -0.39406363067751277, 0.20622196942981788, 0.3397183494786429, -0.1465036667270968, 0.5290743609497319, -0.26648123870019175, 0.036843554695946336, 0.32314972884304066, -0.1706783022302415, 0.027713011929355907, 0.01679021881511568, 0.07200638536049328, -0.05463017352297553, 0.06750521569768565, -0.1041994822851859, 0.003693999667053151, 0.09518655313524305, -0.18083039890937055, 0.03358654688482638, -0.02358075992467794, -0.04076255214577412, -0.012356938475737288, 0.028771124003357438, -0.0961709573528521, 0.03867936531356464, -0.03704502052319111, -0.0161469081292067, 0.01086824827059229, 0.021207913032897034, -0.05381749591308558, 0.042742636066797395, -0.05059219550169217, 0.04129132066380374, -0.007138015455602859, 0.052828638259960585, -0.06678929495282426, 0.03891966907082759]]
W3->P4
T_min:200.0 K    T_max:3000.0 K    P_min:0.0001 atm    P_max:10.0 atm
[[1.0150835746695768, 0.5379988329637455, 0.0956934328379726, 3.4354563237878564, 0.9963444344654012, 0.08341637115521998, 0.024752161995953113, 0.784488646173367, -0.16565643088878046, -0.142448212147635, 0.4325124120235328, -0.2168175961900992, 0.20723455882466846, 0.08620698835498532, -0.13293005481846026, 0.2774467369719833, -0.15050932009481147, 0.0008252215216029425, 0.16320600520323536, -0.2312019873152264, 0.054220000704757645, 0.08973361594574593, -0.22405480995856752, 0.06575665514926139, 0.06178426062288007, -0.18214425892325872, 0.06052641654007004, 0.025174786621956394, -0.11715752284019665, 0.035249204436842714, 0.01821898054899223, -0.05454158769506865, 0.030924874133200095, -0.022098872171304112, 0.007100414770797548, 0.0023774703940026955, -0.006216656113345518, 0.026286617577283723, 0.011574611674711697, -0.022697598783885064, 0.031025112869933685, -0.006098036407765136, 0.008984576454140277, 0.008069625635788955, 0.010492461735106623]]
W3->P1
T_min:200.0 K    T_max:3000.0 K    P_min:0.0001 atm    P_max:10.0 atm
[[2.7179495228927553, 2.354253020117196, -0.2576871650836721, 6.181948605816897, -0.25116785485141896, 0.15313674748860742, -0.31663164101256797, -0.2904337945274043, -0.004947687825322926, 0.10791867506434355, -0.13607280780862688, -0.01602373025522632, 0.16817918968086681, -0.08337249726977865, -0.016180188119182377, 0.08265091458247491, -0.05511471560564656, 0.013650051976329392, 0.0012176813098594926, -0.05034446560570222, 0.01994477171442084, -0.03827010443136414, -0.04616850553746723, 0.02480315450201124, -0.03081151759513819, -0.04315832616052281, 0.025470229524982662, 0.00782596420979663, -0.05051344596363001, 0.012288897944252463, 0.026761615085824794, -0.04383211935564032, 0.02239820200652353, 0.043093535223020916, -0.04645792315423101, 0.008910799717145193, 0.023515542327326097, -0.02292063006003965, 0.02378234654939339, 0.019140689306180122, -0.016408217465530103, 0.0052500622979975665, -0.001659237333344475, 0.0031153718517665297, 0.014279230742207326]]
W3->P3
T_min:200.0 K    T_max:3000.0 K    P_min:0.0001 atm    P_max:10.0 atm
[[0.14937385562750216, 0.6628802788865755, 0.027484142787146667, 4.067650429628545, 1.0779284999442345, 0.10221802751478208, -0.4320747139457114, 0.7811420036689185, -0.11056381365135257, 0.055285081061329365, 0.46667618491613777, -0.24521076872935188, 0.4329274576878819, -0.08888340184948278, -0.14199276667335664, 0.3863015492628567, -0.34690257192858703, 0.021433061431116087, 0.23599296973526063, -0.40776714511014867, 0.1353298576712921, 0.04623342778568321, -0.20251205976804149, 0.11392262195691877, -0.08381400851922659, 0.026694282667097346, 0.024854398460947995, -0.05166605926989958, 0.01384152369102183, -0.011844637282017423, -0.0411979703548089, 0.047238974764702214, -0.02506482156361396, 0.07830468957454689, -0.12743699668418187, 0.034791639216883705, 0.0206571829691178, -0.007764193427762945, 0.023598277518257316, 0.05822722751394431, -0.08211645844408999, 0.03918802031206544, -0.035131452594047596, 0.07111783148831154, -0.007825790534122155]]
P1->P3
T_min:200.0 K    T_max:3000.0 K    P_min:0.0001 atm    P_max:10.0 atm
[[-15.066614091034316, -0.09759156700512284, 0.10630711795592152, 0.5408028396267512, 0.14551445928314033, -0.17066366033702687, 1.0724955952806519, -0.042753431033659944, 0.07938610998876923, 0.190495101982134, -0.028618389133129103, -0.005248999814265967, 0.05920808030869872, 0.036366519814332136, -0.0189292136820314, 0.05480822412384603, -0.013770725970472256, 0.010812160983477865, 0.02068947850124414, -0.0009212780634991611, -0.00042705011570592385, 0.008494242867355265, 0.002530542821324372, -0.0019458906285745722, 0.004753726100377037, -0.0013433669101645701, 0.0009307095339379382, 0.001523992973485444, 0.0005777433561854597, -0.00010737048484938842, 0.001038947166339061, 0.0004819635508440346, -0.0003061940727687809, 0.001173829125856924, -0.000681798327565285, 0.0003726850337210956, 0.0006146987117153168, -0.000245355670332269, -0.000166273398080366, -0.00022368379596128657, 0.0008225172393481873, -4.97964471773801e-05, 0.000486018828846023, -0.0005179893114386117, 0.00014363563949016368]]
P1->W3
T_min:200.0 K    T_max:3000.0 K    P_min:0.0001 atm    P_max:10.0 atm
[[-14.75336355355325, 2.355929908239128, -0.25804418337137364, -1.207064004701659, -0.24844444482639466, 0.15261310418260546, 0.12196558027529891, -0.2874768769167966, -0.005593170594573145, 0.2938429204112255, -0.13394792569358688, -0.016441025482344773, 0.2387252461183809, -0.08132703336801925, -0.016619299590379607, 0.10919812253863626, -0.053791683124346706, 0.013397054546531112, 0.011356017329110483, -0.049327910559176756, 0.01973611954587721, -0.034109517209366925, -0.04556291894091069, 0.024677729709379412, -0.028835977544421385, -0.042955981800384214, 0.025445008624136945, 0.008702778526288459, -0.050321697120219396, 0.012245969328223553, 0.027512428771232014, -0.044070884474754025, 0.022485361667657158, 0.043352946033843855, -0.046449939708977706, 0.00890488810658343, 0.024014065716605887, -0.023326129960657044, 0.0239084095018413, 0.019226063273501393, -0.016447214659492837, 0.005255464745734223, -0.0013524027900803513, 0.002795982821672349, 0.014382102396757898]]
P4->W3
T_min:200.0 K    T_max:3000.0 K    P_min:0.0001 atm    P_max:10.0 atm
[[-32.28877673565647, 0.5396800879483532, 0.09533369571868527, 11.20565546864146, 0.9990521615955524, 0.0829013107563222, 0.42849655497783123, 0.7874536152199962, -0.1663068774898281, 0.03674416124299772, 0.43462879234013363, -0.21723048227305397, 0.2787296136493385, 0.08825617898088027, -0.13337144842088614, 0.30537580899515043, -0.1491926991144839, 0.0005753454067057557, 0.17404146736559362, -0.23018589442071893, 0.05401152778581395, 0.09416231248454206, -0.22345102057702404, 0.06563204746299575, 0.0638467170552088, -0.1819475605745817, 0.06050408976529858, 0.026061184265499835, -0.11695757619049678, 0.035202081112464215, 0.0189716545188811, -0.054789476771860524, 0.031016276730304767, -0.02185321384702321, 0.007117834134717932, 0.0023667181419333196, -0.005713271222176194, 0.025868350535659727, 0.011706931189228163, -0.02261941117917578, 0.030993058428527478, -0.006096329108846045, 0.009297342289230867, 0.007741078594652075, 0.010600129882718672]]
P3->W3
T_min:200.0 K    T_max:3000.0 K    P_min:0.0001 atm    P_max:10.0 atm
[[-24.655852248295968, 0.6645601086897028, 0.02712498095492805, 4.52727325816069, 1.0806410478298998, 0.10170086526584134, -0.05494817716207818, 0.7841011573579921, -0.11121158895933414, 0.21448031406016202, 0.4687960411572745, -0.24562517245140242, 0.4920636061549337, -0.08683562468124821, -0.1424340658163033, 0.4074810095157945, -0.34558676432593893, 0.021183826009226372, 0.24344741467235761, -0.40674799052551697, 0.13511965883801363, 0.04900855991405022, -0.20191353816512042, 0.11380070412928193, -0.08258642457814677, 0.026896568881785717, 0.02482962447579881, -0.05118730392285074, 0.01403707299694558, -0.011889946453761015, -0.040678360148400754, 0.046993814340742644, -0.024974528239666085, 0.07844897875247075, -0.12742064268096057, 0.03478116581687429, 0.02108250773139269, -0.00818096513294419, 0.0237304519463459, 0.05828623658571743, -0.08214905221055004, 0.03918987002455382, -0.034849883754222676, 0.07079279815970271, -0.007719662340468413]]
P1->P5
T_min:200.0 K    T_max:3000.0 K    P_min:0.0001 atm    P_max:10.0 atm
[[-15.132996226436454, -0.002114264948989586, 0.0016675930048734094, 3.6286460401962, 0.0017467457505587981, -0.0013478390040378844, -0.2043471680558372, 0.0017461844841585826, -0.001332392578200817, -0.08352447489912396, 0.0005168589637792172, -0.0004026984174539776, -0.016314731775894542, 0.0003591314709199987, -0.0002815931796520382, 0.006636184362627488, 0.0001363325190897536, -0.0001292059837424775, 0.010278559913233095, 0.0001758678012571184, -0.00016564280468656068, 0.007856040810067001, 0.00012179570072230269, -0.0001333723423328125, 0.004857813175955693, 2.8395096806720224e-05, -6.892375271833839e-05, 0.002503969364839754, 7.965741826050449e-05, -0.00010517658590105446, 0.0011813811720017848, -0.00011953637729438836, 4.281104426507723e-05, 0.00042876777102387917, 1.9317454924583415e-05, -4.837806431918216e-05, 0.00010870264410520594, -0.00019575504031747683, 0.0001161459282359222, 2.2767079516561376e-05, -3.2869833193746768e-06, -1.1922801339556225e-05, -2.9393046177792487e-05, -0.00015869550877868749, 0.00010814742686563429]]
