==============================
W1b_Frequencies_1
P1->P2
T_min:200.0 K    T_max:3000.0 K    P_min:0.0001 atm    P_max:10.0 atm
[[-11.595534446890628, -0.13469228232312946, 0.2436839926529312, -0.4192300923574644, 0.15831253083372293, -0.30217688387986347, 0.3904545769037192, 0.012748590215062298, 0.013739958801369233, 0.31472816537064596, -0.04947330479986401, 0.057973052259082836, 0.11199555338728814, 0.006141985417461687, -0.0014848484738271869, 0.027018756707259554, 0.010143113273363208, -0.012506808562775112, 0.010584707775907125, -0.0023032021215159543, -0.00176740713262856, 0.006072242241435116, -0.002069195981381438, 0.0020280662609717744, 0.0026260608923018595, 0.0013916250164003501, 0.0006722701357787565, 0.0012487555372851782, 0.0012429782183768186, -0.00025273698215331873, 0.0015672609639931381, -0.00131381154404535, 0.00023221237087178178, 0.0006204582457474988, -0.0005206861779124002, -9.222405096757222e-05, 0.0004284725376760945, -0.000267831877536026, 0.00010576252380128207, -0.00042265744752094744, 0.0012029278838449665, -0.00035619160894992825, 0.00011692031774209214, 3.911534135459987e-05, 9.577880352624407e-05]]
==============================
W1b_Energy_1
P1->P2
T_min:200.0 K    T_max:3000.0 K    P_min:0.0001 atm    P_max:10.0 atm
[[-11.591023129827073, -0.1352633289684088, 0.2477247378719988, -0.4229907422862412, 0.1569385500307401, -0.30563314116184076, 0.38674780830979205, 0.017623713115443994, 0.010671852209935986, 0.3180802522259824, -0.052917755077943655, 0.06076429699118797, 0.1127865234281002, 0.005308169867328963, -0.000821938955165938, 0.02564948043356975, 0.011806084394122186, -0.013613164601481069, 0.010339232329572939, -0.0020558768328244976, -0.001971244768700605, 0.006525988293899033, -0.0026743119267586255, 0.002388178388235967, 0.002727565234577005, 0.0012490169389566693, 0.000751070839182239, 0.0011310027342092389, 0.0013945337127638901, -0.0003479884160686139, 0.001494657515195169, -0.0012079739155531324, 0.00017562365051810322, 0.0006830269867840061, -0.0005835544762389378, -3.831706652328396e-05, 0.00043563152921185806, -0.00027689679197941646, 0.0001115362373902127, -0.0004059214033036009, 0.0011729722489234892, -0.0003441167716724474, 8.087778135493926e-05, 7.536440968009035e-05, 6.446094292917548e-05]]
==============================
B8_Energy_1
P1->P2
T_min:200.0 K    T_max:3000.0 K    P_min:0.0001 atm    P_max:10.0 atm
[[-11.59396605069279, -0.13184735846110085, 0.24627925784183416, -0.42102938849622185, 0.15360902633901782, -0.3045372548360619, 0.38826231998778205, 0.016186344375705156, 0.011842448568762478, 0.3171470279369119, -0.051627516250452886, 0.06005266631210877, 0.11221906774972012, 0.005915565632842348, -0.0012811850448574494, 0.026011525898047432, 0.011328742233403306, -0.013330523136926387, 0.010571732857828869, -0.002301133186370177, -0.0017896906953464005, 0.0064529395924717995, -0.002555418612618366, 0.002321013904817682, 0.002643975247295023, 0.00134849765394748, 0.0006753917078822973, 0.001129478078696181, 0.0013881066546379264, -0.0003523363685847335, 0.0015345810768602791, -0.001253406180468506, 0.0002099070574274805, 0.0007005770364401056, -0.0005987978090665441, -2.2182847483846093e-05, 0.0004208401371299703, -0.00025686951124147327, 0.00010013376775626057, -0.00042054808928523266, 0.001186295183017902, -0.0003573832412986367, 8.119562916356334e-05, 7.238911824046642e-05, 6.405733064122515e-05]]
==============================
B1_Frequencies_1
P1->P2
T_min:200.0 K    T_max:3000.0 K    P_min:0.0001 atm    P_max:10.0 atm
[[-11.591454519337203, -0.1355236804957009, 0.24851737153049, -0.42629216215167737, 0.15685081572237844, -0.3063110720439768, 0.3838507380513977, 0.018577097266949484, 0.010063665170234016, 0.317032593625464, -0.053654390326107713, 0.06133989281203012, 0.11165531340097613, 0.005153823159954077, -0.0006983803968375537, 0.024437229239448775, 0.012154876365140975, -0.013846237912019433, 0.00967063704282148, -0.0020167843800674126, -0.0020058801798172603, 0.006207814928819903, -0.002806987790637025, 0.0024690823440643747, 0.002467295480076672, 0.0012229936820988916, 0.0007663937627790931, 0.0009339397721448697, 0.0014324338835299177, -0.0003712508212795085, 0.0013615644419763746, -0.0011932100380056773, 0.00016710726206128348, 0.0006353574183966866, -0.0005942934618463591, -2.930851259321729e-05, 0.00038077406269142747, -0.0002778578538750519, 0.00011251041326444364, -0.00041915026684663417, 0.0011712516082092624, -0.0003436618145191251, 5.2438856443812484e-05, 7.932683267419501e-05, 6.0655868688173736e-05]]
==============================
B1_Energy_1
P1->P2
T_min:200.0 K    T_max:3000.0 K    P_min:0.0001 atm    P_max:10.0 atm
[[-11.616250566439579, -0.13765487780525637, 0.24979437909378452, -0.3860503383068243, 0.1572961649069728, -0.30564983985118155, 0.3738629552085304, 0.021875123658089895, 0.006434586167085035, 0.31766468696630057, -0.05504576016302669, 0.06227328993232918, 0.11463710038437741, 0.004117531084598821, 0.0007937681666220749, 0.02522147442250017, 0.013048663502230455, -0.014276547266296881, 0.009857979701576518, -0.0016027587695687845, -0.0025778211101211658, 0.00690771696233538, -0.0035415705996192795, 0.0026412024168909025, 0.002984737442980803, 0.0005678792378705226, 0.0009651849819231797, 0.00099849239436146, 0.0014722773905916343, -0.0004294166352340618, 0.001328901832775786, -0.0006924786504449606, 8.696958952122123e-05, 0.0006216771642842794, 0.00015906649137757543, -1.5082363766917529e-05, 0.00041707546004342907, -0.00017131489197112293, 9.545512924924191e-05, -0.00024419237494869813, 0.0003324454713389427, -0.0002845234491490671, 0.00020489701365206955, -0.0008443519540605426, 7.967401655732228e-05]]
==============================
colrel_Epsilons
P1->P2
T_min:200.0 K    T_max:3000.0 K    P_min:0.0001 atm    P_max:10.0 atm
[[-11.589766335658364, -0.13266361094310142, 0.2490355387233195, -0.42417413142445826, 0.1530808114564796, -0.3069327864683657, 0.38577947818467717, 0.01940772467654878, 0.009866171306895303, 0.3193591342330132, -0.05372229547755427, 0.06188366480973021, 0.11267284571645464, 0.005411343126471873, -0.0009127989500115413, 0.025191090352328423, 0.012214340795498546, -0.013998652642353308, 0.0104351878899099, -0.0022121669983566437, -0.001896172047533842, 0.006687838613649561, -0.0028514018509088485, 0.002520058544782827, 0.002688933092418436, 0.0013152268484932378, 0.0007199445760840071, 0.0010676045749788568, 0.0014757469577233197, -0.0003989242127417406, 0.0015096752195580341, -0.0012334912748586699, 0.00018807369106679737, 0.0007088323593391337, -0.0006169072250143533, -1.6989824800102087e-05, 0.00043840867638765725, -0.0002799008239332204, 0.00011392407915380732, -0.0004212741603510694, 0.0011949505176200353, -0.000357122337747085, 7.474420135527787e-05, 8.232161324245695e-05, 5.923586056516159e-05]]
==============================
B2_Energy_1
P1->P2
T_min:200.0 K    T_max:3000.0 K    P_min:0.0001 atm    P_max:10.0 atm
[[-11.590131524154414, -0.13552029759915424, 0.24851395095577047, -0.4237420445702107, 0.1568512542463319, -0.30631305890680843, 0.3860091516567968, 0.018584538665068286, 0.010061460898883889, 0.31877694692450276, -0.05365732589146276, 0.06134177886473668, 0.11293048938112898, 0.005156961074764966, -0.0007005984227937248, 0.02535890262149629, 0.012158013870977473, -0.013849004800554544, 0.010297120927154426, -0.0020151284122422474, -0.0020071849370163273, 0.006627111989169184, -0.0028059324497428277, 0.0024687765224801978, 0.0027466973097391117, 0.0012240373173764728, 0.0007660655216669382, 0.0011015749540757168, 0.0014332076708154981, -0.0003714879250778099, 0.0014855434867677045, -0.0011949153529857023, 0.0001678240543240957, 0.0006922229089678332, -0.0005923269258452247, -3.0101458795140122e-05, 0.00044009902713247243, -0.00028256482502839685, 0.00011457418344724473, -0.0004072482168000569, 0.0011741141331240176, -0.0003448667546587956, 7.864124214978257e-05, 7.642950793440485e-05, 6.191350778550076e-05]]
==============================
colrel_PowerOne
P1->P2
T_min:200.0 K    T_max:3000.0 K    P_min:0.0001 atm    P_max:10.0 atm
[[-11.59098125791951, -0.13808416664696432, 0.24751828440005297, -0.4220047326726082, 0.1616168107485468, -0.30429042700270004, 0.38491386638721836, 0.015087769250731771, 0.00873323503926285, 0.3184963169153784, -0.052189338512281566, 0.061176816949404064, 0.11371300255792956, 0.005277889749803539, 7.535455377915285e-05, 0.025166746098652822, 0.011903162399341308, -0.014046533582233848, 0.010109506502219137, -0.002220975608941108, -0.0022125733313719297, 0.006716665209338448, -0.0027705011808094645, 0.002549993886616217, 0.0027427319975283364, 0.001462953157402093, 0.0007884344534993642, 0.001027205728545345, 0.0015643247222900934, -0.00042342392181361, 0.00158200922595407, -0.001504760257801504, 0.00022913021148754443, 0.0006970354173597461, -0.0006055465655398217, -3.0220052710411626e-05, 0.0004473745166858874, -0.0002940295143714124, 0.00011902995518897955, -0.0004997465088950963, 0.0014111249125211118, -0.00040714037323789925, 0.00011343942493143491, -4.4066066816875746e-07, 8.949455683699185e-05]]
==============================
colrel_FactorOne
P1->P2
T_min:200.0 K    T_max:3000.0 K    P_min:0.0001 atm    P_max:10.0 atm
[[-11.58590308988773, -0.12443720462104468, 0.25346224002596485, -0.42802816823813755, 0.14033499044102005, -0.3116954921286541, 0.3836941693601316, 0.024545962565490978, 0.008226427233605879, 0.32236776809689294, -0.05413573951243672, 0.06474947751233838, 0.1119956024394773, 0.005781524210179356, -0.0014839466109009608, 0.024622356022831828, 0.011574775276455928, -0.014605016886207543, 0.010849422661893005, -0.0027629839393785486, -0.0015799760626058058, 0.006691632159122647, -0.0022833802238129766, 0.002574278214168159, 0.0024667992224773833, 0.0017703528743221778, 0.000566818646136192, 0.0010846397097026143, 0.0013036374318680813, -0.0003904836210913808, 0.0017382941533578284, -0.0017719187986301632, 0.00034376137120756245, 0.0006186682294417065, -0.0004312780821142854, -8.939830733322747e-05, 0.0004130523335311202, -0.00019630779363148372, 9.694142807948312e-05, -0.0005174450308271834, 0.001437643818040183, -0.00041694303207841053, 0.0001704679818556162, -0.00012288931023757618, 0.0001299747723891103]]
==============================
B8_Frequencies_1
P1->P2
T_min:200.0 K    T_max:3000.0 K    P_min:0.0001 atm    P_max:10.0 atm
[[-11.602184749322774, -0.13254452841280662, 0.24757535094692312, -0.4335454473047315, 0.15401113473465688, -0.30576174489199687, 0.379564837369086, 0.01725929272918355, 0.011103829050925924, 0.3134040636656729, -0.052645535999881116, 0.06085549262509949, 0.10990395336966732, 0.005883025551838378, -0.001195365792834947, 0.0246496187350809, 0.011747100880846175, -0.013621307901841668, 0.010238015037396684, -0.0023404180699865313, -0.0017957829846121122, 0.006505121388606088, -0.002708776877739012, 0.002415823130600705, 0.002662356655901266, 0.0013623911071259352, 0.000677777017813493, 0.0011157237840014019, 0.0014466512309425764, -0.00038302566501014255, 0.0015648094234940694, -0.0012515030032936372, 0.0002047071586667508, 0.0007258199979664898, -0.0006143829340093295, -1.7209341391229086e-05, 0.000460896244201891, -0.00027507360038863836, 0.00011115084121141103, -0.00042178471825758885, 0.0012002998312650953, -0.0003628819813193919, 9.182067842609763e-05, 7.849616270733459e-05, 6.230395943186615e-05]]
==============================
B2_ImaginaryFrequency_1
P1->P2
T_min:200.0 K    T_max:3000.0 K    P_min:0.0001 atm    P_max:10.0 atm
[[-11.539135461297052, -0.15802659599355473, 0.24310467767381141, -0.45127279385845204, 0.18006840331231988, -0.29452564757118244, 0.3625446605005556, 0.020171087990332976, 0.004445975715504433, 0.3104923573864685, -0.05041726758140808, 0.055626405186603764, 0.12126056541681852, -0.0014233274923599957, 0.004136265179742933, 0.03018608345131778, 0.009912505250699654, -0.011417250019458598, 0.008577333964503003, 0.0011029149135827884, -0.003916692229409416, 0.005069208610646305, -0.0013352738116528295, 0.0012616522690228236, 0.0031631945199952064, 0.00022490402937330216, 0.0012957160407189542, 0.0016821376104527652, 0.0005927589016814254, 0.00020833669691645404, 0.0013248172642363503, -0.0009279151155473008, 4.8697340892547316e-05, 0.0004375607335107842, -0.00022651282701599546, -0.0002661785454487608, 0.00037065898006648354, -0.00018953008796294407, 3.913275477698522e-05, -0.00020079457530833378, 0.0009116581906444764, -0.00017975675046888904, 0.00016669798086272816, -2.697660200288394e-05, 0.00013954244658032517]]
==============================
B8_SymmetryFactor_1
P1->P2
T_min:200.0 K    T_max:3000.0 K    P_min:0.0001 atm    P_max:10.0 atm
[[-11.592232055504315, -0.13443712980566414, 0.2480145414782129, -0.42393887789585694, 0.15588034769656614, -0.3059740252949759, 0.38607352409521445, 0.017960069962779338, 0.010540546370378047, 0.3181134332664058, -0.05318903158774135, 0.061074692829618256, 0.11254910836369972, 0.00542672240702838, -0.0008943213929488552, 0.025466190179842505, 0.011961396345317003, -0.013734061378069358, 0.010394166842176403, -0.0021242761926655194, -0.001931271636125614, 0.006603832423973377, -0.0027542546160587234, 0.0024399295145894908, 0.002719705927906379, 0.0012692328484039982, 0.0007353476927962494, 0.001107220927662935, 0.0014298068447323484, -0.00037136627565545797, 0.0015043368727296563, -0.0012144097709268107, 0.00018074270286978547, 0.0006975974978224563, -0.0005966469698868405, -2.6363482956435154e-05, 0.0004388419986722985, -0.000278477725940658, 0.00011200445209499517, -0.00041407726672619983, 0.0011828583958600177, -0.00035090886558541425, 7.927637163509658e-05, 7.68616662362123e-05, 6.183140746656217e-05]]
==============================
W1a_Frequencies_1
P1->P2
T_min:200.0 K    T_max:3000.0 K    P_min:0.0001 atm    P_max:10.0 atm
[[-11.597072958254527, -0.17037602874717062, 0.23947599267645456, -0.4139976932420402, 0.20024354005625178, -0.2943476436375002, 0.3860722365114766, 0.013144984033472935, 0.010246221041447076, 0.31208266945804125, -0.05394255090927187, 0.054963319002267454, 0.11681038395070815, -0.00016508289683730742, 0.0023694356514003564, 0.027047313420992935, 0.012411905138897344, -0.012255890345715338, 0.008459168070324668, 0.0012066370702892468, -0.0034127110183134832, 0.005966646666524778, -0.002493883278302735, 0.0018960813491156652, 0.003501213981777817, -0.0002956160890955107, 0.0013313426078817923, 0.0015808951205689595, 0.0007277323140017596, 6.946081248164505e-06, 0.0010695281602632496, -0.0003237595331367976, -0.0001495851374304283, 0.0005220648488509682, -0.0002778991165089111, -0.00015573373097661102, 0.0003619314499710326, -0.00017449953738154676, 5.272099940406288e-05, -7.69217515407074e-05, 0.0005311262337751562, -9.044272602482464e-05, 7.241895293554338e-05, 9.081759354265194e-05, 5.3750966813354166e-05]]
==============================
W1a_Energy_1
P1->P2
T_min:200.0 K    T_max:3000.0 K    P_min:0.0001 atm    P_max:10.0 atm
[[-11.590979022884177, -0.14770016025606242, 0.24685028913719206, -0.42222603477340226, 0.17181847839928843, -0.3039281369104702, 0.386147113992313, 0.016353797946345762, 0.010177231016012435, 0.3166174389785168, -0.052770087939796165, 0.059391999253174406, 0.1144040608091299, 0.002805501988583452, 0.0004435306395716974, 0.02578238966201729, 0.012531220894242167, -0.013418519680041202, 0.009666542455343997, -0.0011740820530079805, -0.002524227943617772, 0.006544821708100677, -0.0029456432820154413, 0.0023803417249929084, 0.003003039412604402, 0.0008968047757105284, 0.0009811002152015176, 0.0012230616735052749, 0.0008931349752649122, -0.00031169630622615514, 0.0011413073666867407, -2.1077025806732932e-05, -3.943446509924249e-05, 0.000846825571121253, -0.001104612678451449, 6.214871798837233e-05, 0.00029285769375075464, 0.00025404619219830974, 3.060803232370974e-05, -9.431781005700963e-05, -9.036117648246166e-05, -0.00017762074148869626, -2.7034580335729273e-05, 0.000660873712440059, 2.4732388526094696e-05]]
==============================
W1b_SymmetryFactor_1
P1->P2
T_min:200.0 K    T_max:3000.0 K    P_min:0.0001 atm    P_max:10.0 atm
[[-11.591344784022223, -0.13537451955799412, 0.24742550552431206, -0.4227258103956688, 0.15722225080138882, -0.305377650026558, 0.38703011024842665, 0.017247125047254192, 0.010907346742855444, 0.3178185617136535, -0.05266676551215426, 0.06054449499216866, 0.11273194202494803, 0.00536107864192683, -0.0008683050981288737, 0.025757349259621656, 0.01167639801118028, -0.013525910315152618, 0.010354329493962248, -0.0020691285379687793, -0.001958500184557553, 0.006490679638614016, -0.0026265244659140195, 0.0023601617374644154, 0.0027202287618784816, 0.0012599053078559401, 0.0007454214431098613, 0.001141925848064924, 0.0013805240620111143, -0.00033901297309293503, 0.0014993834407835834, -0.0012153442667604364, 0.00017922500359750368, 0.0006785262764557345, -0.0005796501889682277, -4.247158905532012e-05, 0.0004335059621892527, -0.00027385275156778294, 0.0001101694666212814, -0.00040578494301774285, 0.0011738089525713256, -0.0003440860234906031, 8.431416664481545e-05, 7.194497361641813e-05, 6.755314273183158e-05]]
==============================
W1a_SymmetryFactor_1
P1->P2
T_min:200.0 K    T_max:3000.0 K    P_min:0.0001 atm    P_max:10.0 atm
[[-11.590748038246822, -0.14592558721419813, 0.24721800842285643, -0.42256577280319646, 0.16945991996479506, -0.30443897243543977, 0.385908626736136, 0.01754403113534124, 0.010051947115052784, 0.3173349045677712, -0.05399277545901572, 0.05994772697941997, 0.11400654227484101, 0.00365187251130331, 0.00015298385193062837, 0.025745758947606754, 0.012157098085664043, -0.013494287208298842, 0.009777203530240777, -0.0011400431741669605, -0.002412257950508987, 0.006452660542452963, -0.0026485818518039873, 0.0023252454736656155, 0.002957648447184855, 0.0008513011423798769, 0.0009321760581313987, 0.0012380336784264172, 0.0012286077637073184, -0.00026236616967231026, 0.0013866122610227988, -0.0010373696709914063, 8.540154703160734e-05, 0.0006254533992111538, -0.00047703866820031506, -8.177331209916437e-05, 0.0004175594817789066, -0.0002512147931976707, 9.686980656051552e-05, -0.00032541659037200256, 0.001051009327709615, -0.00027635913036863765, 9.136453765563485e-05, 4.940906931299418e-05, 7.063664556148669e-05]]
==============================
B1_SymmetryFactor_1
P1->P2
T_min:200.0 K    T_max:3000.0 K    P_min:0.0001 atm    P_max:10.0 atm
[[-11.593619730755877, -0.13544086574769776, 0.2474470823168595, -0.4198144586856494, 0.15641914608312002, -0.3045605302829519, 0.38413696130474406, 0.019158448449687546, 0.009256335814684814, 0.3182061249380699, -0.05376238864807534, 0.06130614933193927, 0.11292371216605092, 0.004920569492451927, -0.0004912608068170212, 0.025215703014669886, 0.012228216555346134, -0.01384808710944681, 0.010126912693586801, -0.0019234307504001462, -0.0020720431763034943, 0.006557742752539225, -0.002830462302463656, 0.002463083338400229, 0.0027201657737535834, 0.0011905008665799505, 0.0007837920136982333, 0.0010776568391329866, 0.0014322341963629358, -0.0003655598603134523, 0.001455004985812487, -0.0011731948176181555, 0.00016126110282425692, 0.0006831800127664803, -0.0005966073419399262, -2.9931279948583722e-05, 0.0004303894933269752, -0.00028233324189050373, 0.00011335510612657083, -0.00040421193293491554, 0.0011638644360864832, -0.00034155557140956355, 7.160185105566257e-05, 8.504191740453725e-05, 5.9583239816949294e-05]]
==============================
colrel_Sigmas
P1->P2
T_min:200.0 K    T_max:3000.0 K    P_min:0.0001 atm    P_max:10.0 atm
[[-11.588841460567947, -0.11697601695408899, 0.25086854984711976, -0.4254330466309713, 0.13374312739109265, -0.3091578894339187, 0.3847512923428961, 0.02204218467351887, 0.008863109364566435, 0.3222516087082951, -0.0541642868464925, 0.06454804056993602, 0.11137947111293257, 0.007401695769482599, -0.0019250772503879884, 0.02415554904719068, 0.012845495261498963, -0.0148883027605575, 0.011125073160882005, -0.0034286070158118273, -0.0013582058286003562, 0.007132601455454886, -0.003351582890894191, 0.002879617501851588, 0.0024147107694058347, 0.001802259936145627, 0.0005010286551744984, 0.0008204282199021817, 0.0018347551702150727, -0.0005982445166141361, 0.0016139890883898954, -0.0013989513713043046, 0.0002786839562711384, 0.000832850203023686, -0.000811130031445955, 8.222169455898045e-05, 0.00046796947676545697, -0.00032087335322824185, 0.00013825049548220277, -0.000524696963313809, 0.0013448845124414965, -0.0004460882061009973, 3.762601192988843e-05, 0.00014227081216760872, 3.063680147111004e-05]]
