==============================
colrel_FactorOne
P3->P4
T_min:200.0 K    T_max:3000.0 K    P_min:0.0001 atm    P_max:10.0 atm
[[-26.14060828715871, -1.1647499873492466, 0.06477325340968178, 7.711893341486233, 1.3097393069470453, 0.012724121951468754, 1.217760007152193, 0.2827311642883046, -0.17168886505855935, 0.5513719504033139, -0.49680618120570536, 0.055135511073360566, 0.21171073591416947, -0.15875269450689805, 0.10775497849506534, -0.010261088573625744, 0.24087216567150502, -0.04187677570196774, -0.011625311062368405, 0.1364471035262161, -0.07889744927926831, 0.09756941106617924, -0.14346649323650962, 0.03390146266968681, 0.04784163027767281, -0.09207144656831995, 0.04938638805973474, -0.06672847521092377, 0.0914400033163465, -0.025742556774433885, -0.030100220295252302, 0.04349270065022005, -0.024856410079111116, 0.02249304008817081, -0.03374862018060955, 0.01053086345496281, 0.03540257759479653, -0.047228476382227685, 0.020668330069566476, -0.023006311789162088, 0.037417081680305615, -0.012206508274727234, -0.006692172230459299, 0.012242232458231294, -0.007150590291448089]]
P3->P5
T_min:200.0 K    T_max:3000.0 K    P_min:0.0001 atm    P_max:10.0 atm
[[-26.038754765619903, 0.0032206138100301374, -0.002489476476415312, 12.076647384679553, -0.004304722915166678, 0.0033151902530732928, 0.030015409873035713, 0.00119836412226049, -0.0009365054452413773, 0.0446963394239967, 0.00023939068925560227, -0.0001900757235134903, 0.04847127986007331, -1.5383105841626206e-06, -5.1223334002927914e-06, 0.03525246010713302, -2.370122149255054e-06, -2.3694236417946078e-06, 0.02074519244605727, 2.2279120592470494e-07, -3.508033529312787e-06, 0.010571863301158614, -2.6140707828420026e-06, -6.810725822685424e-07, 0.004859865442413717, 1.6214462318178026e-06, -1.5769520304772795e-06, 0.001879245727126334, -1.0522729733064914e-05, 6.294211911578178e-06, 0.000787864697771651, 7.586968321561215e-07, 5.005891817418823e-07, 0.00017331399958339858, -5.633059512327527e-06, 4.353527132746559e-06, 0.00017058954518063484, 1.9288624731418725e-06, -7.614295738964673e-07, 5.490845371971308e-06, -6.364810525039377e-07, 1.2588023379593936e-06, 9.713652157164602e-05, 3.744568226323247e-06, -2.3834382147394134e-06]]
W3->P5
T_min:200.0 K    T_max:3000.0 K    P_min:0.0001 atm    P_max:10.0 atm
[[-5.6950945718998645, 3.2738114543631243, 1.0286423058185397, 13.63743548051605, -0.9545764092404639, -0.8890772594231546, -0.7796741885930737, 1.1952916406644294, -0.4194667614250827, 0.1621461250081496, 0.11972725176186531, -0.07226388460297689, 0.46070827402015124, -0.28570587699283717, 0.04503884788187768, 0.16414124326027968, 0.006960388076504756, -0.030662181359938433, 0.06510510531969003, -0.006329906001111953, -0.02587935936430464, 0.10144419157591764, -0.1492883120363273, 0.019869924470709257, 0.029314238225993123, -0.08415049946928416, 0.0014229459690973272, -0.00013135921952612864, -0.06667367325314791, -0.0014960562743422073, 0.033760471124042506, -0.10741123256229265, 0.04398152881124054, -0.050324322775850125, 0.007489271540319099, 0.0010842495250016888, 0.005776944578851177, -0.04157912797925335, 0.03851305123145656, -0.025244752283725965, 0.006342239069121037, 0.004011167772717237, 0.027538298485617264, -0.03945554549068214, 0.028646860377889067]]
P1->P4
T_min:200.0 K    T_max:3000.0 K    P_min:0.0001 atm    P_max:10.0 atm
[[-16.203445931687472, 0.05969285823276041, -0.14241180946343837, 0.7082252381187417, -0.0702777306701671, 0.19930739445770776, 0.4571502850974665, -0.004191489214732063, -0.05000720122100852, 0.1510095350895656, 0.02167218644261518, -0.019433957240677462, 0.1018006086281396, -0.002360000554979971, 0.009672034130954063, 0.10680466078027194, -0.0049335579049473305, 0.004702739726345377, 0.07742902784489454, -0.0005275755081339707, -0.0014823298604272805, 0.03693349425119507, 0.0007398911371727029, -0.0010219559374288532, 0.009232461770913825, 0.0001806373433945872, 0.0004029902163734057, -0.004919029461646479, -0.00036731342906375146, 0.0005125073628758718, -0.005887255826468878, -7.490026739240666e-05, -6.936270192689098e-05, -0.0074500187756670845, -7.502033231365677e-05, 4.003941873953975e-06, -0.0021023708423697943, 0.00031518382153496014, -0.00016888752058761457, -0.0024512895831346622, 5.1367161866968625e-05, 2.242287394177676e-05, 0.001509299557769499, 0.00024668688984342017, -0.0001900871417946498]]
P4->P5
T_min:200.0 K    T_max:3000.0 K    P_min:0.0001 atm    P_max:10.0 atm
[[-34.00846775996158, 0.0036872767218332214, -0.0028506654777188697, 19.582073515157113, -0.004989900393011521, 0.003857954942961801, 0.1629659886198583, 0.0012123126935887378, -0.0009384821523438668, 0.12027204114516815, 0.0002091295823933341, -0.00016261107862451248, 0.08666390329782886, -2.25697438042847e-05, 1.7797573488859705e-05, 0.05220852855798518, -2.445786902761065e-05, 1.83587462170283e-05, 0.0271528073551095, -1.2525731064215447e-05, 8.668175689143993e-06, 0.012613214232808602, -2.8519916934714e-06, 1.909429753476412e-06, 0.0054565965134927945, -2.8889702588536352e-06, 1.1488246424913352e-06, 0.002080610866940848, -1.8013713385519201e-06, 1.2329724896966399e-06, 0.001031989377491389, -3.3738876686179306e-06, 1.8837598026410713e-06, 0.0003371163998494112, -1.9142274457679757e-06, 1.5466914965654877e-06, 0.0003907845589639451, -4.1425851005182915e-06, 2.789765931594901e-06, 8.106089764881858e-05, 2.875703332804214e-07, 8.590720029194386e-08, 0.0001994613392800666, -3.2067323634467984e-06, 2.027355717486424e-06]]
P5->W3
T_min:200.0 K    T_max:3000.0 K    P_min:0.0001 atm    P_max:10.0 atm
[[-18.569485859937963, 3.2754970588295604, 1.0282812691042433, 1.6738913009411993, -0.9519182148104153, -0.8895899166322345, -0.48383482508430564, 1.1982553956286666, -0.4201167794856523, 0.3246691758658596, 0.1217932792075346, -0.07267047230718716, 0.5299034770337215, -0.2836627955244169, 0.04459917063102228, 0.19174732556371943, 0.008235270611140195, -0.030902389733534725, 0.07582452688723196, -0.005330142400026826, -0.02608480253611734, 0.105826769072255, -0.14871374334652837, 0.019755189002398452, 0.03137629829443382, -0.08398224836293895, 0.0014060976688404323, 0.0007602533814155044, -0.0664873893861182, -0.0015357236422453818, 0.034560034857987615, -0.10770128540399872, 0.044081277031245786, -0.05006751533704597, 0.007497786220042982, 0.0010788168063221163, 0.006339043125992736, -0.04205410632558206, 0.038657656697280156, -0.0251612506695824, 0.0063050604992905416, 0.0040155603281369886, 0.02789414458113657, -0.039826725554449875, 0.02876310593675546]]
W3->P4
T_min:200.0 K    T_max:3000.0 K    P_min:0.0001 atm    P_max:10.0 atm
[[1.050646101411324, 0.5417728288013861, 0.09723815489267092, 3.45562041049226, 0.9981670636005846, 0.08550956828164624, 0.03336034136273165, 0.7804710207736293, -0.16846709097375817, -0.14335422742137802, 0.417924447369077, -0.21785006086610667, 0.21169925511630583, 0.07040054826891363, -0.13110179805157873, 0.27885895365366403, -0.16272386621936624, 0.005862018335925612, 0.16373040319716872, -0.23392635135006656, 0.058281729381844415, 0.08713300904964076, -0.21950733733209415, 0.06777962565364148, 0.0566206127260624, -0.174344529948079, 0.06074875350273858, 0.02210352726310706, -0.10769426894310101, 0.0333214575805642, 0.012038097285433619, -0.047641724735131896, 0.028856805941178735, -0.023366170918737876, 0.013065072633611827, -0.0006135640582144079, -0.010956974471467606, 0.027636500268036945, 0.010388575144809429, -0.02230594347788176, 0.03198549995897822, -0.00727927519659569, 0.00571650196218854, 0.006741597954005192, 0.010927907383245727]]
W3->P1
T_min:200.0 K    T_max:3000.0 K    P_min:0.0001 atm    P_max:10.0 atm
[[2.765893801263464, 2.3525452861951615, -0.26069985990205863, 6.188664907559574, -0.25330821637718687, 0.15647024642127216, -0.3123395356730557, -0.3018193111715525, 0.0005188675494732644, 0.09980947659034467, -0.13586599223986648, -0.015549755389079227, 0.16958933316572014, -0.08742628701023414, -0.015102777840562036, 0.08142454449302648, -0.056164434663943254, 0.014648883076093983, 0.003518160684134745, -0.052506131278982585, 0.02174772281373556, -0.03702598355278276, -0.046714814907810445, 0.026425374667589024, -0.03192519694802467, -0.04198809514776998, 0.026453117964410522, 0.010735855647364007, -0.052327086447305056, 0.013452029080158, 0.02393255519581985, -0.04201693065862543, 0.02245379629650105, 0.04632098790193393, -0.04830712758819401, 0.00946548695659351, 0.018311459273824573, -0.01894782781327754, 0.02293722729593588, 0.020454012164591674, -0.016758690267609587, 0.005184953761316654, -0.007084155166111883, 0.006901006395463862, 0.013392008918071303]]
W3->P3
T_min:200.0 K    T_max:3000.0 K    P_min:0.0001 atm    P_max:10.0 atm
[[0.18503102759049156, 0.6630050900685771, 0.02695005942821943, 4.08519417578728, 1.093457399618006, 0.10177789043911277, -0.41193595530088006, 0.7651886497836381, -0.10699572597734218, 0.04685102706197811, 0.45980852061046085, -0.2514743124054097, 0.44505230794736933, -0.12202842611132149, -0.13275882399149191, 0.3878143353908174, -0.361458389229177, 0.03065332797225144, 0.2343467860512729, -0.40531622365649, 0.1411077508056989, 0.03567877802397698, -0.18183523697134557, 0.1098833791222248, -0.09700837817958978, 0.05006625627141824, 0.015843172380859315, -0.04990632854496547, 0.016757643489781895, -0.013721841933911063, -0.042497440274717, 0.04641718107958248, -0.025443889348799213, 0.08938076298116633, -0.14135252309184532, 0.04125081048862511, 0.01423539191907107, -0.003922387135026532, 0.02238818072982769, 0.06038353110223367, -0.08417275044663314, 0.04067270471695435, -0.04561960525538382, 0.08112266231250141, -0.012273565461601842]]
P1->P3
T_min:200.0 K    T_max:3000.0 K    P_min:0.0001 atm    P_max:10.0 atm
[[-15.056624746109387, -0.09798852297844388, 0.11134173663019646, 0.5245305975555353, 0.14615796531698733, -0.17834441757472436, 1.080481144959269, -0.043018592299677035, 0.08210782655952661, 0.18929929644773666, -0.028530442924256973, -0.004569417762459558, 0.058228350958919206, 0.03594014192739432, -0.01987821502964928, 0.05502037398019434, -0.0129591789372776, 0.010711867678012557, 0.021247082800090064, -0.001620568268602146, 6.942281632481913e-05, 0.008080723867716355, 0.0028433345109411916, -0.0021698391991087436, 0.004821251284260382, -0.001398438344022641, 0.0009451665169301559, 0.0015788810001796062, 0.0005392645981616752, -0.00010161406365470022, 0.0010203578245211718, 0.0005014261461017563, -0.0003091495253820523, 0.0010822369065283698, -0.0005526046099642839, 0.00033695858380367055, 0.0008125634735701486, -0.0005472076330943818, -4.4332558610731167e-05, -0.0004061629445032563, 0.0010988260485830608, -0.00018172610440647503, 0.0005459088543241629, -0.0006004371233475433, 0.00018954252544036178]]
P1->W3
T_min:200.0 K    T_max:3000.0 K    P_min:0.0001 atm    P_max:10.0 atm
[[-14.725953154121173, 2.3542338023033675, -0.26106238755818084, -1.2028255071916516, -0.25065191127318354, 0.15595883620577636, 0.13000269044616433, -0.2988543002609204, -0.00013186764371386962, 0.28803147015021674, -0.13379819284625055, -0.01595696766383455, 0.24121693815597964, -0.08538903243568555, -0.015539611793810993, 0.1084690959552945, -0.05488591352911945, 0.014406845564299605, 0.013843575812289987, -0.05150836791688689, 0.02154350327456343, -0.03277923684796038, -0.04613982505897668, 0.02631040484055647, -0.029896986243543856, -0.04181830154266119, 0.026435761360568622, 0.01162650497381342, -0.052144219917884496, 0.013414042395453983, 0.02473338047409983, -0.04230438919546846, 0.022552715715824467, 0.046583970619150684, -0.048304218073034894, 0.009462259925705443, 0.01887311377451142, -0.01941942552802986, 0.02308045576865397, 0.020541788851686754, -0.016801472277630215, 0.005191873790533238, -0.006730924661416917, 0.006533988684761459, 0.013506357000366514]]
P4->W3
T_min:200.0 K    T_max:3000.0 K    P_min:0.0001 atm    P_max:10.0 atm
[[-32.273743672421816, 0.5434596108773198, 0.09687654783321462, 11.22332899906853, 1.0008248157000383, 0.08499715306266886, 0.44085510225730873, 0.7834374567511345, -0.16911853807723107, 0.03813159501489883, 0.41998930426093123, -0.21825594498153866, 0.2842768494593075, 0.07244050485101997, -0.13154017424068895, 0.30728048538685665, -0.1614449940968577, 0.005620064001268859, 0.1747519888933344, -0.2329274946975876, 0.05807653020975496, 0.09164465161851161, -0.21892968046864877, 0.06766351602411037, 0.058735607939539955, -0.174180509656624, 0.06073405784079102, 0.02300429195501948, -0.10750369650766378, 0.03327979944464662, 0.012838163728520785, -0.04793492152334622, 0.028958462879167573, -0.023114208373879855, 0.01307438605165788, -0.0006199222908949093, -0.010397647567150413, 0.027161502676591176, 0.010533657355098371, -0.02222127056558944, 0.031944642525950265, -0.007273376699704783, 0.006070217818010193, 0.006372812961671561, 0.011043247022012814]]
P3->W3
T_min:200.0 K    T_max:3000.0 K    P_min:0.0001 atm    P_max:10.0 atm
[[-24.64072422166345, 0.6646899795946757, 0.026589016144981072, 4.542330849688432, 1.0961138182167598, 0.10126676136864952, -0.03106100038458142, 0.768151876344045, -0.10764582099761333, 0.20834277730620768, 0.4618724949047454, -0.25187958862226056, 0.505267788134542, -0.11998526854130442, -0.13319865168045322, 0.40948746497126315, -0.3601817411692991, 0.03041236816795482, 0.2419906124687308, -0.40431929720742, 0.14090378262961534, 0.038532190362642084, -0.18125624522778375, 0.10976657673808289, -0.09572258747303233, 0.05022763932995775, 0.0158298787110085, -0.04941337674025044, 0.016943666932556035, -0.013761597350599354, -0.041929591228628, 0.04612566422818735, -0.02534305281882561, 0.0895352837252582, -0.14135017343939568, 0.04124787541200645, 0.014714120126789859, -0.004392166162434129, 0.022530602252644562, 0.06045109706266474, -0.08421751059510134, 0.040680534940454684, -0.04529559701356612, 0.0807553936584438, -0.012158876915094922]]
P1->P5
T_min:200.0 K    T_max:3000.0 K    P_min:0.0001 atm    P_max:10.0 atm
[[-15.132760590339451, -0.002275423591697967, 0.0017906043101204923, 3.6286664616978603, 0.0018922489760409573, -0.001461735602714016, -0.2043763424287594, 0.0018827891690620128, -0.0014465925996787496, -0.08352741796164946, 0.0005700534319049014, -0.00044503635069006905, -0.016337988048197954, 0.0003770396390834247, -0.0003020823207765517, 0.006603079699013476, 0.0001433453029089809, -0.00013650364483789863, 0.010244311876214962, 0.00017683433591318126, -0.0001705419525082363, 0.007833326068308702, 0.00011932730921118165, -0.00013444500047883243, 0.004851904552002736, 2.0697149685352592e-05, -6.444597691811126e-05, 0.002503406369792462, 7.315496811787025e-05, -0.00010298541197050822, 0.0011958707216737253, -0.00013290108259670196, 5.432304024293592e-05, 0.00043684550656161296, 9.998632823160908e-06, -4.3354219532530194e-05, 0.0001235880489355874, -0.00020553165677122641, 0.0001273382948612331, 2.5966665142500843e-05, -6.63101476918888e-06, -9.84700366531652e-06, -2.0400274524904915e-05, -0.00016394033046586448, 0.00011568090354045058]]
